county,precinct,office,district,party,candidate,election_day,mail,early_voting,votes
Aransas,1,President,,REP,Zoltan G. Istvan,0,0,1,1
Aransas,1,President,,REP,Joe Walsh,0,0,3,3
Aransas,1,President,,REP,Bill Weld,1,0,1,2
Aransas,1,President,,REP,Bob Ely,0,0,0,0
Aransas,1,President,,REP,"Roque ""Rocky"" De La Fuente Guerra",0,0,0,0
Aransas,1,President,,REP,Matthew John Matern,0,0,1,1
Aransas,1,President,,REP,Donald J. Trump,210,25,248,483
Aransas,1,President,,REP,Uncommitted,15,3,15,33
Aransas,1,President,,REP,Ballots Cast,226,28,269,523
Aransas,1,President,,REP,Under Votes,1,0,1,2
Aransas,1,President,,REP,Over Votes,0,0,0,0
Aransas,1,U.S. Senate,,REP,John Cornyn,149,19,215,383
Aransas,1,U.S. Senate,,REP,Mark Yancey,23,3,7,33
Aransas,1,U.S. Senate,,REP,John Anthony Castro,13,1,8,22
Aransas,1,U.S. Senate,,REP,Dwayne Stovall,22,0,23,45
Aransas,1,U.S. Senate,,REP,Virgil Bierschwale,0,0,5,5
Aransas,1,U.S. Senate,,REP,Ballots Cast,207,23,258,488
Aransas,1,U.S. Senate,,REP,Under Votes,20,5,12,37
Aransas,1,U.S. Senate,,REP,Over Votes,0,0,0,0
Aransas,1,U.S. House,27,REP,Michael Cloud,204,21,259,484
Aransas,1,U.S. House,27,REP,Ballots Cast,204,21,259,484
Aransas,1,U.S. House,27,REP,Under Votes,23,7,11,41
Aransas,1,U.S. House,27,REP,Over Votes,0,0,0,0
Aransas,1,Railroad Commissioner,,REP,Ryan Sitton,62,10,91,163
Aransas,1,Railroad Commissioner,,REP,"James ""Jim"" Wright",138,11,144,293
Aransas,1,Railroad Commissioner,,REP,Ballots Cast,200,21,235,456
Aransas,1,Railroad Commissioner,,REP,Under Votes,27,7,35,69
Aransas,1,Railroad Commissioner,,REP,Over Votes,0,0,0,0
Aransas,1,"Chief Justice, Supreme Court",,REP,Nathan Hecht,195,19,234,448
Aransas,1,"Chief Justice, Supreme Court",,REP,Ballots Cast,195,19,234,448
Aransas,1,"Chief Justice, Supreme Court",,REP,Under Votes,32,9,36,77
Aransas,1,"Chief Justice, Supreme Court",,REP,Over Votes,0,0,0,0
Aransas,1,"Justice, Supreme Court, Place 6",,REP,Jane Bland,191,19,230,440
Aransas,1,"Justice, Supreme Court, Place 6",,REP,Ballots Cast,191,19,230,440
Aransas,1,"Justice, Supreme Court, Place 6",,REP,Under Votes,36,9,40,85
Aransas,1,"Justice, Supreme Court, Place 6",,REP,Over Votes,0,0,0,0
Aransas,1,"Justice, Supreme Court, Place 7",,REP,Jeff Boyd,189,19,229,437
Aransas,1,"Justice, Supreme Court, Place 7",,REP,Ballots Cast,189,19,229,437
Aransas,1,"Justice, Supreme Court, Place 7",,REP,Under Votes,38,9,41,88
Aransas,1,"Justice, Supreme Court, Place 7",,REP,Over Votes,0,0,0,0
Aransas,1,"Justice, Supreme Court, Place 8",,REP,Brett Busby,192,19,227,438
Aransas,1,"Justice, Supreme Court, Place 8",,REP,Ballots Cast,192,19,227,438
Aransas,1,"Justice, Supreme Court, Place 8",,REP,Under Votes,35,9,43,87
Aransas,1,"Justice, Supreme Court, Place 8",,REP,Over Votes,0,0,0,0
Aransas,1,"Judge, Court of Criminal Appeals, Place 3",,REP,Gina Parker,99,4,129,232
Aransas,1,"Judge, Court of Criminal Appeals, Place 3",,REP,Bert Richardson,97,13,97,207
Aransas,1,"Judge, Court of Criminal Appeals, Place 3",,REP,Ballots Cast,196,17,226,439
Aransas,1,"Judge, Court of Criminal Appeals, Place 3",,REP,Under Votes,31,11,44,86
Aransas,1,"Judge, Court of Criminal Appeals, Place 3",,REP,Over Votes,0,0,0,0
Aransas,1,"Judge, Court of Criminal Appeals, Place 4",,REP,Kevin Patrick Yeary,189,19,226,434
Aransas,1,"Judge, Court of Criminal Appeals, Place 4",,REP,Ballots Cast,189,19,226,434
Aransas,1,"Judge, Court of Criminal Appeals, Place 4",,REP,Under Votes,38,9,44,91
Aransas,1,"Judge, Court of Criminal Appeals, Place 4",,REP,Over Votes,0,0,0,0
Aransas,1,"Judge, Court of Criminal Appeals, Place 9",,REP,David Newell,189,19,228,436
Aransas,1,"Judge, Court of Criminal Appeals, Place 9",,REP,Ballots Cast,189,19,228,436
Aransas,1,"Judge, Court of Criminal Appeals, Place 9",,REP,Under Votes,38,9,42,89
Aransas,1,"Judge, Court of Criminal Appeals, Place 9",,REP,Over Votes,0,0,0,0
Aransas,1,State Senate,18,REP,Lois W. Kolkhorst,193,19,228,440
Aransas,1,State Senate,18,REP,Ballots Cast,193,19,228,440
Aransas,1,State Senate,18,REP,Under Votes,34,9,42,85
Aransas,1,State Senate,18,REP,Over Votes,0,0,0,0
Aransas,1,State Representative,30,REP,Vanessa Hicks-Callaway,62,7,76,145
Aransas,1,State Representative,30,REP,Geanie W. Morrison,142,16,173,331
Aransas,1,State Representative,30,REP,Ballots Cast,204,23,249,476
Aransas,1,State Representative,30,REP,Under Votes,23,5,21,49
Aransas,1,State Representative,30,REP,Over Votes,0,0,0,0
Aransas,1,"Justice, 13th Court of Appeals District, Place 4",,REP,Jaime Tijerina,188,19,215,422
Aransas,1,"Justice, 13th Court of Appeals District, Place 4",,REP,Ballots Cast,188,19,215,422
Aransas,1,"Justice, 13th Court of Appeals District, Place 4",,REP,Under Votes,39,9,55,103
Aransas,1,"Justice, 13th Court of Appeals District, Place 4",,REP,Over Votes,0,0,0,0
Aransas,1,"Justice, 13th Court of Appeals District, Place 6",,REP,Clarissa Silva,185,18,218,421
Aransas,1,"Justice, 13th Court of Appeals District, Place 6",,REP,Ballots Cast,185,18,218,421
Aransas,1,"Justice, 13th Court of Appeals District, Place 6",,REP,Under Votes,42,10,52,104
Aransas,1,"Justice, 13th Court of Appeals District, Place 6",,REP,Over Votes,0,0,0,0
Aransas,1,"District Judge, 343rd Judicial District",,REP,Janna K. Whatley,191,21,224,436
Aransas,1,"District Judge, 343rd Judicial District",,REP,Ballots Cast,191,21,224,436
Aransas,1,"District Judge, 343rd Judicial District",,REP,Under Votes,36,7,46,89
Aransas,1,"District Judge, 343rd Judicial District",,REP,Over Votes,0,0,0,0
Aransas,1,County Attorney,,REP,Amanda Oster,148,11,195,354
Aransas,1,County Attorney,,REP,Kristen Barnebey,66,13,68,147
Aransas,1,County Attorney,,REP,Ballots Cast,214,24,263,501
Aransas,1,County Attorney,,REP,Under Votes,13,4,7,24
Aransas,1,County Attorney,,REP,Over Votes,0,0,0,0
Aransas,1,Sheriff,,REP,Bill Mills,198,23,240,461
Aransas,1,Sheriff,,REP,Ballots Cast,198,23,240,461
Aransas,1,Sheriff,,REP,Under Votes,29,5,30,64
Aransas,1,Sheriff,,REP,Over Votes,0,0,0,0
Aransas,1,County Tax Assessor-Collector,,REP,Jeffery Hutt,116,8,97,221
Aransas,1,County Tax Assessor-Collector,,REP,Anna Marshall,98,13,160,271
Aransas,1,County Tax Assessor-Collector,,REP,Ballots Cast,214,21,257,492
Aransas,1,County Tax Assessor-Collector,,REP,Under Votes,13,7,13,33
Aransas,1,County Tax Assessor-Collector,,REP,Over Votes,0,0,0,0
Aransas,1,"County Commissioner, Precinct 1",,REP,Melissa Esquivel,73,8,99,180
Aransas,1,"County Commissioner, Precinct 1",,REP,Jack Chaney,135,15,156,306
Aransas,1,"County Commissioner, Precinct 1",,REP,Ballots Cast,208,23,255,486
Aransas,1,"County Commissioner, Precinct 1",,REP,Under Votes,19,5,15,39
Aransas,1,"County Commissioner, Precinct 1",,REP,Over Votes,0,0,0,0
Aransas,1,"Constable, Precinct No. 1",,REP,Doc Thomas,198,21,233,452
Aransas,1,"Constable, Precinct No. 1",,REP,Ballots Cast,198,21,233,452
Aransas,1,"Constable, Precinct No. 1",,REP,Under Votes,29,7,37,73
Aransas,1,"Constable, Precinct No. 1",,REP,Over Votes,0,0,0,0
Aransas,1,County Chairman,,REP,Ric Young,189,20,222,431
Aransas,1,County Chairman,,REP,Ballots Cast,189,20,222,431
Aransas,1,County Chairman,,REP,Under Votes,38,8,48,94
Aransas,1,County Chairman,,REP,Over Votes,0,0,0,0
Aransas,1,Proposition 1,,REP,Yes,193,22,235,450
Aransas,1,Proposition 1,,REP,No,28,5,32,65
Aransas,1,Proposition 1,,REP,Ballots Cast,221,27,267,515
Aransas,1,Proposition 1,,REP,Under Votes,6,1,3,10
Aransas,1,Proposition 1,,REP,Over Votes,0,0,0,0
Aransas,1,Proposition 2,,REP,Yes,179,21,233,433
Aransas,1,Proposition 2,,REP,No,42,5,33,80
Aransas,1,Proposition 2,,REP,Ballots Cast,221,26,266,513
Aransas,1,Proposition 2,,REP,Under Votes,6,1,4,11
Aransas,1,Proposition 2,,REP,Over Votes,0,1,0,1
Aransas,1,Proposition 3,,REP,Yes,211,26,254,491
Aransas,1,Proposition 3,,REP,No,10,2,8,20
Aransas,1,Proposition 3,,REP,Ballots Cast,221,28,262,511
Aransas,1,Proposition 3,,REP,Under Votes,6,0,8,14
Aransas,1,Proposition 3,,REP,Over Votes,0,0,0,0
Aransas,1,Proposition 4,,REP,Yes,205,25,249,479
Aransas,1,Proposition 4,,REP,No,17,2,12,31
Aransas,1,Proposition 4,,REP,Ballots Cast,222,27,261,510
Aransas,1,Proposition 4,,REP,Under Votes,5,1,9,15
Aransas,1,Proposition 4,,REP,Over Votes,0,0,0,0
Aransas,1,Proposition 5,,REP,Yes,192,20,239,451
Aransas,1,Proposition 5,,REP,No,25,5,25,55
Aransas,1,Proposition 5,,REP,Ballots Cast,217,25,264,506
Aransas,1,Proposition 5,,REP,Under Votes,10,3,6,19
Aransas,1,Proposition 5,,REP,Over Votes,0,0,0,0
Aransas,1,Proposition 6,,REP,Yes,205,26,248,479
Aransas,1,Proposition 6,,REP,No,15,1,10,26
Aransas,1,Proposition 6,,REP,Ballots Cast,220,27,258,505
Aransas,1,Proposition 6,,REP,Under Votes,7,1,12,20
Aransas,1,Proposition 6,,REP,Over Votes,0,0,0,0
Aransas,1,Proposition 7,,REP,Yes,216,26,261,503
Aransas,1,Proposition 7,,REP,No,8,1,1,10
Aransas,1,Proposition 7,,REP,Ballots Cast,224,27,262,513
Aransas,1,Proposition 7,,REP,Under Votes,3,1,8,12
Aransas,1,Proposition 7,,REP,Over Votes,0,0,0,0
Aransas,1,Proposition 8,,REP,Yes,216,28,261,505
Aransas,1,Proposition 8,,REP,No,5,0,0,5
Aransas,1,Proposition 8,,REP,Ballots Cast,221,28,261,510
Aransas,1,Proposition 8,,REP,Under Votes,6,0,9,15
Aransas,1,Proposition 8,,REP,Over Votes,0,0,0,0
Aransas,1,Proposition 9,,REP,Yes,207,27,252,486
Aransas,1,Proposition 9,,REP,No,11,0,9,20
Aransas,1,Proposition 9,,REP,Ballots Cast,218,27,261,506
Aransas,1,Proposition 9,,REP,Under Votes,9,1,9,19
Aransas,1,Proposition 9,,REP,Over Votes,0,0,0,0
Aransas,1,Proposition 10,,REP,Yes,203,26,248,477
Aransas,1,Proposition 10,,REP,No,11,1,13,25
Aransas,1,Proposition 10,,REP,Ballots Cast,214,27,261,502
Aransas,1,Proposition 10,,REP,Under Votes,13,1,9,23
Aransas,1,Proposition 10,,REP,Over Votes,0,0,0,0
Aransas,1A,President,,REP,Zoltan G. Istvan,0,0,0,0
Aransas,1A,President,,REP,Joe Walsh,0,0,0,0
Aransas,1A,President,,REP,Bill Weld,0,1,1,2
Aransas,1A,President,,REP,Bob Ely,0,0,0,0
Aransas,1A,President,,REP,"Roque ""Rocky"" De La Fuente Guerra",0,0,0,0
Aransas,1A,President,,REP,Matthew John Matern,0,0,0,0
Aransas,1A,President,,REP,Donald J. Trump,126,10,121,257
Aransas,1A,President,,REP,Uncommitted,1,0,1,2
Aransas,1A,President,,REP,Ballots Cast,127,11,123,261
Aransas,1A,President,,REP,Under Votes,1,0,0,1
Aransas,1A,President,,REP,Over Votes,0,0,0,0
Aransas,1A,U.S. Senate,,REP,John Cornyn,75,10,84,169
Aransas,1A,U.S. Senate,,REP,Mark Yancey,17,0,5,22
Aransas,1A,U.S. Senate,,REP,John Anthony Castro,1,0,3,4
Aransas,1A,U.S. Senate,,REP,Dwayne Stovall,20,0,15,35
Aransas,1A,U.S. Senate,,REP,Virgil Bierschwale,2,1,1,4
Aransas,1A,U.S. Senate,,REP,Ballots Cast,115,11,108,234
Aransas,1A,U.S. Senate,,REP,Under Votes,13,0,15,28
Aransas,1A,U.S. Senate,,REP,Over Votes,0,0,0,0
Aransas,1A,U.S. House,27,REP,Michael Cloud,100,11,109,220
Aransas,1A,U.S. House,27,REP,Ballots Cast,100,11,109,220
Aransas,1A,U.S. House,27,REP,Under Votes,28,0,14,42
Aransas,1A,U.S. House,27,REP,Over Votes,0,0,0,0
Aransas,1A,Railroad Commissioner,,REP,Ryan Sitton,43,4,46,93
Aransas,1A,Railroad Commissioner,,REP,"James ""Jim"" Wright",65,7,52,124
Aransas,1A,Railroad Commissioner,,REP,Ballots Cast,108,11,98,217
Aransas,1A,Railroad Commissioner,,REP,Under Votes,20,0,25,45
Aransas,1A,Railroad Commissioner,,REP,Over Votes,0,0,0,0
Aransas,1A,"Chief Justice, Supreme Court",,REP,Nathan Hecht,100,11,100,211
Aransas,1A,"Chief Justice, Supreme Court",,REP,Ballots Cast,100,11,100,211
Aransas,1A,"Chief Justice, Supreme Court",,REP,Under Votes,28,0,23,51
Aransas,1A,"Chief Justice, Supreme Court",,REP,Over Votes,0,0,0,0
Aransas,1A,"Justice, Supreme Court, Place 6",,REP,Jane Bland,101,11,99,211
Aransas,1A,"Justice, Supreme Court, Place 6",,REP,Ballots Cast,101,11,99,211
Aransas,1A,"Justice, Supreme Court, Place 6",,REP,Under Votes,27,0,24,51
Aransas,1A,"Justice, Supreme Court, Place 6",,REP,Over Votes,0,0,0,0
Aransas,1A,"Justice, Supreme Court, Place 7",,REP,Jeff Boyd,96,11,99,206
Aransas,1A,"Justice, Supreme Court, Place 7",,REP,Ballots Cast,96,11,99,206
Aransas,1A,"Justice, Supreme Court, Place 7",,REP,Under Votes,32,0,24,56
Aransas,1A,"Justice, Supreme Court, Place 7",,REP,Over Votes,0,0,0,0
Aransas,1A,"Justice, Supreme Court, Place 8",,REP,Brett Busby,97,11,99,207
Aransas,1A,"Justice, Supreme Court, Place 8",,REP,Ballots Cast,97,11,99,207
Aransas,1A,"Justice, Supreme Court, Place 8",,REP,Under Votes,31,0,24,55
Aransas,1A,"Justice, Supreme Court, Place 8",,REP,Over Votes,0,0,0,0
Aransas,1A,"Judge, Court of Criminal Appeals, Place 3",,REP,Gina Parker,53,2,67,122
Aransas,1A,"Judge, Court of Criminal Appeals, Place 3",,REP,Bert Richardson,48,9,30,87
Aransas,1A,"Judge, Court of Criminal Appeals, Place 3",,REP,Ballots Cast,101,11,97,209
Aransas,1A,"Judge, Court of Criminal Appeals, Place 3",,REP,Under Votes,27,0,26,53
Aransas,1A,"Judge, Court of Criminal Appeals, Place 3",,REP,Over Votes,0,0,0,0
Aransas,1A,"Judge, Court of Criminal Appeals, Place 4",,REP,Kevin Patrick Yeary,98,11,98,207
Aransas,1A,"Judge, Court of Criminal Appeals, Place 4",,REP,Ballots Cast,98,11,98,207
Aransas,1A,"Judge, Court of Criminal Appeals, Place 4",,REP,Under Votes,30,0,25,55
Aransas,1A,"Judge, Court of Criminal Appeals, Place 4",,REP,Over Votes,0,0,0,0
Aransas,1A,"Judge, Court of Criminal Appeals, Place 9",,REP,David Newell,97,11,99,207
Aransas,1A,"Judge, Court of Criminal Appeals, Place 9",,REP,Ballots Cast,97,11,99,207
Aransas,1A,"Judge, Court of Criminal Appeals, Place 9",,REP,Under Votes,31,0,24,55
Aransas,1A,"Judge, Court of Criminal Appeals, Place 9",,REP,Over Votes,0,0,0,0
Aransas,1A,State Senate,18,REP,Lois W. Kolkhorst,99,11,101,211
Aransas,1A,State Senate,18,REP,Ballots Cast,99,11,101,211
Aransas,1A,State Senate,18,REP,Under Votes,29,0,22,51
Aransas,1A,State Senate,18,REP,Over Votes,0,0,0,0
Aransas,1A,State Representative,30,REP,Vanessa Hicks-Callaway,38,1,45,84
Aransas,1A,State Representative,30,REP,Geanie W. Morrison,64,10,57,131
Aransas,1A,State Representative,30,REP,Ballots Cast,102,11,102,215
Aransas,1A,State Representative,30,REP,Under Votes,26,0,21,47
Aransas,1A,State Representative,30,REP,Over Votes,0,0,0,0
Aransas,1A,"Justice, 13th Court of Appeals District, Place 4",,REP,Jaime Tijerina,94,11,95,200
Aransas,1A,"Justice, 13th Court of Appeals District, Place 4",,REP,Ballots Cast,94,11,95,200
Aransas,1A,"Justice, 13th Court of Appeals District, Place 4",,REP,Under Votes,34,0,28,62
Aransas,1A,"Justice, 13th Court of Appeals District, Place 4",,REP,Over Votes,0,0,0,0
Aransas,1A,"Justice, 13th Court of Appeals District, Place 6",,REP,Clarissa Silva,90,11,95,196
Aransas,1A,"Justice, 13th Court of Appeals District, Place 6",,REP,Ballots Cast,90,11,95,196
Aransas,1A,"Justice, 13th Court of Appeals District, Place 6",,REP,Under Votes,38,0,28,66
Aransas,1A,"Justice, 13th Court of Appeals District, Place 6",,REP,Over Votes,0,0,0,0
Aransas,1A,"District Judge, 343rd Judicial District",,REP,Janna K. Whatley,92,11,97,200
Aransas,1A,"District Judge, 343rd Judicial District",,REP,Ballots Cast,92,11,97,200
Aransas,1A,"District Judge, 343rd Judicial District",,REP,Under Votes,36,0,26,62
Aransas,1A,"District Judge, 343rd Judicial District",,REP,Over Votes,0,0,0,0
Aransas,1A,County Attorney,,REP,Amanda Oster,56,2,63,121
Aransas,1A,County Attorney,,REP,Kristen Barnebey,54,9,49,112
Aransas,1A,County Attorney,,REP,Ballots Cast,110,11,112,233
Aransas,1A,County Attorney,,REP,Under Votes,18,0,11,29
Aransas,1A,County Attorney,,REP,Over Votes,0,0,0,0
Aransas,1A,Sheriff,,REP,Bill Mills,101,11,96,208
Aransas,1A,Sheriff,,REP,Ballots Cast,101,11,96,208
Aransas,1A,Sheriff,,REP,Under Votes,27,0,27,54
Aransas,1A,Sheriff,,REP,Over Votes,0,0,0,0
Aransas,1A,County Tax Assessor-Collector,,REP,Jeffery Hutt,66,1,60,127
Aransas,1A,County Tax Assessor-Collector,,REP,Anna Marshall,41,9,48,98
Aransas,1A,County Tax Assessor-Collector,,REP,Ballots Cast,107,10,108,225
Aransas,1A,County Tax Assessor-Collector,,REP,Under Votes,21,1,15,37
Aransas,1A,County Tax Assessor-Collector,,REP,Over Votes,0,0,0,0
Aransas,1A,"County Commissioner, Precinct 1",,REP,Melissa Esquivel,40,5,61,106
Aransas,1A,"County Commissioner, Precinct 1",,REP,Jack Chaney,67,6,54,127
Aransas,1A,"County Commissioner, Precinct 1",,REP,Ballots Cast,107,11,115,233
Aransas,1A,"County Commissioner, Precinct 1",,REP,Under Votes,21,0,8,29
Aransas,1A,"County Commissioner, Precinct 1",,REP,Over Votes,0,0,0,0
Aransas,1A,"Constable, Precinct No. 1",,REP,Doc Thomas,104,10,100,214
Aransas,1A,"Constable, Precinct No. 1",,REP,Ballots Cast,104,10,100,214
Aransas,1A,"Constable, Precinct No. 1",,REP,Under Votes,24,1,23,48
Aransas,1A,"Constable, Precinct No. 1",,REP,Over Votes,0,0,0,0
Aransas,1A,County Chairman,,REP,Ric Young,98,11,94,203
Aransas,1A,County Chairman,,REP,Ballots Cast,98,11,94,203
Aransas,1A,County Chairman,,REP,Under Votes,30,0,29,59
Aransas,1A,County Chairman,,REP,Over Votes,0,0,0,0
Aransas,1A,Proposition 1,,REP,Yes,103,8,106,217
Aransas,1A,Proposition 1,,REP,No,19,3,16,38
Aransas,1A,Proposition 1,,REP,Ballots Cast,122,11,122,255
Aransas,1A,Proposition 1,,REP,Under Votes,6,0,1,7
Aransas,1A,Proposition 1,,REP,Over Votes,0,0,0,0
Aransas,1A,Proposition 2,,REP,Yes,110,8,106,224
Aransas,1A,Proposition 2,,REP,No,13,2,14,29
Aransas,1A,Proposition 2,,REP,Ballots Cast,123,10,120,253
Aransas,1A,Proposition 2,,REP,Under Votes,5,0,3,8
Aransas,1A,Proposition 2,,REP,Over Votes,0,1,0,1
Aransas,1A,Proposition 3,,REP,Yes,113,11,114,238
Aransas,1A,Proposition 3,,REP,No,9,0,6,15
Aransas,1A,Proposition 3,,REP,Ballots Cast,122,11,120,253
Aransas,1A,Proposition 3,,REP,Under Votes,6,0,3,9
Aransas,1A,Proposition 3,,REP,Over Votes,0,0,0,0
Aransas,1A,Proposition 4,,REP,Yes,123,10,120,253
Aransas,1A,Proposition 4,,REP,No,2,1,2,5
Aransas,1A,Proposition 4,,REP,Ballots Cast,125,11,122,258
Aransas,1A,Proposition 4,,REP,Under Votes,3,0,1,4
Aransas,1A,Proposition 4,,REP,Over Votes,0,0,0,0
Aransas,1A,Proposition 5,,REP,Yes,117,10,113,240
Aransas,1A,Proposition 5,,REP,No,6,1,5,12
Aransas,1A,Proposition 5,,REP,Ballots Cast,123,11,118,252
Aransas,1A,Proposition 5,,REP,Under Votes,5,0,5,10
Aransas,1A,Proposition 5,,REP,Over Votes,0,0,0,0
Aransas,1A,Proposition 6,,REP,Yes,114,11,113,238
Aransas,1A,Proposition 6,,REP,No,9,0,8,17
Aransas,1A,Proposition 6,,REP,Ballots Cast,123,11,121,255
Aransas,1A,Proposition 6,,REP,Under Votes,5,0,2,7
Aransas,1A,Proposition 6,,REP,Over Votes,0,0,0,0
Aransas,1A,Proposition 7,,REP,Yes,121,11,118,250
Aransas,1A,Proposition 7,,REP,No,2,0,3,5
Aransas,1A,Proposition 7,,REP,Ballots Cast,123,11,121,255
Aransas,1A,Proposition 7,,REP,Under Votes,5,0,2,7
Aransas,1A,Proposition 7,,REP,Over Votes,0,0,0,0
Aransas,1A,Proposition 8,,REP,Yes,123,11,118,252
Aransas,1A,Proposition 8,,REP,No,2,0,0,2
Aransas,1A,Proposition 8,,REP,Ballots Cast,125,11,118,254
Aransas,1A,Proposition 8,,REP,Under Votes,3,0,5,8
Aransas,1A,Proposition 8,,REP,Over Votes,0,0,0,0
Aransas,1A,Proposition 9,,REP,Yes,112,11,116,239
Aransas,1A,Proposition 9,,REP,No,11,0,6,17
Aransas,1A,Proposition 9,,REP,Ballots Cast,123,11,122,256
Aransas,1A,Proposition 9,,REP,Under Votes,5,0,1,6
Aransas,1A,Proposition 9,,REP,Over Votes,0,0,0,0
Aransas,1A,Proposition 10,,REP,Yes,117,10,110,237
Aransas,1A,Proposition 10,,REP,No,7,1,6,14
Aransas,1A,Proposition 10,,REP,Ballots Cast,124,11,116,251
Aransas,1A,Proposition 10,,REP,Under Votes,4,0,7,11
Aransas,1A,Proposition 10,,REP,Over Votes,0,0,0,0
Aransas,2,President,,REP,Zoltan G. Istvan,0,0,0,0
Aransas,2,President,,REP,Joe Walsh,4,0,5,9
Aransas,2,President,,REP,Bill Weld,1,1,2,4
Aransas,2,President,,REP,Bob Ely,0,0,1,1
Aransas,2,President,,REP,"Roque ""Rocky"" De La Fuente Guerra",1,1,2,4
Aransas,2,President,,REP,Matthew John Matern,0,0,1,1
Aransas,2,President,,REP,Donald J. Trump,201,30,356,587
Aransas,2,President,,REP,Uncommitted,11,4,25,40
Aransas,2,President,,REP,Ballots Cast,218,36,392,646
Aransas,2,President,,REP,Under Votes,2,1,10,13
Aransas,2,President,,REP,Over Votes,0,0,0,0
Aransas,2,U.S. Senate,,REP,John Cornyn,155,30,266,451
Aransas,2,U.S. Senate,,REP,Mark Yancey,11,1,23,35
Aransas,2,U.S. Senate,,REP,John Anthony Castro,15,1,33,49
Aransas,2,U.S. Senate,,REP,Dwayne Stovall,19,4,36,59
Aransas,2,U.S. Senate,,REP,Virgil Bierschwale,2,0,5,7
Aransas,2,U.S. Senate,,REP,Ballots Cast,202,36,363,601
Aransas,2,U.S. Senate,,REP,Under Votes,18,1,39,58
Aransas,2,U.S. Senate,,REP,Over Votes,0,0,0,0
Aransas,2,U.S. House,27,REP,Michael Cloud,197,30,357,584
Aransas,2,U.S. House,27,REP,Ballots Cast,197,30,357,584
Aransas,2,U.S. House,27,REP,Under Votes,23,7,45,75
Aransas,2,U.S. House,27,REP,Over Votes,0,0,0,0
Aransas,2,Railroad Commissioner,,REP,Ryan Sitton,58,14,124,196
Aransas,2,Railroad Commissioner,,REP,"James ""Jim"" Wright",126,16,199,341
Aransas,2,Railroad Commissioner,,REP,Ballots Cast,184,30,323,537
Aransas,2,Railroad Commissioner,,REP,Under Votes,36,6,79,121
Aransas,2,Railroad Commissioner,,REP,Over Votes,0,1,0,1
Aransas,2,"Chief Justice, Supreme Court",,REP,Nathan Hecht,185,25,319,529
Aransas,2,"Chief Justice, Supreme Court",,REP,Ballots Cast,185,25,319,529
Aransas,2,"Chief Justice, Supreme Court",,REP,Under Votes,35,12,83,130
Aransas,2,"Chief Justice, Supreme Court",,REP,Over Votes,0,0,0,0
Aransas,2,"Justice, Supreme Court, Place 6",,REP,Jane Bland,180,25,309,514
Aransas,2,"Justice, Supreme Court, Place 6",,REP,Ballots Cast,180,25,309,514
Aransas,2,"Justice, Supreme Court, Place 6",,REP,Under Votes,40,12,93,145
Aransas,2,"Justice, Supreme Court, Place 6",,REP,Over Votes,0,0,0,0
Aransas,2,"Justice, Supreme Court, Place 7",,REP,Jeff Boyd,182,24,311,517
Aransas,2,"Justice, Supreme Court, Place 7",,REP,Ballots Cast,182,24,311,517
Aransas,2,"Justice, Supreme Court, Place 7",,REP,Under Votes,38,13,91,142
Aransas,2,"Justice, Supreme Court, Place 7",,REP,Over Votes,0,0,0,0
Aransas,2,"Justice, Supreme Court, Place 8",,REP,Brett Busby,179,24,304,507
Aransas,2,"Justice, Supreme Court, Place 8",,REP,Ballots Cast,179,24,304,507
Aransas,2,"Justice, Supreme Court, Place 8",,REP,Under Votes,41,13,98,152
Aransas,2,"Justice, Supreme Court, Place 8",,REP,Over Votes,0,0,0,0
Aransas,2,"Judge, Court of Criminal Appeals, Place 3",,REP,Gina Parker,98,17,171,286
Aransas,2,"Judge, Court of Criminal Appeals, Place 3",,REP,Bert Richardson,85,12,148,245
Aransas,2,"Judge, Court of Criminal Appeals, Place 3",,REP,Ballots Cast,183,29,319,531
Aransas,2,"Judge, Court of Criminal Appeals, Place 3",,REP,Under Votes,37,8,83,128
Aransas,2,"Judge, Court of Criminal Appeals, Place 3",,REP,Over Votes,0,0,0,0
Aransas,2,"Judge, Court of Criminal Appeals, Place 4",,REP,Kevin Patrick Yeary,174,23,305,502
Aransas,2,"Judge, Court of Criminal Appeals, Place 4",,REP,Ballots Cast,174,23,305,502
Aransas,2,"Judge, Court of Criminal Appeals, Place 4",,REP,Under Votes,46,14,97,157
Aransas,2,"Judge, Court of Criminal Appeals, Place 4",,REP,Over Votes,0,0,0,0
Aransas,2,"Judge, Court of Criminal Appeals, Place 9",,REP,David Newell,175,23,302,500
Aransas,2,"Judge, Court of Criminal Appeals, Place 9",,REP,Ballots Cast,175,23,302,500
Aransas,2,"Judge, Court of Criminal Appeals, Place 9",,REP,Under Votes,45,14,100,159
Aransas,2,"Judge, Court of Criminal Appeals, Place 9",,REP,Over Votes,0,0,0,0
Aransas,2,State Senate,18,REP,Lois W. Kolkhorst,174,28,322,524
Aransas,2,State Senate,18,REP,Ballots Cast,174,28,322,524
Aransas,2,State Senate,18,REP,Under Votes,46,9,80,135
Aransas,2,State Senate,18,REP,Over Votes,0,0,0,0
Aransas,2,State Representative,30,REP,Vanessa Hicks-Callaway,65,6,102,173
Aransas,2,State Representative,30,REP,Geanie W. Morrison,119,29,241,389
Aransas,2,State Representative,30,REP,Ballots Cast,184,35,343,562
Aransas,2,State Representative,30,REP,Under Votes,36,2,59,97
Aransas,2,State Representative,30,REP,Over Votes,0,0,0,0
Aransas,2,"Justice, 13th Court of Appeals District, Place 4",,REP,Jaime Tijerina,171,22,307,500
Aransas,2,"Justice, 13th Court of Appeals District, Place 4",,REP,Ballots Cast,171,22,307,500
Aransas,2,"Justice, 13th Court of Appeals District, Place 4",,REP,Under Votes,49,15,95,159
Aransas,2,"Justice, 13th Court of Appeals District, Place 4",,REP,Over Votes,0,0,0,0
Aransas,2,"Justice, 13th Court of Appeals District, Place 6",,REP,Clarissa Silva,164,22,299,485
Aransas,2,"Justice, 13th Court of Appeals District, Place 6",,REP,Ballots Cast,164,22,299,485
Aransas,2,"Justice, 13th Court of Appeals District, Place 6",,REP,Under Votes,56,15,103,174
Aransas,2,"Justice, 13th Court of Appeals District, Place 6",,REP,Over Votes,0,0,0,0
Aransas,2,"District Judge, 343rd Judicial District",,REP,Janna K. Whatley,171,24,321,516
Aransas,2,"District Judge, 343rd Judicial District",,REP,Ballots Cast,171,24,321,516
Aransas,2,"District Judge, 343rd Judicial District",,REP,Under Votes,49,13,81,143
Aransas,2,"District Judge, 343rd Judicial District",,REP,Over Votes,0,0,0,0
Aransas,2,County Attorney,,REP,Amanda Oster,143,26,312,481
Aransas,2,County Attorney,,REP,Kristen Barnebey,56,8,70,134
Aransas,2,County Attorney,,REP,Ballots Cast,199,34,382,615
Aransas,2,County Attorney,,REP,Under Votes,21,2,20,43
Aransas,2,County Attorney,,REP,Over Votes,0,1,0,1
Aransas,2,Sheriff,,REP,Bill Mills,180,27,330,537
Aransas,2,Sheriff,,REP,Ballots Cast,180,27,330,537
Aransas,2,Sheriff,,REP,Under Votes,40,10,72,122
Aransas,2,Sheriff,,REP,Over Votes,0,0,0,0
Aransas,2,County Tax Assessor-Collector,,REP,Jeffery Hutt,112,14,135,261
Aransas,2,County Tax Assessor-Collector,,REP,Anna Marshall,91,20,240,351
Aransas,2,County Tax Assessor-Collector,,REP,Ballots Cast,203,34,375,612
Aransas,2,County Tax Assessor-Collector,,REP,Under Votes,17,3,27,47
Aransas,2,County Tax Assessor-Collector,,REP,Over Votes,0,0,0,0
Aransas,2,"Constable, Precinct No. 1",,REP,Doc Thomas,180,26,332,538
Aransas,2,"Constable, Precinct No. 1",,REP,Ballots Cast,180,26,332,538
Aransas,2,"Constable, Precinct No. 1",,REP,Under Votes,40,11,70,121
Aransas,2,"Constable, Precinct No. 1",,REP,Over Votes,0,0,0,0
Aransas,2,County Chairman,,REP,Ric Young,170,23,309,502
Aransas,2,County Chairman,,REP,Ballots Cast,170,23,309,502
Aransas,2,County Chairman,,REP,Under Votes,50,14,93,157
Aransas,2,County Chairman,,REP,Over Votes,0,0,0,0
Aransas,2,Proposition 1,,REP,Yes,174,29,332,535
Aransas,2,Proposition 1,,REP,No,43,5,61,109
Aransas,2,Proposition 1,,REP,Ballots Cast,217,34,393,644
Aransas,2,Proposition 1,,REP,Under Votes,3,3,9,15
Aransas,2,Proposition 1,,REP,Over Votes,0,0,0,0
Aransas,2,Proposition 2,,REP,Yes,179,32,326,537
Aransas,2,Proposition 2,,REP,No,36,5,63,104
Aransas,2,Proposition 2,,REP,Ballots Cast,215,37,389,641
Aransas,2,Proposition 2,,REP,Under Votes,5,0,13,18
Aransas,2,Proposition 2,,REP,Over Votes,0,0,0,0
Aransas,2,Proposition 3,,REP,Yes,191,36,360,587
Aransas,2,Proposition 3,,REP,No,15,1,22,38
Aransas,2,Proposition 3,,REP,Ballots Cast,206,37,382,625
Aransas,2,Proposition 3,,REP,Under Votes,14,0,20,34
Aransas,2,Proposition 3,,REP,Over Votes,0,0,0,0
Aransas,2,Proposition 4,,REP,Yes,198,35,350,583
Aransas,2,Proposition 4,,REP,No,13,2,28,43
Aransas,2,Proposition 4,,REP,Ballots Cast,211,37,378,626
Aransas,2,Proposition 4,,REP,Under Votes,9,0,24,33
Aransas,2,Proposition 4,,REP,Over Votes,0,0,0,0
Aransas,2,Proposition 5,,REP,Yes,190,29,348,567
Aransas,2,Proposition 5,,REP,No,20,8,37,65
Aransas,2,Proposition 5,,REP,Ballots Cast,210,37,385,632
Aransas,2,Proposition 5,,REP,Under Votes,10,0,17,27
Aransas,2,Proposition 5,,REP,Over Votes,0,0,0,0
Aransas,2,Proposition 6,,REP,Yes,196,35,361,592
Aransas,2,Proposition 6,,REP,No,14,1,25,40
Aransas,2,Proposition 6,,REP,Ballots Cast,210,36,386,632
Aransas,2,Proposition 6,,REP,Under Votes,10,1,16,27
Aransas,2,Proposition 6,,REP,Over Votes,0,0,0,0
Aransas,2,Proposition 7,,REP,Yes,206,36,385,627
Aransas,2,Proposition 7,,REP,No,4,1,3,8
Aransas,2,Proposition 7,,REP,Ballots Cast,210,37,388,635
Aransas,2,Proposition 7,,REP,Under Votes,10,0,14,24
Aransas,2,Proposition 7,,REP,Over Votes,0,0,0,0
Aransas,2,Proposition 8,,REP,Yes,208,35,376,619
Aransas,2,Proposition 8,,REP,No,6,2,7,15
Aransas,2,Proposition 8,,REP,Ballots Cast,214,37,383,634
Aransas,2,Proposition 8,,REP,Under Votes,6,0,19,25
Aransas,2,Proposition 8,,REP,Over Votes,0,0,0,0
Aransas,2,Proposition 9,,REP,Yes,206,36,362,604
Aransas,2,Proposition 9,,REP,No,6,0,21,27
Aransas,2,Proposition 9,,REP,Ballots Cast,212,36,383,631
Aransas,2,Proposition 9,,REP,Under Votes,8,1,19,28
Aransas,2,Proposition 9,,REP,Over Votes,0,0,0,0
Aransas,2,Proposition 10,,REP,Yes,205,35,355,595
Aransas,2,Proposition 10,,REP,No,6,0,24,30
Aransas,2,Proposition 10,,REP,Ballots Cast,211,35,379,625
Aransas,2,Proposition 10,,REP,Under Votes,9,2,23,34
Aransas,2,Proposition 10,,REP,Over Votes,0,0,0,0
Aransas,3,President,,REP,Zoltan G. Istvan,2,0,1,3
Aransas,3,President,,REP,Joe Walsh,5,2,6,13
Aransas,3,President,,REP,Bill Weld,3,0,9,12
Aransas,3,President,,REP,Bob Ely,0,0,3,3
Aransas,3,President,,REP,"Roque ""Rocky"" De La Fuente Guerra",0,0,3,3
Aransas,3,President,,REP,Matthew John Matern,0,0,0,0
Aransas,3,President,,REP,Donald J. Trump,291,104,759,1154
Aransas,3,President,,REP,Uncommitted,24,6,62,92
Aransas,3,President,,REP,Ballots Cast,325,112,843,1280
Aransas,3,President,,REP,Under Votes,1,0,5,6
Aransas,3,President,,REP,Over Votes,0,0,0,0
Aransas,3,U.S. Senate,,REP,John Cornyn,243,98,655,996
Aransas,3,U.S. Senate,,REP,Mark Yancey,20,1,45,66
Aransas,3,U.S. Senate,,REP,John Anthony Castro,14,1,30,45
Aransas,3,U.S. Senate,,REP,Dwayne Stovall,23,6,49,78
Aransas,3,U.S. Senate,,REP,Virgil Bierschwale,4,0,8,12
Aransas,3,U.S. Senate,,REP,Ballots Cast,304,106,787,1197
Aransas,3,U.S. Senate,,REP,Under Votes,22,6,61,89
Aransas,3,U.S. Senate,,REP,Over Votes,0,0,0,0
Aransas,3,U.S. House,27,REP,Michael Cloud,300,95,760,1155
Aransas,3,U.S. House,27,REP,Ballots Cast,300,95,760,1155
Aransas,3,U.S. House,27,REP,Under Votes,26,17,88,131
Aransas,3,U.S. House,27,REP,Over Votes,0,0,0,0
Aransas,3,Railroad Commissioner,,REP,Ryan Sitton,84,56,268,408
Aransas,3,Railroad Commissioner,,REP,"James ""Jim"" Wright",180,40,425,645
Aransas,3,Railroad Commissioner,,REP,Ballots Cast,264,96,693,1053
Aransas,3,Railroad Commissioner,,REP,Under Votes,62,16,155,233
Aransas,3,Railroad Commissioner,,REP,Over Votes,0,0,0,0
Aransas,3,"Chief Justice, Supreme Court",,REP,Nathan Hecht,276,83,695,1054
Aransas,3,"Chief Justice, Supreme Court",,REP,Ballots Cast,276,83,695,1054
Aransas,3,"Chief Justice, Supreme Court",,REP,Under Votes,50,29,153,232
Aransas,3,"Chief Justice, Supreme Court",,REP,Over Votes,0,0,0,0
Aransas,3,"Justice, Supreme Court, Place 6",,REP,Jane Bland,266,84,685,1035
Aransas,3,"Justice, Supreme Court, Place 6",,REP,Ballots Cast,266,84,685,1035
Aransas,3,"Justice, Supreme Court, Place 6",,REP,Under Votes,60,28,163,251
Aransas,3,"Justice, Supreme Court, Place 6",,REP,Over Votes,0,0,0,0
Aransas,3,"Justice, Supreme Court, Place 7",,REP,Jeff Boyd,263,82,676,1021
Aransas,3,"Justice, Supreme Court, Place 7",,REP,Ballots Cast,263,82,676,1021
Aransas,3,"Justice, Supreme Court, Place 7",,REP,Under Votes,63,30,172,265
Aransas,3,"Justice, Supreme Court, Place 7",,REP,Over Votes,0,0,0,0
Aransas,3,"Justice, Supreme Court, Place 8",,REP,Brett Busby,261,84,679,1024
Aransas,3,"Justice, Supreme Court, Place 8",,REP,Ballots Cast,261,84,679,1024
Aransas,3,"Justice, Supreme Court, Place 8",,REP,Under Votes,65,28,169,262
Aransas,3,"Justice, Supreme Court, Place 8",,REP,Over Votes,0,0,0,0
Aransas,3,"Judge, Court of Criminal Appeals, Place 3",,REP,Gina Parker,143,38,348,529
Aransas,3,"Judge, Court of Criminal Appeals, Place 3",,REP,Bert Richardson,114,55,323,492
Aransas,3,"Judge, Court of Criminal Appeals, Place 3",,REP,Ballots Cast,257,93,671,1021
Aransas,3,"Judge, Court of Criminal Appeals, Place 3",,REP,Under Votes,69,19,177,265
Aransas,3,"Judge, Court of Criminal Appeals, Place 3",,REP,Over Votes,0,0,0,0
Aransas,3,"Judge, Court of Criminal Appeals, Place 4",,REP,Kevin Patrick Yeary,260,85,669,1014
Aransas,3,"Judge, Court of Criminal Appeals, Place 4",,REP,Ballots Cast,260,85,669,1014
Aransas,3,"Judge, Court of Criminal Appeals, Place 4",,REP,Under Votes,66,27,179,272
Aransas,3,"Judge, Court of Criminal Appeals, Place 4",,REP,Over Votes,0,0,0,0
Aransas,3,"Judge, Court of Criminal Appeals, Place 9",,REP,David Newell,256,85,671,1012
Aransas,3,"Judge, Court of Criminal Appeals, Place 9",,REP,Ballots Cast,256,85,671,1012
Aransas,3,"Judge, Court of Criminal Appeals, Place 9",,REP,Under Votes,70,27,177,274
Aransas,3,"Judge, Court of Criminal Appeals, Place 9",,REP,Over Votes,0,0,0,0
Aransas,3,State Senate,18,REP,Lois W. Kolkhorst,270,91,712,1073
Aransas,3,State Senate,18,REP,Ballots Cast,270,91,712,1073
Aransas,3,State Senate,18,REP,Under Votes,56,21,136,213
Aransas,3,State Senate,18,REP,Over Votes,0,0,0,0
Aransas,3,State Representative,30,REP,Vanessa Hicks-Callaway,80,13,148,241
Aransas,3,State Representative,30,REP,Geanie W. Morrison,196,88,598,882
Aransas,3,State Representative,30,REP,Ballots Cast,276,101,746,1123
Aransas,3,State Representative,30,REP,Under Votes,50,11,102,163
Aransas,3,State Representative,30,REP,Over Votes,0,0,0,0
Aransas,3,"Justice, 13th Court of Appeals District, Place 4",,REP,Jaime Tijerina,251,85,653,989
Aransas,3,"Justice, 13th Court of Appeals District, Place 4",,REP,Ballots Cast,251,85,653,989
Aransas,3,"Justice, 13th Court of Appeals District, Place 4",,REP,Under Votes,75,27,195,297
Aransas,3,"Justice, 13th Court of Appeals District, Place 4",,REP,Over Votes,0,0,0,0
Aransas,3,"Justice, 13th Court of Appeals District, Place 6",,REP,Clarissa Silva,248,85,642,975
Aransas,3,"Justice, 13th Court of Appeals District, Place 6",,REP,Ballots Cast,248,85,642,975
Aransas,3,"Justice, 13th Court of Appeals District, Place 6",,REP,Under Votes,78,27,206,311
Aransas,3,"Justice, 13th Court of Appeals District, Place 6",,REP,Over Votes,0,0,0,0
Aransas,3,"District Judge, 343rd Judicial District",,REP,Janna K. Whatley,252,85,685,1022
Aransas,3,"District Judge, 343rd Judicial District",,REP,Ballots Cast,252,85,685,1022
Aransas,3,"District Judge, 343rd Judicial District",,REP,Under Votes,74,27,163,264
Aransas,3,"District Judge, 343rd Judicial District",,REP,Over Votes,0,0,0,0
Aransas,3,County Attorney,,REP,Amanda Oster,198,76,611,885
Aransas,3,County Attorney,,REP,Kristen Barnebey,101,25,194,320
Aransas,3,County Attorney,,REP,Ballots Cast,299,101,805,1205
Aransas,3,County Attorney,,REP,Under Votes,27,11,43,81
Aransas,3,County Attorney,,REP,Over Votes,0,0,0,0
Aransas,3,Sheriff,,REP,Bill Mills,276,92,722,1090
Aransas,3,Sheriff,,REP,Ballots Cast,276,92,722,1090
Aransas,3,Sheriff,,REP,Under Votes,50,20,126,196
Aransas,3,Sheriff,,REP,Over Votes,0,0,0,0
Aransas,3,County Tax Assessor-Collector,,REP,Jeffery Hutt,146,32,258,436
Aransas,3,County Tax Assessor-Collector,,REP,Anna Marshall,151,70,533,754
Aransas,3,County Tax Assessor-Collector,,REP,Ballots Cast,297,102,791,1190
Aransas,3,County Tax Assessor-Collector,,REP,Under Votes,29,10,57,96
Aransas,3,County Tax Assessor-Collector,,REP,Over Votes,0,0,0,0
Aransas,3,"County Commissioner, Precinct 3",,REP,Pat Rousseau,171,32,436,639
Aransas,3,"County Commissioner, Precinct 3",,REP,Charles Smith,123,66,352,541
Aransas,3,"County Commissioner, Precinct 3",,REP,Ballots Cast,294,98,788,1180
Aransas,3,"County Commissioner, Precinct 3",,REP,Under Votes,32,13,60,105
Aransas,3,"County Commissioner, Precinct 3",,REP,Over Votes,0,1,0,1
Aransas,3,"Constable, Precinct No. 2",,REP,Charlie Phillips,260,86,690,1036
Aransas,3,"Constable, Precinct No. 2",,REP,Ballots Cast,260,86,690,1036
Aransas,3,"Constable, Precinct No. 2",,REP,Under Votes,66,26,158,250
Aransas,3,"Constable, Precinct No. 2",,REP,Over Votes,0,0,0,0
Aransas,3,County Chairman,,REP,Ric Young,263,86,682,1031
Aransas,3,County Chairman,,REP,Ballots Cast,263,86,682,1031
Aransas,3,County Chairman,,REP,Under Votes,63,26,166,255
Aransas,3,County Chairman,,REP,Over Votes,0,0,0,0
Aransas,3,Proposition 1,,REP,Yes,271,99,720,1090
Aransas,3,Proposition 1,,REP,No,44,4,106,154
Aransas,3,Proposition 1,,REP,Ballots Cast,315,103,826,1244
Aransas,3,Proposition 1,,REP,Under Votes,11,9,22,42
Aransas,3,Proposition 1,,REP,Over Votes,0,0,0,0
Aransas,3,Proposition 2,,REP,Yes,262,88,679,1029
Aransas,3,Proposition 2,,REP,No,55,14,142,211
Aransas,3,Proposition 2,,REP,Ballots Cast,317,102,821,1240
Aransas,3,Proposition 2,,REP,Under Votes,9,10,27,46
Aransas,3,Proposition 2,,REP,Over Votes,0,0,0,0
Aransas,3,Proposition 3,,REP,Yes,296,101,784,1181
Aransas,3,Proposition 3,,REP,No,17,2,33,52
Aransas,3,Proposition 3,,REP,Ballots Cast,313,103,817,1233
Aransas,3,Proposition 3,,REP,Under Votes,13,9,31,53
Aransas,3,Proposition 3,,REP,Over Votes,0,0,0,0
Aransas,3,Proposition 4,,REP,Yes,286,90,741,1117
Aransas,3,Proposition 4,,REP,No,31,12,77,120
Aransas,3,Proposition 4,,REP,Ballots Cast,317,102,818,1237
Aransas,3,Proposition 4,,REP,Under Votes,9,10,30,49
Aransas,3,Proposition 4,,REP,Over Votes,0,0,0,0
Aransas,3,Proposition 5,,REP,Yes,266,90,701,1057
Aransas,3,Proposition 5,,REP,No,52,11,110,173
Aransas,3,Proposition 5,,REP,Ballots Cast,318,101,811,1230
Aransas,3,Proposition 5,,REP,Under Votes,8,11,37,56
Aransas,3,Proposition 5,,REP,Over Votes,0,0,0,0
Aransas,3,Proposition 6,,REP,Yes,292,97,751,1140
Aransas,3,Proposition 6,,REP,No,21,4,52,77
Aransas,3,Proposition 6,,REP,Ballots Cast,313,101,803,1217
Aransas,3,Proposition 6,,REP,Under Votes,13,10,45,68
Aransas,3,Proposition 6,,REP,Over Votes,0,1,0,1
Aransas,3,Proposition 7,,REP,Yes,309,102,785,1196
Aransas,3,Proposition 7,,REP,No,9,0,33,42
Aransas,3,Proposition 7,,REP,Ballots Cast,318,102,818,1238
Aransas,3,Proposition 7,,REP,Under Votes,8,10,30,48
Aransas,3,Proposition 7,,REP,Over Votes,0,0,0,0
Aransas,3,Proposition 8,,REP,Yes,311,97,805,1213
Aransas,3,Proposition 8,,REP,No,6,3,14,23
Aransas,3,Proposition 8,,REP,Ballots Cast,317,100,819,1236
Aransas,3,Proposition 8,,REP,Under Votes,9,12,29,50
Aransas,3,Proposition 8,,REP,Over Votes,0,0,0,0
Aransas,3,Proposition 9,,REP,Yes,301,97,784,1182
Aransas,3,Proposition 9,,REP,No,14,4,32,50
Aransas,3,Proposition 9,,REP,Ballots Cast,315,101,816,1232
Aransas,3,Proposition 9,,REP,Under Votes,11,10,32,53
Aransas,3,Proposition 9,,REP,Over Votes,0,1,0,1
Aransas,3,Proposition 10,,REP,Yes,290,92,738,1120
Aransas,3,Proposition 10,,REP,No,27,10,80,117
Aransas,3,Proposition 10,,REP,Ballots Cast,317,102,818,1237
Aransas,3,Proposition 10,,REP,Under Votes,9,10,30,49
Aransas,3,Proposition 10,,REP,Over Votes,0,0,0,0
Aransas,4,President,,REP,Zoltan G. Istvan,2,0,2,4
Aransas,4,President,,REP,Joe Walsh,4,0,7,11
Aransas,4,President,,REP,Bill Weld,2,0,2,4
Aransas,4,President,,REP,Bob Ely,1,1,1,3
Aransas,4,President,,REP,"Roque ""Rocky"" De La Fuente Guerra",0,0,3,3
Aransas,4,President,,REP,Matthew John Matern,0,0,0,0
Aransas,4,President,,REP,Donald J. Trump,333,80,617,1030
Aransas,4,President,,REP,Uncommitted,17,5,33,55
Aransas,4,President,,REP,Ballots Cast,359,86,665,1110
Aransas,4,President,,REP,Under Votes,2,2,5,9
Aransas,4,President,,REP,Over Votes,0,0,0,0
Aransas,4,U.S. Senate,,REP,John Cornyn,251,74,515,840
Aransas,4,U.S. Senate,,REP,Mark Yancey,22,3,36,61
Aransas,4,U.S. Senate,,REP,John Anthony Castro,9,4,24,37
Aransas,4,U.S. Senate,,REP,Dwayne Stovall,41,1,37,79
Aransas,4,U.S. Senate,,REP,Virgil Bierschwale,6,0,5,11
Aransas,4,U.S. Senate,,REP,Ballots Cast,329,82,617,1028
Aransas,4,U.S. Senate,,REP,Under Votes,32,6,53,91
Aransas,4,U.S. Senate,,REP,Over Votes,0,0,0,0
Aransas,4,U.S. House,27,REP,Michael Cloud,311,78,592,981
Aransas,4,U.S. House,27,REP,Ballots Cast,311,78,592,981
Aransas,4,U.S. House,27,REP,Under Votes,50,10,78,138
Aransas,4,U.S. House,27,REP,Over Votes,0,0,0,0
Aransas,4,Railroad Commissioner,,REP,Ryan Sitton,111,34,217,362
Aransas,4,Railroad Commissioner,,REP,"James ""Jim"" Wright",187,36,342,565
Aransas,4,Railroad Commissioner,,REP,Ballots Cast,298,70,559,927
Aransas,4,Railroad Commissioner,,REP,Under Votes,63,18,111,192
Aransas,4,Railroad Commissioner,,REP,Over Votes,0,0,0,0
Aransas,4,"Chief Justice, Supreme Court",,REP,Nathan Hecht,296,71,537,904
Aransas,4,"Chief Justice, Supreme Court",,REP,Ballots Cast,296,71,537,904
Aransas,4,"Chief Justice, Supreme Court",,REP,Under Votes,65,17,133,215
Aransas,4,"Chief Justice, Supreme Court",,REP,Over Votes,0,0,0,0
Aransas,4,"Justice, Supreme Court, Place 6",,REP,Jane Bland,293,71,530,894
Aransas,4,"Justice, Supreme Court, Place 6",,REP,Ballots Cast,293,71,530,894
Aransas,4,"Justice, Supreme Court, Place 6",,REP,Under Votes,68,17,140,225
Aransas,4,"Justice, Supreme Court, Place 6",,REP,Over Votes,0,0,0,0
Aransas,4,"Justice, Supreme Court, Place 7",,REP,Jeff Boyd,294,71,533,898
Aransas,4,"Justice, Supreme Court, Place 7",,REP,Ballots Cast,294,71,533,898
Aransas,4,"Justice, Supreme Court, Place 7",,REP,Under Votes,67,17,137,221
Aransas,4,"Justice, Supreme Court, Place 7",,REP,Over Votes,0,0,0,0
Aransas,4,"Justice, Supreme Court, Place 8",,REP,Brett Busby,288,70,526,884
Aransas,4,"Justice, Supreme Court, Place 8",,REP,Ballots Cast,288,70,526,884
Aransas,4,"Justice, Supreme Court, Place 8",,REP,Under Votes,73,18,144,235
Aransas,4,"Justice, Supreme Court, Place 8",,REP,Over Votes,0,0,0,0
Aransas,4,"Judge, Court of Criminal Appeals, Place 3",,REP,Gina Parker,161,34,300,495
Aransas,4,"Judge, Court of Criminal Appeals, Place 3",,REP,Bert Richardson,132,32,244,408
Aransas,4,"Judge, Court of Criminal Appeals, Place 3",,REP,Ballots Cast,293,66,544,903
Aransas,4,"Judge, Court of Criminal Appeals, Place 3",,REP,Under Votes,68,22,126,216
Aransas,4,"Judge, Court of Criminal Appeals, Place 3",,REP,Over Votes,0,0,0,0
Aransas,4,"Judge, Court of Criminal Appeals, Place 4",,REP,Kevin Patrick Yeary,291,71,517,879
Aransas,4,"Judge, Court of Criminal Appeals, Place 4",,REP,Ballots Cast,291,71,517,879
Aransas,4,"Judge, Court of Criminal Appeals, Place 4",,REP,Under Votes,70,17,153,240
Aransas,4,"Judge, Court of Criminal Appeals, Place 4",,REP,Over Votes,0,0,0,0
Aransas,4,"Judge, Court of Criminal Appeals, Place 9",,REP,David Newell,290,70,517,877
Aransas,4,"Judge, Court of Criminal Appeals, Place 9",,REP,Ballots Cast,290,70,517,877
Aransas,4,"Judge, Court of Criminal Appeals, Place 9",,REP,Under Votes,71,18,153,242
Aransas,4,"Judge, Court of Criminal Appeals, Place 9",,REP,Over Votes,0,0,0,0
Aransas,4,State Senate,18,REP,Lois W. Kolkhorst,296,76,551,923
Aransas,4,State Senate,18,REP,Ballots Cast,296,76,551,923
Aransas,4,State Senate,18,REP,Under Votes,65,12,119,196
Aransas,4,State Senate,18,REP,Over Votes,0,0,0,0
Aransas,4,State Representative,30,REP,Vanessa Hicks-Callaway,118,11,136,265
Aransas,4,State Representative,30,REP,Geanie W. Morrison,189,69,461,719
Aransas,4,State Representative,30,REP,Ballots Cast,307,80,597,984
Aransas,4,State Representative,30,REP,Under Votes,54,8,73,135
Aransas,4,State Representative,30,REP,Over Votes,0,0,0,0
Aransas,4,"Justice, 13th Court of Appeals District, Place 4",,REP,Jaime Tijerina,278,71,501,850
Aransas,4,"Justice, 13th Court of Appeals District, Place 4",,REP,Ballots Cast,278,71,501,850
Aransas,4,"Justice, 13th Court of Appeals District, Place 4",,REP,Under Votes,83,17,169,269
Aransas,4,"Justice, 13th Court of Appeals District, Place 4",,REP,Over Votes,0,0,0,0
Aransas,4,"Justice, 13th Court of Appeals District, Place 6",,REP,Clarissa Silva,277,71,507,855
Aransas,4,"Justice, 13th Court of Appeals District, Place 6",,REP,Ballots Cast,277,71,507,855
Aransas,4,"Justice, 13th Court of Appeals District, Place 6",,REP,Under Votes,84,17,163,264
Aransas,4,"Justice, 13th Court of Appeals District, Place 6",,REP,Over Votes,0,0,0,0
Aransas,4,"District Judge, 343rd Judicial District",,REP,Janna K. Whatley,281,74,526,881
Aransas,4,"District Judge, 343rd Judicial District",,REP,Ballots Cast,281,74,526,881
Aransas,4,"District Judge, 343rd Judicial District",,REP,Under Votes,80,14,144,238
Aransas,4,"District Judge, 343rd Judicial District",,REP,Over Votes,0,0,0,0
Aransas,4,County Attorney,,REP,Amanda Oster,218,42,502,762
Aransas,4,County Attorney,,REP,Kristen Barnebey,113,35,139,287
Aransas,4,County Attorney,,REP,Ballots Cast,331,77,641,1049
Aransas,4,County Attorney,,REP,Under Votes,30,11,29,70
Aransas,4,County Attorney,,REP,Over Votes,0,0,0,0
Aransas,4,Sheriff,,REP,Bill Mills,307,74,570,951
Aransas,4,Sheriff,,REP,Ballots Cast,307,74,570,951
Aransas,4,Sheriff,,REP,Under Votes,54,14,100,168
Aransas,4,Sheriff,,REP,Over Votes,0,0,0,0
Aransas,4,County Tax Assessor-Collector,,REP,Jeffery Hutt,160,27,223,410
Aransas,4,County Tax Assessor-Collector,,REP,Anna Marshall,167,49,404,620
Aransas,4,County Tax Assessor-Collector,,REP,Ballots Cast,327,76,627,1030
Aransas,4,County Tax Assessor-Collector,,REP,Under Votes,34,12,43,89
Aransas,4,County Tax Assessor-Collector,,REP,Over Votes,0,0,0,0
Aransas,4,"Constable, Precinct No. 2",,REP,Charlie Phillips,290,71,539,900
Aransas,4,"Constable, Precinct No. 2",,REP,Ballots Cast,290,71,539,900
Aransas,4,"Constable, Precinct No. 2",,REP,Under Votes,71,17,131,219
Aransas,4,"Constable, Precinct No. 2",,REP,Over Votes,0,0,0,0
Aransas,4,County Chairman,,REP,Ric Young,290,69,527,886
Aransas,4,County Chairman,,REP,Ballots Cast,290,69,527,886
Aransas,4,County Chairman,,REP,Under Votes,71,19,143,233
Aransas,4,County Chairman,,REP,Over Votes,0,0,0,0
Aransas,4,Proposition 1,,REP,Yes,296,81,570,947
Aransas,4,Proposition 1,,REP,No,51,5,86,142
Aransas,4,Proposition 1,,REP,Ballots Cast,347,86,656,1089
Aransas,4,Proposition 1,,REP,Under Votes,14,2,14,30
Aransas,4,Proposition 1,,REP,Over Votes,0,0,0,0
Aransas,4,Proposition 2,,REP,Yes,296,77,557,930
Aransas,4,Proposition 2,,REP,No,54,11,95,160
Aransas,4,Proposition 2,,REP,Ballots Cast,350,88,652,1090
Aransas,4,Proposition 2,,REP,Under Votes,11,0,18,29
Aransas,4,Proposition 2,,REP,Over Votes,0,0,0,0
Aransas,4,Proposition 3,,REP,Yes,323,87,596,1006
Aransas,4,Proposition 3,,REP,No,22,1,50,73
Aransas,4,Proposition 3,,REP,Ballots Cast,345,88,646,1079
Aransas,4,Proposition 3,,REP,Under Votes,16,0,24,40
Aransas,4,Proposition 3,,REP,Over Votes,0,0,0,0
Aransas,4,Proposition 4,,REP,Yes,332,85,598,1015
Aransas,4,Proposition 4,,REP,No,19,2,51,72
Aransas,4,Proposition 4,,REP,Ballots Cast,351,87,649,1087
Aransas,4,Proposition 4,,REP,Under Votes,10,1,21,32
Aransas,4,Proposition 4,,REP,Over Votes,0,0,0,0
Aransas,4,Proposition 5,,REP,Yes,303,72,559,934
Aransas,4,Proposition 5,,REP,No,43,13,77,133
Aransas,4,Proposition 5,,REP,Ballots Cast,346,85,636,1067
Aransas,4,Proposition 5,,REP,Under Votes,15,3,34,52
Aransas,4,Proposition 5,,REP,Over Votes,0,0,0,0
Aransas,4,Proposition 6,,REP,Yes,329,88,594,1011
Aransas,4,Proposition 6,,REP,No,17,0,38,55
Aransas,4,Proposition 6,,REP,Ballots Cast,346,88,632,1066
Aransas,4,Proposition 6,,REP,Under Votes,15,0,38,53
Aransas,4,Proposition 6,,REP,Over Votes,0,0,0,0
Aransas,4,Proposition 7,,REP,Yes,342,83,625,1050
Aransas,4,Proposition 7,,REP,No,9,5,22,36
Aransas,4,Proposition 7,,REP,Ballots Cast,351,88,647,1086
Aransas,4,Proposition 7,,REP,Under Votes,10,0,23,33
Aransas,4,Proposition 7,,REP,Over Votes,0,0,0,0
Aransas,4,Proposition 8,,REP,Yes,343,83,625,1051
Aransas,4,Proposition 8,,REP,No,5,2,16,23
Aransas,4,Proposition 8,,REP,Ballots Cast,348,85,641,1074
Aransas,4,Proposition 8,,REP,Under Votes,13,2,29,44
Aransas,4,Proposition 8,,REP,Over Votes,0,1,0,1
Aransas,4,Proposition 9,,REP,Yes,335,85,617,1037
Aransas,4,Proposition 9,,REP,No,11,2,28,41
Aransas,4,Proposition 9,,REP,Ballots Cast,346,87,645,1078
Aransas,4,Proposition 9,,REP,Under Votes,15,1,25,41
Aransas,4,Proposition 9,,REP,Over Votes,0,0,0,0
Aransas,4,Proposition 10,,REP,Yes,324,85,602,1011
Aransas,4,Proposition 10,,REP,No,21,1,45,67
Aransas,4,Proposition 10,,REP,Ballots Cast,345,86,647,1078
Aransas,4,Proposition 10,,REP,Under Votes,16,2,23,41
Aransas,4,Proposition 10,,REP,Over Votes,0,0,0,0
Aransas,4A,President,,REP,Zoltan G. Istvan,0,0,0,0
Aransas,4A,President,,REP,Joe Walsh,0,0,3,3
Aransas,4A,President,,REP,Bill Weld,1,0,0,1
Aransas,4A,President,,REP,Bob Ely,0,0,1,1
Aransas,4A,President,,REP,"Roque ""Rocky"" De La Fuente Guerra",0,0,0,0
Aransas,4A,President,,REP,Matthew John Matern,0,0,0,0
Aransas,4A,President,,REP,Donald J. Trump,98,19,192,309
Aransas,4A,President,,REP,Uncommitted,6,1,5,12
Aransas,4A,President,,REP,Ballots Cast,105,20,201,326
Aransas,4A,President,,REP,Under Votes,1,0,3,4
Aransas,4A,President,,REP,Over Votes,0,0,0,0
Aransas,4A,U.S. Senate,,REP,John Cornyn,74,16,165,255
Aransas,4A,U.S. Senate,,REP,Mark Yancey,11,1,9,21
Aransas,4A,U.S. Senate,,REP,John Anthony Castro,2,0,9,11
Aransas,4A,U.S. Senate,,REP,Dwayne Stovall,8,2,11,21
Aransas,4A,U.S. Senate,,REP,Virgil Bierschwale,1,0,0,1
Aransas,4A,U.S. Senate,,REP,Ballots Cast,96,19,194,309
Aransas,4A,U.S. Senate,,REP,Under Votes,10,1,10,21
Aransas,4A,U.S. Senate,,REP,Over Votes,0,0,0,0
Aransas,4A,U.S. House,27,REP,Michael Cloud,97,18,188,303
Aransas,4A,U.S. House,27,REP,Ballots Cast,97,18,188,303
Aransas,4A,U.S. House,27,REP,Under Votes,9,2,16,27
Aransas,4A,U.S. House,27,REP,Over Votes,0,0,0,0
Aransas,4A,Railroad Commissioner,,REP,Ryan Sitton,34,8,59,101
Aransas,4A,Railroad Commissioner,,REP,"James ""Jim"" Wright",51,8,116,175
Aransas,4A,Railroad Commissioner,,REP,Ballots Cast,85,16,175,276
Aransas,4A,Railroad Commissioner,,REP,Under Votes,21,4,29,54
Aransas,4A,Railroad Commissioner,,REP,Over Votes,0,0,0,0
Aransas,4A,"Chief Justice, Supreme Court",,REP,Nathan Hecht,85,17,175,277
Aransas,4A,"Chief Justice, Supreme Court",,REP,Ballots Cast,85,17,175,277
Aransas,4A,"Chief Justice, Supreme Court",,REP,Under Votes,21,3,29,53
Aransas,4A,"Chief Justice, Supreme Court",,REP,Over Votes,0,0,0,0
Aransas,4A,"Justice, Supreme Court, Place 6",,REP,Jane Bland,85,16,172,273
Aransas,4A,"Justice, Supreme Court, Place 6",,REP,Ballots Cast,85,16,172,273
Aransas,4A,"Justice, Supreme Court, Place 6",,REP,Under Votes,21,4,32,57
Aransas,4A,"Justice, Supreme Court, Place 6",,REP,Over Votes,0,0,0,0
Aransas,4A,"Justice, Supreme Court, Place 7",,REP,Jeff Boyd,85,16,171,272
Aransas,4A,"Justice, Supreme Court, Place 7",,REP,Ballots Cast,85,16,171,272
Aransas,4A,"Justice, Supreme Court, Place 7",,REP,Under Votes,21,4,33,58
Aransas,4A,"Justice, Supreme Court, Place 7",,REP,Over Votes,0,0,0,0
Aransas,4A,"Justice, Supreme Court, Place 8",,REP,Brett Busby,83,16,172,271
Aransas,4A,"Justice, Supreme Court, Place 8",,REP,Ballots Cast,83,16,172,271
Aransas,4A,"Justice, Supreme Court, Place 8",,REP,Under Votes,23,4,32,59
Aransas,4A,"Justice, Supreme Court, Place 8",,REP,Over Votes,0,0,0,0
Aransas,4A,"Judge, Court of Criminal Appeals, Place 3",,REP,Gina Parker,44,7,86,137
Aransas,4A,"Judge, Court of Criminal Appeals, Place 3",,REP,Bert Richardson,36,8,80,124
Aransas,4A,"Judge, Court of Criminal Appeals, Place 3",,REP,Ballots Cast,80,15,166,261
Aransas,4A,"Judge, Court of Criminal Appeals, Place 3",,REP,Under Votes,26,5,38,69
Aransas,4A,"Judge, Court of Criminal Appeals, Place 3",,REP,Over Votes,0,0,0,0
Aransas,4A,"Judge, Court of Criminal Appeals, Place 4",,REP,Kevin Patrick Yeary,80,16,169,265
Aransas,4A,"Judge, Court of Criminal Appeals, Place 4",,REP,Ballots Cast,80,16,169,265
Aransas,4A,"Judge, Court of Criminal Appeals, Place 4",,REP,Under Votes,26,4,35,65
Aransas,4A,"Judge, Court of Criminal Appeals, Place 4",,REP,Over Votes,0,0,0,0
Aransas,4A,"Judge, Court of Criminal Appeals, Place 9",,REP,David Newell,79,16,160,255
Aransas,4A,"Judge, Court of Criminal Appeals, Place 9",,REP,Ballots Cast,79,16,160,255
Aransas,4A,"Judge, Court of Criminal Appeals, Place 9",,REP,Under Votes,27,4,44,75
Aransas,4A,"Judge, Court of Criminal Appeals, Place 9",,REP,Over Votes,0,0,0,0
Aransas,4A,State Senate,18,REP,Lois W. Kolkhorst,85,17,169,271
Aransas,4A,State Senate,18,REP,Ballots Cast,85,17,169,271
Aransas,4A,State Senate,18,REP,Under Votes,21,3,35,59
Aransas,4A,State Senate,18,REP,Over Votes,0,0,0,0
Aransas,4A,State Representative,30,REP,Vanessa Hicks-Callaway,27,3,43,73
Aransas,4A,State Representative,30,REP,Geanie W. Morrison,63,12,143,218
Aransas,4A,State Representative,30,REP,Ballots Cast,90,15,186,291
Aransas,4A,State Representative,30,REP,Under Votes,16,5,18,39
Aransas,4A,State Representative,30,REP,Over Votes,0,0,0,0
Aransas,4A,"Justice, 13th Court of Appeals District, Place 4",,REP,Jaime Tijerina,78,16,159,253
Aransas,4A,"Justice, 13th Court of Appeals District, Place 4",,REP,Ballots Cast,78,16,159,253
Aransas,4A,"Justice, 13th Court of Appeals District, Place 4",,REP,Under Votes,28,4,45,77
Aransas,4A,"Justice, 13th Court of Appeals District, Place 4",,REP,Over Votes,0,0,0,0
Aransas,4A,"Justice, 13th Court of Appeals District, Place 6",,REP,Clarissa Silva,75,16,156,247
Aransas,4A,"Justice, 13th Court of Appeals District, Place 6",,REP,Ballots Cast,75,16,156,247
Aransas,4A,"Justice, 13th Court of Appeals District, Place 6",,REP,Under Votes,31,4,48,83
Aransas,4A,"Justice, 13th Court of Appeals District, Place 6",,REP,Over Votes,0,0,0,0
Aransas,4A,"District Judge, 343rd Judicial District",,REP,Janna K. Whatley,78,16,165,259
Aransas,4A,"District Judge, 343rd Judicial District",,REP,Ballots Cast,78,16,165,259
Aransas,4A,"District Judge, 343rd Judicial District",,REP,Under Votes,28,4,39,71
Aransas,4A,"District Judge, 343rd Judicial District",,REP,Over Votes,0,0,0,0
Aransas,4A,County Attorney,,REP,Amanda Oster,77,11,150,238
Aransas,4A,County Attorney,,REP,Kristen Barnebey,24,7,41,72
Aransas,4A,County Attorney,,REP,Ballots Cast,101,18,191,310
Aransas,4A,County Attorney,,REP,Under Votes,5,2,13,20
Aransas,4A,County Attorney,,REP,Over Votes,0,0,0,0
Aransas,4A,Sheriff,,REP,Bill Mills,95,16,174,285
Aransas,4A,Sheriff,,REP,Ballots Cast,95,16,174,285
Aransas,4A,Sheriff,,REP,Under Votes,11,4,30,45
Aransas,4A,Sheriff,,REP,Over Votes,0,0,0,0
Aransas,4A,County Tax Assessor-Collector,,REP,Jeffery Hutt,51,10,88,149
Aransas,4A,County Tax Assessor-Collector,,REP,Anna Marshall,46,6,98,150
Aransas,4A,County Tax Assessor-Collector,,REP,Ballots Cast,97,16,186,299
Aransas,4A,County Tax Assessor-Collector,,REP,Under Votes,9,4,18,31
Aransas,4A,County Tax Assessor-Collector,,REP,Over Votes,0,0,0,0
Aransas,4A,"Constable, Precinct No. 2",,REP,Charlie Phillips,87,17,171,275
Aransas,4A,"Constable, Precinct No. 2",,REP,Ballots Cast,87,17,171,275
Aransas,4A,"Constable, Precinct No. 2",,REP,Under Votes,19,3,33,55
Aransas,4A,"Constable, Precinct No. 2",,REP,Over Votes,0,0,0,0
Aransas,4A,County Chairman,,REP,Ric Young,81,16,165,262
Aransas,4A,County Chairman,,REP,Ballots Cast,81,16,165,262
Aransas,4A,County Chairman,,REP,Under Votes,25,4,39,68
Aransas,4A,County Chairman,,REP,Over Votes,0,0,0,0
Aransas,4A,Proposition 1,,REP,Yes,89,17,182,288
Aransas,4A,Proposition 1,,REP,No,15,2,17,34
Aransas,4A,Proposition 1,,REP,Ballots Cast,104,19,199,322
Aransas,4A,Proposition 1,,REP,Under Votes,2,1,5,8
Aransas,4A,Proposition 1,,REP,Over Votes,0,0,0,0
Aransas,4A,Proposition 2,,REP,Yes,90,16,182,288
Aransas,4A,Proposition 2,,REP,No,14,1,20,35
Aransas,4A,Proposition 2,,REP,Ballots Cast,104,17,202,323
Aransas,4A,Proposition 2,,REP,Under Votes,2,2,2,6
Aransas,4A,Proposition 2,,REP,Over Votes,0,1,0,1
Aransas,4A,Proposition 3,,REP,Yes,99,17,189,305
Aransas,4A,Proposition 3,,REP,No,2,1,7,10
Aransas,4A,Proposition 3,,REP,Ballots Cast,101,18,196,315
Aransas,4A,Proposition 3,,REP,Under Votes,5,2,8,15
Aransas,4A,Proposition 3,,REP,Over Votes,0,0,0,0
Aransas,4A,Proposition 4,,REP,Yes,94,17,190,301
Aransas,4A,Proposition 4,,REP,No,9,1,8,18
Aransas,4A,Proposition 4,,REP,Ballots Cast,103,18,198,319
Aransas,4A,Proposition 4,,REP,Under Votes,3,2,6,11
Aransas,4A,Proposition 4,,REP,Over Votes,0,0,0,0
Aransas,4A,Proposition 5,,REP,Yes,94,16,175,285
Aransas,4A,Proposition 5,,REP,No,7,2,22,31
Aransas,4A,Proposition 5,,REP,Ballots Cast,101,18,197,316
Aransas,4A,Proposition 5,,REP,Under Votes,5,2,7,14
Aransas,4A,Proposition 5,,REP,Over Votes,0,0,0,0
Aransas,4A,Proposition 6,,REP,Yes,96,16,187,299
Aransas,4A,Proposition 6,,REP,No,7,2,10,19
Aransas,4A,Proposition 6,,REP,Ballots Cast,103,18,197,318
Aransas,4A,Proposition 6,,REP,Under Votes,3,2,7,12
Aransas,4A,Proposition 6,,REP,Over Votes,0,0,0,0
Aransas,4A,Proposition 7,,REP,Yes,103,17,195,315
Aransas,4A,Proposition 7,,REP,No,0,1,3,4
Aransas,4A,Proposition 7,,REP,Ballots Cast,103,18,198,319
Aransas,4A,Proposition 7,,REP,Under Votes,3,2,6,11
Aransas,4A,Proposition 7,,REP,Over Votes,0,0,0,0
Aransas,4A,Proposition 8,,REP,Yes,100,18,194,312
Aransas,4A,Proposition 8,,REP,No,3,0,4,7
Aransas,4A,Proposition 8,,REP,Ballots Cast,103,18,198,319
Aransas,4A,Proposition 8,,REP,Under Votes,3,2,6,11
Aransas,4A,Proposition 8,,REP,Over Votes,0,0,0,0
Aransas,4A,Proposition 9,,REP,Yes,94,18,192,304
Aransas,4A,Proposition 9,,REP,No,8,0,6,14
Aransas,4A,Proposition 9,,REP,Ballots Cast,102,18,198,318
Aransas,4A,Proposition 9,,REP,Under Votes,4,2,6,12
Aransas,4A,Proposition 9,,REP,Over Votes,0,0,0,0
Aransas,4A,Proposition 10,,REP,Yes,92,18,182,292
Aransas,4A,Proposition 10,,REP,No,12,0,13,25
Aransas,4A,Proposition 10,,REP,Ballots Cast,104,18,195,317
Aransas,4A,Proposition 10,,REP,Under Votes,2,2,9,13
Aransas,4A,Proposition 10,,REP,Over Votes,0,0,0,0
Aransas,1,President,,DEM,Marianne Williamson,1,0,0,1
Aransas,1,President,,DEM,Amy Klobuchar,0,3,2,5
Aransas,1,President,,DEM,Tulsi Gabbard,0,0,0,0
Aransas,1,President,,DEM,Joseph R. Biden,38,5,11,54
Aransas,1,President,,DEM,Andrew Yang,0,0,0,0
Aransas,1,President,,DEM,Deval Patrick,0,0,0,0
Aransas,1,President,,DEM,Robby Wells,0,0,0,0
Aransas,1,President,,DEM,"Roque ""Rocky"" De La Fuente",0,0,0,0
Aransas,1,President,,DEM,Michael Bennet,0,0,0,0
Aransas,1,President,,DEM,Cory Booker,0,0,0,0
Aransas,1,President,,DEM,Michael R. Bloomberg,5,5,8,18
Aransas,1,President,,DEM,Bernie Sanders,21,1,15,37
Aransas,1,President,,DEM,John K. Delaney,0,0,0,0
Aransas,1,President,,DEM,Tom Steyer,0,0,0,0
Aransas,1,President,,DEM,Elizabeth Warren,9,3,10,22
Aransas,1,President,,DEM,Julián Castro,0,0,0,0
Aransas,1,President,,DEM,Pete Buttigieg,0,1,4,5
Aransas,1,President,,DEM,Ballots Cast,74,18,50,142
Aransas,1,President,,DEM,Under Votes,0,0,1,1
Aransas,1,President,,DEM,Over Votes,0,0,0,0
Aransas,1,U.S. Senate,,DEM,"Annie ""Mamá"" Garcia",6,0,2,8
Aransas,1,U.S. Senate,,DEM,Amanda K. Edwards,11,1,9,21
Aransas,1,U.S. Senate,,DEM,Adrian Ocegueda,0,1,0,1
Aransas,1,U.S. Senate,,DEM,Victor Hugo Harris,4,0,1,5
Aransas,1,U.S. Senate,,DEM,Royce West,3,3,3,9
Aransas,1,U.S. Senate,,DEM,Jack Daniel Foster Jr,4,0,1,5
Aransas,1,U.S. Senate,,DEM,"Mary ""MJ"" Hegar",15,4,15,34
Aransas,1,U.S. Senate,,DEM,Cristina Tzintzun Ramirez,12,3,5,20
Aransas,1,U.S. Senate,,DEM,Sema Hernandez,2,1,0,3
Aransas,1,U.S. Senate,,DEM,D.R. Hunter,2,0,0,2
Aransas,1,U.S. Senate,,DEM,Michael Cooper,3,0,3,6
Aransas,1,U.S. Senate,,DEM,Chris Bell,1,1,4,6
Aransas,1,U.S. Senate,,DEM,Ballots Cast,63,14,43,120
Aransas,1,U.S. Senate,,DEM,Under Votes,11,3,8,22
Aransas,1,U.S. Senate,,DEM,Over Votes,0,1,0,1
Aransas,1,U.S. House,27,DEM,"Ricardo ""Rick"" de la Fuente",20,4,12,36
Aransas,1,U.S. House,27,DEM,Charlie Jackson,39,13,32,84
Aransas,1,U.S. House,27,DEM,Ballots Cast,59,17,44,120
Aransas,1,U.S. House,27,DEM,Under Votes,15,1,7,23
Aransas,1,U.S. House,27,DEM,Over Votes,0,0,0,0
Aransas,1,Railroad Commissioner,,DEM,"Roberto R. ""Beto"" Alonzo",7,5,7,19
Aransas,1,Railroad Commissioner,,DEM,Chrysta Castañeda,25,4,19,48
Aransas,1,Railroad Commissioner,,DEM,Mark Watson,13,2,6,21
Aransas,1,Railroad Commissioner,,DEM,Kelly Stone,13,5,13,31
Aransas,1,Railroad Commissioner,,DEM,Ballots Cast,58,16,45,119
Aransas,1,Railroad Commissioner,,DEM,Under Votes,16,2,6,24
Aransas,1,Railroad Commissioner,,DEM,Over Votes,0,0,0,0
Aransas,1,"Chief Justice, Supreme Court",,DEM,Amy Clark Meachum,49,16,40,105
Aransas,1,"Chief Justice, Supreme Court",,DEM,Jerry Zimmerer,13,1,5,19
Aransas,1,"Chief Justice, Supreme Court",,DEM,Ballots Cast,62,17,45,124
Aransas,1,"Chief Justice, Supreme Court",,DEM,Under Votes,12,1,6,19
Aransas,1,"Chief Justice, Supreme Court",,DEM,Over Votes,0,0,0,0
Aransas,1,"Justice, Supreme Court, Place 6",,DEM,Larry Praeger,20,6,14,40
Aransas,1,"Justice, Supreme Court, Place 6",,DEM,Kathy Cheng,39,10,31,80
Aransas,1,"Justice, Supreme Court, Place 6",,DEM,Ballots Cast,59,16,45,120
Aransas,1,"Justice, Supreme Court, Place 6",,DEM,Under Votes,15,2,6,23
Aransas,1,"Justice, Supreme Court, Place 6",,DEM,Over Votes,0,0,0,0
Aransas,1,"Justice, Supreme Court, Place 7",,DEM,Brandy Voss,23,9,17,49
Aransas,1,"Justice, Supreme Court, Place 7",,DEM,Staci Williams,34,6,28,68
Aransas,1,"Justice, Supreme Court, Place 7",,DEM,Ballots Cast,57,15,45,117
Aransas,1,"Justice, Supreme Court, Place 7",,DEM,Under Votes,17,3,6,26
Aransas,1,"Justice, Supreme Court, Place 7",,DEM,Over Votes,0,0,0,0
Aransas,1,"Justice, Supreme Court, Place 8",,DEM,Peter Kelly,21,4,21,46
Aransas,1,"Justice, Supreme Court, Place 8",,DEM,Gisela D. Triana,39,12,24,75
Aransas,1,"Justice, Supreme Court, Place 8",,DEM,Ballots Cast,60,16,45,121
Aransas,1,"Justice, Supreme Court, Place 8",,DEM,Under Votes,14,2,6,22
Aransas,1,"Justice, Supreme Court, Place 8",,DEM,Over Votes,0,0,0,0
Aransas,1,"Judge, Court of Criminal Appeals, Place 3",,DEM,Dan Wood,11,4,9,24
Aransas,1,"Judge, Court of Criminal Appeals, Place 3",,DEM,William Pieratt Demond,10,3,1,14
Aransas,1,"Judge, Court of Criminal Appeals, Place 3",,DEM,Elizabeth Davis Frizell,38,9,35,82
Aransas,1,"Judge, Court of Criminal Appeals, Place 3",,DEM,Ballots Cast,59,16,45,120
Aransas,1,"Judge, Court of Criminal Appeals, Place 3",,DEM,Under Votes,15,2,6,23
Aransas,1,"Judge, Court of Criminal Appeals, Place 3",,DEM,Over Votes,0,0,0,0
Aransas,1,"Judge, Court of Criminal Appeals, Place 4",,DEM,Steven Miears,19,3,6,28
Aransas,1,"Judge, Court of Criminal Appeals, Place 4",,DEM,Tina Clinton,39,13,38,90
Aransas,1,"Judge, Court of Criminal Appeals, Place 4",,DEM,Ballots Cast,58,16,44,118
Aransas,1,"Judge, Court of Criminal Appeals, Place 4",,DEM,Under Votes,16,2,7,25
Aransas,1,"Judge, Court of Criminal Appeals, Place 4",,DEM,Over Votes,0,0,0,0
Aransas,1,"Judge, Court of Criminal Appeals, Place 9",,DEM,Brandon Birmingham,51,14,41,106
Aransas,1,"Judge, Court of Criminal Appeals, Place 9",,DEM,Ballots Cast,51,14,41,106
Aransas,1,"Judge, Court of Criminal Appeals, Place 9",,DEM,Under Votes,23,4,10,37
Aransas,1,"Judge, Court of Criminal Appeals, Place 9",,DEM,Over Votes,0,0,0,0
Aransas,1,State Senate,18,DEM,Michael Antalan,49,14,39,102
Aransas,1,State Senate,18,DEM,Ballots Cast,49,14,39,102
Aransas,1,State Senate,18,DEM,Under Votes,25,4,12,41
Aransas,1,State Senate,18,DEM,Over Votes,0,0,0,0
Aransas,1,"Justice, 13th Court of Appeals District, Place 4",,DEM,Migdalia Lopez,49,14,40,103
Aransas,1,"Justice, 13th Court of Appeals District, Place 4",,DEM,Ballots Cast,49,14,40,103
Aransas,1,"Justice, 13th Court of Appeals District, Place 4",,DEM,Under Votes,25,4,11,40
Aransas,1,"Justice, 13th Court of Appeals District, Place 4",,DEM,Over Votes,0,0,0,0
Aransas,1,"Justice, 13th Court of Appeals District, Place 6",,DEM,Nereida Lopez-Singleterry,48,14,39,101
Aransas,1,"Justice, 13th Court of Appeals District, Place 6",,DEM,Ballots Cast,48,14,39,101
Aransas,1,"Justice, 13th Court of Appeals District, Place 6",,DEM,Under Votes,26,4,12,42
Aransas,1,"Justice, 13th Court of Appeals District, Place 6",,DEM,Over Votes,0,0,0,0
Aransas,1,County Chairman,,DEM,Connie Marek,26,8,19,53
Aransas,1,County Chairman,,DEM,Pamela Meyer,31,7,23,61
Aransas,1,County Chairman,,DEM,Ballots Cast,57,15,42,114
Aransas,1,County Chairman,,DEM,Under Votes,17,3,9,29
Aransas,1,County Chairman,,DEM,Over Votes,0,0,0,0
Aransas,1,Proposition #1,,DEM,Yes,65,17,47,129
Aransas,1,Proposition #1,,DEM,No,6,0,3,9
Aransas,1,Proposition #1,,DEM,Ballots Cast,71,17,50,138
Aransas,1,Proposition #1,,DEM,Under Votes,3,1,1,5
Aransas,1,Proposition #1,,DEM,Over Votes,0,0,0,0
Aransas,1,Proposition #2,,DEM,Yes,66,16,46,128
Aransas,1,Proposition #2,,DEM,No,5,0,3,8
Aransas,1,Proposition #2,,DEM,Ballots Cast,71,16,49,136
Aransas,1,Proposition #2,,DEM,Under Votes,3,2,2,7
Aransas,1,Proposition #2,,DEM,Over Votes,0,0,0,0
Aransas,1,Proposition #3,,DEM,Yes,69,17,49,135
Aransas,1,Proposition #3,,DEM,No,1,0,2,3
Aransas,1,Proposition #3,,DEM,Ballots Cast,70,17,51,138
Aransas,1,Proposition #3,,DEM,Under Votes,4,1,0,5
Aransas,1,Proposition #3,,DEM,Over Votes,0,0,0,0
Aransas,1,Proposition #4,,DEM,Yes,66,16,46,128
Aransas,1,Proposition #4,,DEM,No,4,0,4,8
Aransas,1,Proposition #4,,DEM,Ballots Cast,70,16,50,136
Aransas,1,Proposition #4,,DEM,Under Votes,4,2,1,7
Aransas,1,Proposition #4,,DEM,Over Votes,0,0,0,0
Aransas,1,Proposition #5,,DEM,Yes,68,17,48,133
Aransas,1,Proposition #5,,DEM,No,3,0,3,6
Aransas,1,Proposition #5,,DEM,Ballots Cast,71,17,51,139
Aransas,1,Proposition #5,,DEM,Under Votes,3,1,0,4
Aransas,1,Proposition #5,,DEM,Over Votes,0,0,0,0
Aransas,1,Proposition #6,,DEM,Yes,68,17,50,135
Aransas,1,Proposition #6,,DEM,No,2,0,1,3
Aransas,1,Proposition #6,,DEM,Ballots Cast,70,17,51,138
Aransas,1,Proposition #6,,DEM,Under Votes,4,1,0,5
Aransas,1,Proposition #6,,DEM,Over Votes,0,0,0,0
Aransas,1,Proposition #7,,DEM,Yes,63,16,45,124
Aransas,1,Proposition #7,,DEM,No,6,0,5,11
Aransas,1,Proposition #7,,DEM,Ballots Cast,69,16,50,135
Aransas,1,Proposition #7,,DEM,Under Votes,5,2,1,8
Aransas,1,Proposition #7,,DEM,Over Votes,0,0,0,0
Aransas,1,Proposition #8,,DEM,Yes,66,16,47,129
Aransas,1,Proposition #8,,DEM,No,5,0,3,8
Aransas,1,Proposition #8,,DEM,Ballots Cast,71,16,50,137
Aransas,1,Proposition #8,,DEM,Under Votes,3,2,1,6
Aransas,1,Proposition #8,,DEM,Over Votes,0,0,0,0
Aransas,1,Proposition #9,,DEM,Yes,67,17,49,133
Aransas,1,Proposition #9,,DEM,No,3,0,2,5
Aransas,1,Proposition #9,,DEM,Ballots Cast,70,17,51,138
Aransas,1,Proposition #9,,DEM,Under Votes,4,1,0,5
Aransas,1,Proposition #9,,DEM,Over Votes,0,0,0,0
Aransas,1,Proposition #10,,DEM,Yes,62,16,47,125
Aransas,1,Proposition #10,,DEM,No,8,1,4,13
Aransas,1,Proposition #10,,DEM,Ballots Cast,70,17,51,138
Aransas,1,Proposition #10,,DEM,Under Votes,4,1,0,5
Aransas,1,Proposition #10,,DEM,Over Votes,0,0,0,0
Aransas,1,Proposition #11,,DEM,Yes,61,15,45,121
Aransas,1,Proposition #11,,DEM,No,10,1,3,14
Aransas,1,Proposition #11,,DEM,Ballots Cast,71,16,48,135
Aransas,1,Proposition #11,,DEM,Under Votes,3,2,3,8
Aransas,1,Proposition #11,,DEM,Over Votes,0,0,0,0
Aransas,1A,President,,DEM,Marianne Williamson,0,0,0,0
Aransas,1A,President,,DEM,Amy Klobuchar,1,1,1,3
Aransas,1A,President,,DEM,Tulsi Gabbard,0,0,0,0
Aransas,1A,President,,DEM,Joseph R. Biden,22,0,5,27
Aransas,1A,President,,DEM,Andrew Yang,0,0,0,0
Aransas,1A,President,,DEM,Deval Patrick,0,0,0,0
Aransas,1A,President,,DEM,Robby Wells,0,0,0,0
Aransas,1A,President,,DEM,"Roque ""Rocky"" De La Fuente",1,0,0,1
Aransas,1A,President,,DEM,Michael Bennet,0,0,0,0
Aransas,1A,President,,DEM,Cory Booker,0,0,0,0
Aransas,1A,President,,DEM,Michael R. Bloomberg,7,4,3,14
Aransas,1A,President,,DEM,Bernie Sanders,8,3,4,15
Aransas,1A,President,,DEM,John K. Delaney,0,0,0,0
Aransas,1A,President,,DEM,Tom Steyer,0,0,0,0
Aransas,1A,President,,DEM,Elizabeth Warren,5,0,6,11
Aransas,1A,President,,DEM,Julián Castro,0,0,0,0
Aransas,1A,President,,DEM,Pete Buttigieg,0,0,4,4
Aransas,1A,President,,DEM,Ballots Cast,44,8,23,75
Aransas,1A,President,,DEM,Under Votes,0,0,0,0
Aransas,1A,President,,DEM,Over Votes,0,0,0,0
Aransas,1A,U.S. Senate,,DEM,"Annie ""Mamá"" Garcia",9,1,0,10
Aransas,1A,U.S. Senate,,DEM,Amanda K. Edwards,7,1,2,10
Aransas,1A,U.S. Senate,,DEM,Adrian Ocegueda,0,0,0,0
Aransas,1A,U.S. Senate,,DEM,Victor Hugo Harris,2,0,1,3
Aransas,1A,U.S. Senate,,DEM,Royce West,2,1,2,5
Aransas,1A,U.S. Senate,,DEM,Jack Daniel Foster Jr,1,0,0,1
Aransas,1A,U.S. Senate,,DEM,"Mary ""MJ"" Hegar",2,3,5,10
Aransas,1A,U.S. Senate,,DEM,Cristina Tzintzun Ramirez,13,1,3,17
Aransas,1A,U.S. Senate,,DEM,Sema Hernandez,0,1,0,1
Aransas,1A,U.S. Senate,,DEM,D.R. Hunter,0,0,3,3
Aransas,1A,U.S. Senate,,DEM,Michael Cooper,2,0,0,2
Aransas,1A,U.S. Senate,,DEM,Chris Bell,0,0,2,2
Aransas,1A,U.S. Senate,,DEM,Ballots Cast,38,8,18,64
Aransas,1A,U.S. Senate,,DEM,Under Votes,6,0,5,11
Aransas,1A,U.S. Senate,,DEM,Over Votes,0,0,0,0
Aransas,1A,U.S. House,27,DEM,"Ricardo ""Rick"" de la Fuente",24,2,10,36
Aransas,1A,U.S. House,27,DEM,Charlie Jackson,11,6,9,26
Aransas,1A,U.S. House,27,DEM,Ballots Cast,35,8,19,62
Aransas,1A,U.S. House,27,DEM,Under Votes,9,0,4,13
Aransas,1A,U.S. House,27,DEM,Over Votes,0,0,0,0
Aransas,1A,Railroad Commissioner,,DEM,"Roberto R. ""Beto"" Alonzo",16,0,3,19
Aransas,1A,Railroad Commissioner,,DEM,Chrysta Castañeda,8,5,4,17
Aransas,1A,Railroad Commissioner,,DEM,Mark Watson,3,0,1,4
Aransas,1A,Railroad Commissioner,,DEM,Kelly Stone,5,2,8,15
Aransas,1A,Railroad Commissioner,,DEM,Ballots Cast,32,7,16,55
Aransas,1A,Railroad Commissioner,,DEM,Under Votes,12,1,7,20
Aransas,1A,Railroad Commissioner,,DEM,Over Votes,0,0,0,0
Aransas,1A,"Chief Justice, Supreme Court",,DEM,Amy Clark Meachum,30,7,14,51
Aransas,1A,"Chief Justice, Supreme Court",,DEM,Jerry Zimmerer,4,0,3,7
Aransas,1A,"Chief Justice, Supreme Court",,DEM,Ballots Cast,34,7,17,58
Aransas,1A,"Chief Justice, Supreme Court",,DEM,Under Votes,10,1,6,17
Aransas,1A,"Chief Justice, Supreme Court",,DEM,Over Votes,0,0,0,0
Aransas,1A,"Justice, Supreme Court, Place 6",,DEM,Larry Praeger,9,1,3,13
Aransas,1A,"Justice, Supreme Court, Place 6",,DEM,Kathy Cheng,23,6,13,42
Aransas,1A,"Justice, Supreme Court, Place 6",,DEM,Ballots Cast,32,7,16,55
Aransas,1A,"Justice, Supreme Court, Place 6",,DEM,Under Votes,12,1,7,20
Aransas,1A,"Justice, Supreme Court, Place 6",,DEM,Over Votes,0,0,0,0
Aransas,1A,"Justice, Supreme Court, Place 7",,DEM,Brandy Voss,10,2,6,18
Aransas,1A,"Justice, Supreme Court, Place 7",,DEM,Staci Williams,20,5,12,37
Aransas,1A,"Justice, Supreme Court, Place 7",,DEM,Ballots Cast,30,7,18,55
Aransas,1A,"Justice, Supreme Court, Place 7",,DEM,Under Votes,14,1,5,20
Aransas,1A,"Justice, Supreme Court, Place 7",,DEM,Over Votes,0,0,0,0
Aransas,1A,"Justice, Supreme Court, Place 8",,DEM,Peter Kelly,9,2,7,18
Aransas,1A,"Justice, Supreme Court, Place 8",,DEM,Gisela D. Triana,23,5,11,39
Aransas,1A,"Justice, Supreme Court, Place 8",,DEM,Ballots Cast,32,7,18,57
Aransas,1A,"Justice, Supreme Court, Place 8",,DEM,Under Votes,12,1,5,18
Aransas,1A,"Justice, Supreme Court, Place 8",,DEM,Over Votes,0,0,0,0
Aransas,1A,"Judge, Court of Criminal Appeals, Place 3",,DEM,Dan Wood,5,0,4,9
Aransas,1A,"Judge, Court of Criminal Appeals, Place 3",,DEM,William Pieratt Demond,3,4,0,7
Aransas,1A,"Judge, Court of Criminal Appeals, Place 3",,DEM,Elizabeth Davis Frizell,22,3,14,39
Aransas,1A,"Judge, Court of Criminal Appeals, Place 3",,DEM,Ballots Cast,30,7,18,55
Aransas,1A,"Judge, Court of Criminal Appeals, Place 3",,DEM,Under Votes,14,1,5,20
Aransas,1A,"Judge, Court of Criminal Appeals, Place 3",,DEM,Over Votes,0,0,0,0
Aransas,1A,"Judge, Court of Criminal Appeals, Place 4",,DEM,Steven Miears,7,2,4,13
Aransas,1A,"Judge, Court of Criminal Appeals, Place 4",,DEM,Tina Clinton,24,5,15,44
Aransas,1A,"Judge, Court of Criminal Appeals, Place 4",,DEM,Ballots Cast,31,7,19,57
Aransas,1A,"Judge, Court of Criminal Appeals, Place 4",,DEM,Under Votes,13,1,4,18
Aransas,1A,"Judge, Court of Criminal Appeals, Place 4",,DEM,Over Votes,0,0,0,0
Aransas,1A,"Judge, Court of Criminal Appeals, Place 9",,DEM,Brandon Birmingham,26,7,16,49
Aransas,1A,"Judge, Court of Criminal Appeals, Place 9",,DEM,Ballots Cast,26,7,16,49
Aransas,1A,"Judge, Court of Criminal Appeals, Place 9",,DEM,Under Votes,18,1,7,26
Aransas,1A,"Judge, Court of Criminal Appeals, Place 9",,DEM,Over Votes,0,0,0,0
Aransas,1A,State Senate,18,DEM,Michael Antalan,28,7,12,47
Aransas,1A,State Senate,18,DEM,Ballots Cast,28,7,12,47
Aransas,1A,State Senate,18,DEM,Under Votes,16,1,11,28
Aransas,1A,State Senate,18,DEM,Over Votes,0,0,0,0
Aransas,1A,"Justice, 13th Court of Appeals District, Place 4",,DEM,Migdalia Lopez,30,7,14,51
Aransas,1A,"Justice, 13th Court of Appeals District, Place 4",,DEM,Ballots Cast,30,7,14,51
Aransas,1A,"Justice, 13th Court of Appeals District, Place 4",,DEM,Under Votes,14,1,9,24
Aransas,1A,"Justice, 13th Court of Appeals District, Place 4",,DEM,Over Votes,0,0,0,0
Aransas,1A,"Justice, 13th Court of Appeals District, Place 6",,DEM,Nereida Lopez-Singleterry,28,7,15,50
Aransas,1A,"Justice, 13th Court of Appeals District, Place 6",,DEM,Ballots Cast,28,7,15,50
Aransas,1A,"Justice, 13th Court of Appeals District, Place 6",,DEM,Under Votes,16,1,8,25
Aransas,1A,"Justice, 13th Court of Appeals District, Place 6",,DEM,Over Votes,0,0,0,0
Aransas,1A,County Chairman,,DEM,Connie Marek,16,4,6,26
Aransas,1A,County Chairman,,DEM,Pamela Meyer,14,2,12,28
Aransas,1A,County Chairman,,DEM,Ballots Cast,30,6,18,54
Aransas,1A,County Chairman,,DEM,Under Votes,14,2,5,21
Aransas,1A,County Chairman,,DEM,Over Votes,0,0,0,0
Aransas,1A,Proposition #1,,DEM,Yes,40,7,23,70
Aransas,1A,Proposition #1,,DEM,No,1,0,0,1
Aransas,1A,Proposition #1,,DEM,Ballots Cast,41,7,23,71
Aransas,1A,Proposition #1,,DEM,Under Votes,3,1,0,4
Aransas,1A,Proposition #1,,DEM,Over Votes,0,0,0,0
Aransas,1A,Proposition #2,,DEM,Yes,41,7,20,68
Aransas,1A,Proposition #2,,DEM,No,1,0,2,3
Aransas,1A,Proposition #2,,DEM,Ballots Cast,42,7,22,71
Aransas,1A,Proposition #2,,DEM,Under Votes,2,1,1,4
Aransas,1A,Proposition #2,,DEM,Over Votes,0,0,0,0
Aransas,1A,Proposition #3,,DEM,Yes,43,7,22,72
Aransas,1A,Proposition #3,,DEM,No,0,0,1,1
Aransas,1A,Proposition #3,,DEM,Ballots Cast,43,7,23,73
Aransas,1A,Proposition #3,,DEM,Under Votes,1,1,0,2
Aransas,1A,Proposition #3,,DEM,Over Votes,0,0,0,0
Aransas,1A,Proposition #4,,DEM,Yes,42,7,23,72
Aransas,1A,Proposition #4,,DEM,No,0,0,0,0
Aransas,1A,Proposition #4,,DEM,Ballots Cast,42,7,23,72
Aransas,1A,Proposition #4,,DEM,Under Votes,2,1,0,3
Aransas,1A,Proposition #4,,DEM,Over Votes,0,0,0,0
Aransas,1A,Proposition #5,,DEM,Yes,41,7,22,70
Aransas,1A,Proposition #5,,DEM,No,1,0,0,1
Aransas,1A,Proposition #5,,DEM,Ballots Cast,42,7,22,71
Aransas,1A,Proposition #5,,DEM,Under Votes,2,1,1,4
Aransas,1A,Proposition #5,,DEM,Over Votes,0,0,0,0
Aransas,1A,Proposition #6,,DEM,Yes,41,7,23,71
Aransas,1A,Proposition #6,,DEM,No,1,0,0,1
Aransas,1A,Proposition #6,,DEM,Ballots Cast,42,7,23,72
Aransas,1A,Proposition #6,,DEM,Under Votes,2,1,0,3
Aransas,1A,Proposition #6,,DEM,Over Votes,0,0,0,0
Aransas,1A,Proposition #7,,DEM,Yes,42,6,18,66
Aransas,1A,Proposition #7,,DEM,No,1,0,3,4
Aransas,1A,Proposition #7,,DEM,Ballots Cast,43,6,21,70
Aransas,1A,Proposition #7,,DEM,Under Votes,1,2,2,5
Aransas,1A,Proposition #7,,DEM,Over Votes,0,0,0,0
Aransas,1A,Proposition #8,,DEM,Yes,42,7,21,70
Aransas,1A,Proposition #8,,DEM,No,0,0,2,2
Aransas,1A,Proposition #8,,DEM,Ballots Cast,42,7,23,72
Aransas,1A,Proposition #8,,DEM,Under Votes,2,1,0,3
Aransas,1A,Proposition #8,,DEM,Over Votes,0,0,0,0
Aransas,1A,Proposition #9,,DEM,Yes,40,7,22,69
Aransas,1A,Proposition #9,,DEM,No,2,0,1,3
Aransas,1A,Proposition #9,,DEM,Ballots Cast,42,7,23,72
Aransas,1A,Proposition #9,,DEM,Under Votes,2,1,0,3
Aransas,1A,Proposition #9,,DEM,Over Votes,0,0,0,0
Aransas,1A,Proposition #10,,DEM,Yes,42,7,22,71
Aransas,1A,Proposition #10,,DEM,No,0,0,1,1
Aransas,1A,Proposition #10,,DEM,Ballots Cast,42,7,23,72
Aransas,1A,Proposition #10,,DEM,Under Votes,2,1,0,3
Aransas,1A,Proposition #10,,DEM,Over Votes,0,0,0,0
Aransas,1A,Proposition #11,,DEM,Yes,39,5,17,61
Aransas,1A,Proposition #11,,DEM,No,4,2,5,11
Aransas,1A,Proposition #11,,DEM,Ballots Cast,43,7,22,72
Aransas,1A,Proposition #11,,DEM,Under Votes,1,1,1,3
Aransas,1A,Proposition #11,,DEM,Over Votes,0,0,0,0
Aransas,2,President,,DEM,Marianne Williamson,0,0,0,0
Aransas,2,President,,DEM,Amy Klobuchar,2,3,1,6
Aransas,2,President,,DEM,Tulsi Gabbard,1,0,0,1
Aransas,2,President,,DEM,Joseph R. Biden,56,10,16,82
Aransas,2,President,,DEM,Andrew Yang,0,0,0,0
Aransas,2,President,,DEM,Deval Patrick,0,0,1,1
Aransas,2,President,,DEM,Robby Wells,0,0,0,0
Aransas,2,President,,DEM,"Roque ""Rocky"" De La Fuente",3,0,0,3
Aransas,2,President,,DEM,Michael Bennet,0,0,0,0
Aransas,2,President,,DEM,Cory Booker,0,0,0,0
Aransas,2,President,,DEM,Michael R. Bloomberg,13,4,7,24
Aransas,2,President,,DEM,Bernie Sanders,26,3,19,48
Aransas,2,President,,DEM,John K. Delaney,0,0,0,0
Aransas,2,President,,DEM,Tom Steyer,0,0,0,0
Aransas,2,President,,DEM,Elizabeth Warren,9,1,8,18
Aransas,2,President,,DEM,Julián Castro,0,0,0,0
Aransas,2,President,,DEM,Pete Buttigieg,0,7,7,14
Aransas,2,President,,DEM,Ballots Cast,110,28,59,197
Aransas,2,President,,DEM,Under Votes,8,0,3,11
Aransas,2,President,,DEM,Over Votes,0,0,0,0
Aransas,2,U.S. Senate,,DEM,"Annie ""Mamá"" Garcia",18,2,5,25
Aransas,2,U.S. Senate,,DEM,Amanda K. Edwards,11,2,9,22
Aransas,2,U.S. Senate,,DEM,Adrian Ocegueda,1,0,3,4
Aransas,2,U.S. Senate,,DEM,Victor Hugo Harris,3,0,2,5
Aransas,2,U.S. Senate,,DEM,Royce West,3,3,2,8
Aransas,2,U.S. Senate,,DEM,Jack Daniel Foster Jr,4,0,1,5
Aransas,2,U.S. Senate,,DEM,"Mary ""MJ"" Hegar",17,6,13,36
Aransas,2,U.S. Senate,,DEM,Cristina Tzintzun Ramirez,29,7,9,45
Aransas,2,U.S. Senate,,DEM,Sema Hernandez,3,1,0,4
Aransas,2,U.S. Senate,,DEM,D.R. Hunter,1,2,1,4
Aransas,2,U.S. Senate,,DEM,Michael Cooper,4,1,2,7
Aransas,2,U.S. Senate,,DEM,Chris Bell,1,2,4,7
Aransas,2,U.S. Senate,,DEM,Ballots Cast,95,26,51,172
Aransas,2,U.S. Senate,,DEM,Under Votes,23,2,11,36
Aransas,2,U.S. Senate,,DEM,Over Votes,0,0,0,0
Aransas,2,U.S. House,27,DEM,"Ricardo ""Rick"" de la Fuente",53,10,27,90
Aransas,2,U.S. House,27,DEM,Charlie Jackson,37,14,21,72
Aransas,2,U.S. House,27,DEM,Ballots Cast,90,24,48,162
Aransas,2,U.S. House,27,DEM,Under Votes,28,4,14,46
Aransas,2,U.S. House,27,DEM,Over Votes,0,0,0,0
Aransas,2,Railroad Commissioner,,DEM,"Roberto R. ""Beto"" Alonzo",32,6,12,50
Aransas,2,Railroad Commissioner,,DEM,Chrysta Castañeda,29,11,19,59
Aransas,2,Railroad Commissioner,,DEM,Mark Watson,10,4,7,21
Aransas,2,Railroad Commissioner,,DEM,Kelly Stone,21,3,10,34
Aransas,2,Railroad Commissioner,,DEM,Ballots Cast,92,24,48,164
Aransas,2,Railroad Commissioner,,DEM,Under Votes,26,4,14,44
Aransas,2,Railroad Commissioner,,DEM,Over Votes,0,0,0,0
Aransas,2,"Chief Justice, Supreme Court",,DEM,Amy Clark Meachum,82,20,46,148
Aransas,2,"Chief Justice, Supreme Court",,DEM,Jerry Zimmerer,13,4,5,22
Aransas,2,"Chief Justice, Supreme Court",,DEM,Ballots Cast,95,24,51,170
Aransas,2,"Chief Justice, Supreme Court",,DEM,Under Votes,23,4,11,38
Aransas,2,"Chief Justice, Supreme Court",,DEM,Over Votes,0,0,0,0
Aransas,2,"Justice, Supreme Court, Place 6",,DEM,Larry Praeger,23,10,12,45
Aransas,2,"Justice, Supreme Court, Place 6",,DEM,Kathy Cheng,67,15,38,120
Aransas,2,"Justice, Supreme Court, Place 6",,DEM,Ballots Cast,90,25,50,165
Aransas,2,"Justice, Supreme Court, Place 6",,DEM,Under Votes,28,3,12,43
Aransas,2,"Justice, Supreme Court, Place 6",,DEM,Over Votes,0,0,0,0
Aransas,2,"Justice, Supreme Court, Place 7",,DEM,Brandy Voss,33,5,16,54
Aransas,2,"Justice, Supreme Court, Place 7",,DEM,Staci Williams,54,19,33,106
Aransas,2,"Justice, Supreme Court, Place 7",,DEM,Ballots Cast,87,24,49,160
Aransas,2,"Justice, Supreme Court, Place 7",,DEM,Under Votes,31,4,13,48
Aransas,2,"Justice, Supreme Court, Place 7",,DEM,Over Votes,0,0,0,0
Aransas,2,"Justice, Supreme Court, Place 8",,DEM,Peter Kelly,28,8,13,49
Aransas,2,"Justice, Supreme Court, Place 8",,DEM,Gisela D. Triana,65,16,37,118
Aransas,2,"Justice, Supreme Court, Place 8",,DEM,Ballots Cast,93,24,50,167
Aransas,2,"Justice, Supreme Court, Place 8",,DEM,Under Votes,25,4,12,41
Aransas,2,"Justice, Supreme Court, Place 8",,DEM,Over Votes,0,0,0,0
Aransas,2,"Judge, Court of Criminal Appeals, Place 3",,DEM,Dan Wood,21,8,5,34
Aransas,2,"Judge, Court of Criminal Appeals, Place 3",,DEM,William Pieratt Demond,8,2,3,13
Aransas,2,"Judge, Court of Criminal Appeals, Place 3",,DEM,Elizabeth Davis Frizell,62,13,41,116
Aransas,2,"Judge, Court of Criminal Appeals, Place 3",,DEM,Ballots Cast,91,23,49,163
Aransas,2,"Judge, Court of Criminal Appeals, Place 3",,DEM,Under Votes,27,5,13,45
Aransas,2,"Judge, Court of Criminal Appeals, Place 3",,DEM,Over Votes,0,0,0,0
Aransas,2,"Judge, Court of Criminal Appeals, Place 4",,DEM,Steven Miears,23,8,7,38
Aransas,2,"Judge, Court of Criminal Appeals, Place 4",,DEM,Tina Clinton,68,17,40,125
Aransas,2,"Judge, Court of Criminal Appeals, Place 4",,DEM,Ballots Cast,91,25,47,163
Aransas,2,"Judge, Court of Criminal Appeals, Place 4",,DEM,Under Votes,27,3,15,45
Aransas,2,"Judge, Court of Criminal Appeals, Place 4",,DEM,Over Votes,0,0,0,0
Aransas,2,"Judge, Court of Criminal Appeals, Place 9",,DEM,Brandon Birmingham,75,24,41,140
Aransas,2,"Judge, Court of Criminal Appeals, Place 9",,DEM,Ballots Cast,75,24,41,140
Aransas,2,"Judge, Court of Criminal Appeals, Place 9",,DEM,Under Votes,43,4,21,68
Aransas,2,"Judge, Court of Criminal Appeals, Place 9",,DEM,Over Votes,0,0,0,0
Aransas,2,State Senate,18,DEM,Michael Antalan,72,23,45,140
Aransas,2,State Senate,18,DEM,Ballots Cast,72,23,45,140
Aransas,2,State Senate,18,DEM,Under Votes,46,5,17,68
Aransas,2,State Senate,18,DEM,Over Votes,0,0,0,0
Aransas,2,"Justice, 13th Court of Appeals District, Place 4",,DEM,Migdalia Lopez,77,24,45,146
Aransas,2,"Justice, 13th Court of Appeals District, Place 4",,DEM,Ballots Cast,77,24,45,146
Aransas,2,"Justice, 13th Court of Appeals District, Place 4",,DEM,Under Votes,41,4,17,62
Aransas,2,"Justice, 13th Court of Appeals District, Place 4",,DEM,Over Votes,0,0,0,0
Aransas,2,"Justice, 13th Court of Appeals District, Place 6",,DEM,Nereida Lopez-Singleterry,80,22,45,147
Aransas,2,"Justice, 13th Court of Appeals District, Place 6",,DEM,Ballots Cast,80,22,45,147
Aransas,2,"Justice, 13th Court of Appeals District, Place 6",,DEM,Under Votes,38,6,17,61
Aransas,2,"Justice, 13th Court of Appeals District, Place 6",,DEM,Over Votes,0,0,0,0
Aransas,2,County Chairman,,DEM,Connie Marek,34,10,23,67
Aransas,2,County Chairman,,DEM,Pamela Meyer,51,12,22,85
Aransas,2,County Chairman,,DEM,Ballots Cast,85,22,45,152
Aransas,2,County Chairman,,DEM,Under Votes,33,6,17,56
Aransas,2,County Chairman,,DEM,Over Votes,0,0,0,0
Aransas,2,Proposition #1,,DEM,Yes,107,23,54,184
Aransas,2,Proposition #1,,DEM,No,2,3,5,10
Aransas,2,Proposition #1,,DEM,Ballots Cast,109,26,59,194
Aransas,2,Proposition #1,,DEM,Under Votes,9,2,3,14
Aransas,2,Proposition #1,,DEM,Over Votes,0,0,0,0
Aransas,2,Proposition #2,,DEM,Yes,105,25,58,188
Aransas,2,Proposition #2,,DEM,No,5,3,2,10
Aransas,2,Proposition #2,,DEM,Ballots Cast,110,28,60,198
Aransas,2,Proposition #2,,DEM,Under Votes,8,0,2,10
Aransas,2,Proposition #2,,DEM,Over Votes,0,0,0,0
Aransas,2,Proposition #3,,DEM,Yes,111,26,59,196
Aransas,2,Proposition #3,,DEM,No,0,2,1,3
Aransas,2,Proposition #3,,DEM,Ballots Cast,111,28,60,199
Aransas,2,Proposition #3,,DEM,Under Votes,7,0,2,9
Aransas,2,Proposition #3,,DEM,Over Votes,0,0,0,0
Aransas,2,Proposition #4,,DEM,Yes,105,22,58,185
Aransas,2,Proposition #4,,DEM,No,4,4,1,9
Aransas,2,Proposition #4,,DEM,Ballots Cast,109,26,59,194
Aransas,2,Proposition #4,,DEM,Under Votes,9,2,3,14
Aransas,2,Proposition #4,,DEM,Over Votes,0,0,0,0
Aransas,2,Proposition #5,,DEM,Yes,105,24,59,188
Aransas,2,Proposition #5,,DEM,No,5,3,1,9
Aransas,2,Proposition #5,,DEM,Ballots Cast,110,27,60,197
Aransas,2,Proposition #5,,DEM,Under Votes,8,1,2,11
Aransas,2,Proposition #5,,DEM,Over Votes,0,0,0,0
Aransas,2,Proposition #6,,DEM,Yes,108,25,58,191
Aransas,2,Proposition #6,,DEM,No,0,2,1,3
Aransas,2,Proposition #6,,DEM,Ballots Cast,108,27,59,194
Aransas,2,Proposition #6,,DEM,Under Votes,10,1,3,14
Aransas,2,Proposition #6,,DEM,Over Votes,0,0,0,0
Aransas,2,Proposition #7,,DEM,Yes,104,23,57,184
Aransas,2,Proposition #7,,DEM,No,4,3,3,10
Aransas,2,Proposition #7,,DEM,Ballots Cast,108,26,60,194
Aransas,2,Proposition #7,,DEM,Under Votes,10,2,2,14
Aransas,2,Proposition #7,,DEM,Over Votes,0,0,0,0
Aransas,2,Proposition #8,,DEM,Yes,101,24,54,179
Aransas,2,Proposition #8,,DEM,No,4,2,5,11
Aransas,2,Proposition #8,,DEM,Ballots Cast,105,26,59,190
Aransas,2,Proposition #8,,DEM,Under Votes,13,1,3,17
Aransas,2,Proposition #8,,DEM,Over Votes,0,0,0,0
Aransas,2,Proposition #9,,DEM,Yes,106,23,59,188
Aransas,2,Proposition #9,,DEM,No,0,3,1,4
Aransas,2,Proposition #9,,DEM,Ballots Cast,106,26,60,192
Aransas,2,Proposition #9,,DEM,Under Votes,12,1,2,15
Aransas,2,Proposition #9,,DEM,Over Votes,0,0,0,0
Aransas,2,Proposition #10,,DEM,Yes,102,22,56,180
Aransas,2,Proposition #10,,DEM,No,5,4,3,12
Aransas,2,Proposition #10,,DEM,Ballots Cast,107,26,59,192
Aransas,2,Proposition #10,,DEM,Under Votes,11,1,3,15
Aransas,2,Proposition #10,,DEM,Over Votes,0,0,0,0
Aransas,2,Proposition #11,,DEM,Yes,97,22,55,174
Aransas,2,Proposition #11,,DEM,No,7,4,5,16
Aransas,2,Proposition #11,,DEM,Ballots Cast,104,26,60,190
Aransas,2,Proposition #11,,DEM,Under Votes,14,1,2,17
Aransas,2,Proposition #11,,DEM,Over Votes,0,0,0,0
Aransas,3,President,,DEM,Marianne Williamson,1,0,0,1
Aransas,3,President,,DEM,Amy Klobuchar,1,3,19,23
Aransas,3,President,,DEM,Tulsi Gabbard,0,0,0,0
Aransas,3,President,,DEM,Joseph R. Biden,112,12,31,155
Aransas,3,President,,DEM,Andrew Yang,0,0,3,3
Aransas,3,President,,DEM,Deval Patrick,1,0,0,1
Aransas,3,President,,DEM,Robby Wells,0,0,0,0
Aransas,3,President,,DEM,"Roque ""Rocky"" De La Fuente",0,2,1,3
Aransas,3,President,,DEM,Michael Bennet,0,0,0,0
Aransas,3,President,,DEM,Cory Booker,0,0,0,0
Aransas,3,President,,DEM,Michael R. Bloomberg,22,11,22,55
Aransas,3,President,,DEM,Bernie Sanders,25,5,27,57
Aransas,3,President,,DEM,John K. Delaney,0,0,0,0
Aransas,3,President,,DEM,Tom Steyer,0,0,0,0
Aransas,3,President,,DEM,Elizabeth Warren,16,1,15,32
Aransas,3,President,,DEM,Julián Castro,0,0,0,0
Aransas,3,President,,DEM,Pete Buttigieg,0,6,15,21
Aransas,3,President,,DEM,Ballots Cast,178,40,133,351
Aransas,3,President,,DEM,Under Votes,0,0,1,1
Aransas,3,President,,DEM,Over Votes,0,0,0,0
Aransas,3,U.S. Senate,,DEM,"Annie ""Mamá"" Garcia",21,2,9,32
Aransas,3,U.S. Senate,,DEM,Amanda K. Edwards,17,5,16,38
Aransas,3,U.S. Senate,,DEM,Adrian Ocegueda,2,1,2,5
Aransas,3,U.S. Senate,,DEM,Victor Hugo Harris,9,0,5,14
Aransas,3,U.S. Senate,,DEM,Royce West,6,3,11,20
Aransas,3,U.S. Senate,,DEM,Jack Daniel Foster Jr,3,1,4,8
Aransas,3,U.S. Senate,,DEM,"Mary ""MJ"" Hegar",42,13,33,88
Aransas,3,U.S. Senate,,DEM,Cristina Tzintzun Ramirez,25,4,22,51
Aransas,3,U.S. Senate,,DEM,Sema Hernandez,1,0,3,4
Aransas,3,U.S. Senate,,DEM,D.R. Hunter,7,1,1,9
Aransas,3,U.S. Senate,,DEM,Michael Cooper,6,3,4,13
Aransas,3,U.S. Senate,,DEM,Chris Bell,4,2,2,8
Aransas,3,U.S. Senate,,DEM,Ballots Cast,143,35,112,290
Aransas,3,U.S. Senate,,DEM,Under Votes,35,5,22,62
Aransas,3,U.S. Senate,,DEM,Over Votes,0,0,0,0
Aransas,3,U.S. House,27,DEM,"Ricardo ""Rick"" de la Fuente",59,6,52,117
Aransas,3,U.S. House,27,DEM,Charlie Jackson,71,29,56,156
Aransas,3,U.S. House,27,DEM,Ballots Cast,130,35,108,273
Aransas,3,U.S. House,27,DEM,Under Votes,48,5,26,79
Aransas,3,U.S. House,27,DEM,Over Votes,0,0,0,0
Aransas,3,Railroad Commissioner,,DEM,"Roberto R. ""Beto"" Alonzo",33,8,20,61
Aransas,3,Railroad Commissioner,,DEM,Chrysta Castañeda,28,15,32,75
Aransas,3,Railroad Commissioner,,DEM,Mark Watson,30,4,21,55
Aransas,3,Railroad Commissioner,,DEM,Kelly Stone,43,7,33,83
Aransas,3,Railroad Commissioner,,DEM,Ballots Cast,134,34,106,274
Aransas,3,Railroad Commissioner,,DEM,Under Votes,44,6,28,78
Aransas,3,Railroad Commissioner,,DEM,Over Votes,0,0,0,0
Aransas,3,"Chief Justice, Supreme Court",,DEM,Amy Clark Meachum,113,26,96,235
Aransas,3,"Chief Justice, Supreme Court",,DEM,Jerry Zimmerer,26,5,14,45
Aransas,3,"Chief Justice, Supreme Court",,DEM,Ballots Cast,139,31,110,280
Aransas,3,"Chief Justice, Supreme Court",,DEM,Under Votes,39,9,24,72
Aransas,3,"Chief Justice, Supreme Court",,DEM,Over Votes,0,0,0,0
Aransas,3,"Justice, Supreme Court, Place 6",,DEM,Larry Praeger,31,10,19,60
Aransas,3,"Justice, Supreme Court, Place 6",,DEM,Kathy Cheng,102,22,90,214
Aransas,3,"Justice, Supreme Court, Place 6",,DEM,Ballots Cast,133,32,109,274
Aransas,3,"Justice, Supreme Court, Place 6",,DEM,Under Votes,45,8,25,78
Aransas,3,"Justice, Supreme Court, Place 6",,DEM,Over Votes,0,0,0,0
Aransas,3,"Justice, Supreme Court, Place 7",,DEM,Brandy Voss,45,17,24,86
Aransas,3,"Justice, Supreme Court, Place 7",,DEM,Staci Williams,85,14,85,184
Aransas,3,"Justice, Supreme Court, Place 7",,DEM,Ballots Cast,130,31,109,270
Aransas,3,"Justice, Supreme Court, Place 7",,DEM,Under Votes,48,9,25,82
Aransas,3,"Justice, Supreme Court, Place 7",,DEM,Over Votes,0,0,0,0
Aransas,3,"Justice, Supreme Court, Place 8",,DEM,Peter Kelly,41,8,36,85
Aransas,3,"Justice, Supreme Court, Place 8",,DEM,Gisela D. Triana,90,23,70,183
Aransas,3,"Justice, Supreme Court, Place 8",,DEM,Ballots Cast,131,31,106,268
Aransas,3,"Justice, Supreme Court, Place 8",,DEM,Under Votes,47,9,28,84
Aransas,3,"Justice, Supreme Court, Place 8",,DEM,Over Votes,0,0,0,0
Aransas,3,"Judge, Court of Criminal Appeals, Place 3",,DEM,Dan Wood,26,7,13,46
Aransas,3,"Judge, Court of Criminal Appeals, Place 3",,DEM,William Pieratt Demond,10,6,9,25
Aransas,3,"Judge, Court of Criminal Appeals, Place 3",,DEM,Elizabeth Davis Frizell,95,18,85,198
Aransas,3,"Judge, Court of Criminal Appeals, Place 3",,DEM,Ballots Cast,131,31,107,269
Aransas,3,"Judge, Court of Criminal Appeals, Place 3",,DEM,Under Votes,47,9,27,83
Aransas,3,"Judge, Court of Criminal Appeals, Place 3",,DEM,Over Votes,0,0,0,0
Aransas,3,"Judge, Court of Criminal Appeals, Place 4",,DEM,Steven Miears,31,5,15,51
Aransas,3,"Judge, Court of Criminal Appeals, Place 4",,DEM,Tina Clinton,101,26,92,219
Aransas,3,"Judge, Court of Criminal Appeals, Place 4",,DEM,Ballots Cast,132,31,107,270
Aransas,3,"Judge, Court of Criminal Appeals, Place 4",,DEM,Under Votes,46,9,27,82
Aransas,3,"Judge, Court of Criminal Appeals, Place 4",,DEM,Over Votes,0,0,0,0
Aransas,3,"Judge, Court of Criminal Appeals, Place 9",,DEM,Brandon Birmingham,113,29,94,236
Aransas,3,"Judge, Court of Criminal Appeals, Place 9",,DEM,Ballots Cast,113,29,94,236
Aransas,3,"Judge, Court of Criminal Appeals, Place 9",,DEM,Under Votes,65,11,40,116
Aransas,3,"Judge, Court of Criminal Appeals, Place 9",,DEM,Over Votes,0,0,0,0
Aransas,3,State Senate,18,DEM,Michael Antalan,117,29,89,235
Aransas,3,State Senate,18,DEM,Ballots Cast,117,29,89,235
Aransas,3,State Senate,18,DEM,Under Votes,61,11,45,117
Aransas,3,State Senate,18,DEM,Over Votes,0,0,0,0
Aransas,3,"Justice, 13th Court of Appeals District, Place 4",,DEM,Migdalia Lopez,118,31,92,241
Aransas,3,"Justice, 13th Court of Appeals District, Place 4",,DEM,Ballots Cast,118,31,92,241
Aransas,3,"Justice, 13th Court of Appeals District, Place 4",,DEM,Under Votes,60,9,42,111
Aransas,3,"Justice, 13th Court of Appeals District, Place 4",,DEM,Over Votes,0,0,0,0
Aransas,3,"Justice, 13th Court of Appeals District, Place 6",,DEM,Nereida Lopez-Singleterry,113,29,92,234
Aransas,3,"Justice, 13th Court of Appeals District, Place 6",,DEM,Ballots Cast,113,29,92,234
Aransas,3,"Justice, 13th Court of Appeals District, Place 6",,DEM,Under Votes,65,11,42,118
Aransas,3,"Justice, 13th Court of Appeals District, Place 6",,DEM,Over Votes,0,0,0,0
Aransas,3,County Chairman,,DEM,Connie Marek,49,9,45,103
Aransas,3,County Chairman,,DEM,Pamela Meyer,74,19,62,155
Aransas,3,County Chairman,,DEM,Ballots Cast,123,28,107,258
Aransas,3,County Chairman,,DEM,Under Votes,55,12,27,94
Aransas,3,County Chairman,,DEM,Over Votes,0,0,0,0
Aransas,3,Proposition #1,,DEM,Yes,158,34,117,309
Aransas,3,Proposition #1,,DEM,No,10,4,9,23
Aransas,3,Proposition #1,,DEM,Ballots Cast,168,38,126,332
Aransas,3,Proposition #1,,DEM,Under Votes,10,2,8,20
Aransas,3,Proposition #1,,DEM,Over Votes,0,0,0,0
Aransas,3,Proposition #2,,DEM,Yes,152,36,115,303
Aransas,3,Proposition #2,,DEM,No,17,4,14,35
Aransas,3,Proposition #2,,DEM,Ballots Cast,169,40,129,338
Aransas,3,Proposition #2,,DEM,Under Votes,9,0,5,14
Aransas,3,Proposition #2,,DEM,Over Votes,0,0,0,0
Aransas,3,Proposition #3,,DEM,Yes,162,40,127,329
Aransas,3,Proposition #3,,DEM,No,6,0,4,10
Aransas,3,Proposition #3,,DEM,Ballots Cast,168,40,131,339
Aransas,3,Proposition #3,,DEM,Under Votes,10,0,3,13
Aransas,3,Proposition #3,,DEM,Over Votes,0,0,0,0
Aransas,3,Proposition #4,,DEM,Yes,154,35,119,308
Aransas,3,Proposition #4,,DEM,No,14,5,7,26
Aransas,3,Proposition #4,,DEM,Ballots Cast,168,40,126,334
Aransas,3,Proposition #4,,DEM,Under Votes,10,0,8,18
Aransas,3,Proposition #4,,DEM,Over Votes,0,0,0,0
Aransas,3,Proposition #5,,DEM,Yes,162,38,128,328
Aransas,3,Proposition #5,,DEM,No,6,2,1,9
Aransas,3,Proposition #5,,DEM,Ballots Cast,168,40,129,337
Aransas,3,Proposition #5,,DEM,Under Votes,10,0,5,15
Aransas,3,Proposition #5,,DEM,Over Votes,0,0,0,0
Aransas,3,Proposition #6,,DEM,Yes,165,38,125,328
Aransas,3,Proposition #6,,DEM,No,4,2,4,10
Aransas,3,Proposition #6,,DEM,Ballots Cast,169,40,129,338
Aransas,3,Proposition #6,,DEM,Under Votes,9,0,5,14
Aransas,3,Proposition #6,,DEM,Over Votes,0,0,0,0
Aransas,3,Proposition #7,,DEM,Yes,152,34,123,309
Aransas,3,Proposition #7,,DEM,No,10,3,5,18
Aransas,3,Proposition #7,,DEM,Ballots Cast,162,37,128,327
Aransas,3,Proposition #7,,DEM,Under Votes,16,3,6,25
Aransas,3,Proposition #7,,DEM,Over Votes,0,0,0,0
Aransas,3,Proposition #8,,DEM,Yes,158,37,119,314
Aransas,3,Proposition #8,,DEM,No,7,2,8,17
Aransas,3,Proposition #8,,DEM,Ballots Cast,165,39,127,331
Aransas,3,Proposition #8,,DEM,Under Votes,13,1,7,21
Aransas,3,Proposition #8,,DEM,Over Votes,0,0,0,0
Aransas,3,Proposition #9,,DEM,Yes,158,39,124,321
Aransas,3,Proposition #9,,DEM,No,8,0,5,13
Aransas,3,Proposition #9,,DEM,Ballots Cast,166,39,129,334
Aransas,3,Proposition #9,,DEM,Under Votes,12,1,5,18
Aransas,3,Proposition #9,,DEM,Over Votes,0,0,0,0
Aransas,3,Proposition #10,,DEM,Yes,160,37,127,324
Aransas,3,Proposition #10,,DEM,No,5,2,5,12
Aransas,3,Proposition #10,,DEM,Ballots Cast,165,39,132,336
Aransas,3,Proposition #10,,DEM,Under Votes,13,1,2,16
Aransas,3,Proposition #10,,DEM,Over Votes,0,0,0,0
Aransas,3,Proposition #11,,DEM,Yes,151,36,114,301
Aransas,3,Proposition #11,,DEM,No,11,3,11,25
Aransas,3,Proposition #11,,DEM,Ballots Cast,162,39,125,326
Aransas,3,Proposition #11,,DEM,Under Votes,16,1,9,26
Aransas,3,Proposition #11,,DEM,Over Votes,0,0,0,0
Aransas,4,President,,DEM,Marianne Williamson,0,0,0,0
Aransas,4,President,,DEM,Amy Klobuchar,1,10,4,15
Aransas,4,President,,DEM,Tulsi Gabbard,3,0,0,3
Aransas,4,President,,DEM,Joseph R. Biden,93,11,39,143
Aransas,4,President,,DEM,Andrew Yang,0,1,0,1
Aransas,4,President,,DEM,Deval Patrick,0,0,1,1
Aransas,4,President,,DEM,Robby Wells,1,0,0,1
Aransas,4,President,,DEM,"Roque ""Rocky"" De La Fuente",0,0,0,0
Aransas,4,President,,DEM,Michael Bennet,0,0,0,0
Aransas,4,President,,DEM,Cory Booker,0,0,0,0
Aransas,4,President,,DEM,Michael R. Bloomberg,25,7,22,54
Aransas,4,President,,DEM,Bernie Sanders,29,10,17,56
Aransas,4,President,,DEM,John K. Delaney,0,0,0,0
Aransas,4,President,,DEM,Tom Steyer,2,0,0,2
Aransas,4,President,,DEM,Elizabeth Warren,11,7,19,37
Aransas,4,President,,DEM,Julián Castro,0,0,0,0
Aransas,4,President,,DEM,Pete Buttigieg,0,6,11,17
Aransas,4,President,,DEM,Ballots Cast,165,52,113,330
Aransas,4,President,,DEM,Under Votes,4,1,1,6
Aransas,4,President,,DEM,Over Votes,0,0,0,0
Aransas,4,U.S. Senate,,DEM,"Annie ""Mamá"" Garcia",11,2,7,20
Aransas,4,U.S. Senate,,DEM,Amanda K. Edwards,21,6,15,42
Aransas,4,U.S. Senate,,DEM,Adrian Ocegueda,4,0,0,4
Aransas,4,U.S. Senate,,DEM,Victor Hugo Harris,6,3,3,12
Aransas,4,U.S. Senate,,DEM,Royce West,4,2,9,15
Aransas,4,U.S. Senate,,DEM,Jack Daniel Foster Jr,3,1,0,4
Aransas,4,U.S. Senate,,DEM,"Mary ""MJ"" Hegar",30,19,35,84
Aransas,4,U.S. Senate,,DEM,Cristina Tzintzun Ramirez,31,4,17,52
Aransas,4,U.S. Senate,,DEM,Sema Hernandez,5,5,0,10
Aransas,4,U.S. Senate,,DEM,D.R. Hunter,3,2,2,7
Aransas,4,U.S. Senate,,DEM,Michael Cooper,6,1,3,10
Aransas,4,U.S. Senate,,DEM,Chris Bell,6,8,3,17
Aransas,4,U.S. Senate,,DEM,Ballots Cast,130,53,94,277
Aransas,4,U.S. Senate,,DEM,Under Votes,39,0,20,59
Aransas,4,U.S. Senate,,DEM,Over Votes,0,0,0,0
Aransas,4,U.S. House,27,DEM,"Ricardo ""Rick"" de la Fuente",58,16,26,100
Aransas,4,U.S. House,27,DEM,Charlie Jackson,67,34,60,161
Aransas,4,U.S. House,27,DEM,Ballots Cast,125,50,86,261
Aransas,4,U.S. House,27,DEM,Under Votes,44,3,28,75
Aransas,4,U.S. House,27,DEM,Over Votes,0,0,0,0
Aransas,4,Railroad Commissioner,,DEM,"Roberto R. ""Beto"" Alonzo",31,8,15,54
Aransas,4,Railroad Commissioner,,DEM,Chrysta Castañeda,38,25,17,80
Aransas,4,Railroad Commissioner,,DEM,Mark Watson,34,11,14,59
Aransas,4,Railroad Commissioner,,DEM,Kelly Stone,26,3,40,69
Aransas,4,Railroad Commissioner,,DEM,Ballots Cast,129,47,86,262
Aransas,4,Railroad Commissioner,,DEM,Under Votes,40,6,28,74
Aransas,4,Railroad Commissioner,,DEM,Over Votes,0,0,0,0
Aransas,4,"Chief Justice, Supreme Court",,DEM,Amy Clark Meachum,103,39,77,219
Aransas,4,"Chief Justice, Supreme Court",,DEM,Jerry Zimmerer,24,9,14,47
Aransas,4,"Chief Justice, Supreme Court",,DEM,Ballots Cast,127,48,91,266
Aransas,4,"Chief Justice, Supreme Court",,DEM,Under Votes,42,5,23,70
Aransas,4,"Chief Justice, Supreme Court",,DEM,Over Votes,0,0,0,0
Aransas,4,"Justice, Supreme Court, Place 6",,DEM,Larry Praeger,45,17,28,90
Aransas,4,"Justice, Supreme Court, Place 6",,DEM,Kathy Cheng,80,32,60,172
Aransas,4,"Justice, Supreme Court, Place 6",,DEM,Ballots Cast,125,49,88,262
Aransas,4,"Justice, Supreme Court, Place 6",,DEM,Under Votes,44,4,26,74
Aransas,4,"Justice, Supreme Court, Place 6",,DEM,Over Votes,0,0,0,0
Aransas,4,"Justice, Supreme Court, Place 7",,DEM,Brandy Voss,47,21,27,95
Aransas,4,"Justice, Supreme Court, Place 7",,DEM,Staci Williams,72,28,58,158
Aransas,4,"Justice, Supreme Court, Place 7",,DEM,Ballots Cast,119,49,85,253
Aransas,4,"Justice, Supreme Court, Place 7",,DEM,Under Votes,50,4,29,83
Aransas,4,"Justice, Supreme Court, Place 7",,DEM,Over Votes,0,0,0,0
Aransas,4,"Justice, Supreme Court, Place 8",,DEM,Peter Kelly,40,18,29,87
Aransas,4,"Justice, Supreme Court, Place 8",,DEM,Gisela D. Triana,80,31,53,164
Aransas,4,"Justice, Supreme Court, Place 8",,DEM,Ballots Cast,120,49,82,251
Aransas,4,"Justice, Supreme Court, Place 8",,DEM,Under Votes,49,4,32,85
Aransas,4,"Justice, Supreme Court, Place 8",,DEM,Over Votes,0,0,0,0
Aransas,4,"Judge, Court of Criminal Appeals, Place 3",,DEM,Dan Wood,31,14,23,68
Aransas,4,"Judge, Court of Criminal Appeals, Place 3",,DEM,William Pieratt Demond,9,3,5,17
Aransas,4,"Judge, Court of Criminal Appeals, Place 3",,DEM,Elizabeth Davis Frizell,83,32,55,170
Aransas,4,"Judge, Court of Criminal Appeals, Place 3",,DEM,Ballots Cast,123,49,83,255
Aransas,4,"Judge, Court of Criminal Appeals, Place 3",,DEM,Under Votes,46,4,31,81
Aransas,4,"Judge, Court of Criminal Appeals, Place 3",,DEM,Over Votes,0,0,0,0
Aransas,4,"Judge, Court of Criminal Appeals, Place 4",,DEM,Steven Miears,26,13,18,57
Aransas,4,"Judge, Court of Criminal Appeals, Place 4",,DEM,Tina Clinton,94,36,65,195
Aransas,4,"Judge, Court of Criminal Appeals, Place 4",,DEM,Ballots Cast,120,49,83,252
Aransas,4,"Judge, Court of Criminal Appeals, Place 4",,DEM,Under Votes,49,4,31,84
Aransas,4,"Judge, Court of Criminal Appeals, Place 4",,DEM,Over Votes,0,0,0,0
Aransas,4,"Judge, Court of Criminal Appeals, Place 9",,DEM,Brandon Birmingham,104,42,79,225
Aransas,4,"Judge, Court of Criminal Appeals, Place 9",,DEM,Ballots Cast,104,42,79,225
Aransas,4,"Judge, Court of Criminal Appeals, Place 9",,DEM,Under Votes,65,11,35,111
Aransas,4,"Judge, Court of Criminal Appeals, Place 9",,DEM,Over Votes,0,0,0,0
Aransas,4,State Senate,18,DEM,Michael Antalan,105,39,82,226
Aransas,4,State Senate,18,DEM,Ballots Cast,105,39,82,226
Aransas,4,State Senate,18,DEM,Under Votes,64,14,32,110
Aransas,4,State Senate,18,DEM,Over Votes,0,0,0,0
Aransas,4,"Justice, 13th Court of Appeals District, Place 4",,DEM,Migdalia Lopez,105,41,74,220
Aransas,4,"Justice, 13th Court of Appeals District, Place 4",,DEM,Ballots Cast,105,41,74,220
Aransas,4,"Justice, 13th Court of Appeals District, Place 4",,DEM,Under Votes,64,12,40,116
Aransas,4,"Justice, 13th Court of Appeals District, Place 4",,DEM,Over Votes,0,0,0,0
Aransas,4,"Justice, 13th Court of Appeals District, Place 6",,DEM,Nereida Lopez-Singleterry,102,41,74,217
Aransas,4,"Justice, 13th Court of Appeals District, Place 6",,DEM,Ballots Cast,102,41,74,217
Aransas,4,"Justice, 13th Court of Appeals District, Place 6",,DEM,Under Votes,67,12,40,119
Aransas,4,"Justice, 13th Court of Appeals District, Place 6",,DEM,Over Votes,0,0,0,0
Aransas,4,County Chairman,,DEM,Connie Marek,48,18,34,100
Aransas,4,County Chairman,,DEM,Pamela Meyer,75,28,52,155
Aransas,4,County Chairman,,DEM,Ballots Cast,123,46,86,255
Aransas,4,County Chairman,,DEM,Under Votes,46,7,28,81
Aransas,4,County Chairman,,DEM,Over Votes,0,0,0,0
Aransas,4,Proposition #1,,DEM,Yes,136,45,95,276
Aransas,4,Proposition #1,,DEM,No,16,7,11,34
Aransas,4,Proposition #1,,DEM,Ballots Cast,152,52,106,310
Aransas,4,Proposition #1,,DEM,Under Votes,17,1,8,26
Aransas,4,Proposition #1,,DEM,Over Votes,0,0,0,0
Aransas,4,Proposition #2,,DEM,Yes,138,42,100,280
Aransas,4,Proposition #2,,DEM,No,11,9,7,27
Aransas,4,Proposition #2,,DEM,Ballots Cast,149,51,107,307
Aransas,4,Proposition #2,,DEM,Under Votes,20,2,7,29
Aransas,4,Proposition #2,,DEM,Over Votes,0,0,0,0
Aransas,4,Proposition #3,,DEM,Yes,148,46,105,299
Aransas,4,Proposition #3,,DEM,No,8,6,3,17
Aransas,4,Proposition #3,,DEM,Ballots Cast,156,52,108,316
Aransas,4,Proposition #3,,DEM,Under Votes,13,1,6,20
Aransas,4,Proposition #3,,DEM,Over Votes,0,0,0,0
Aransas,4,Proposition #4,,DEM,Yes,135,42,98,275
Aransas,4,Proposition #4,,DEM,No,15,9,9,33
Aransas,4,Proposition #4,,DEM,Ballots Cast,150,51,107,308
Aransas,4,Proposition #4,,DEM,Under Votes,19,2,7,28
Aransas,4,Proposition #4,,DEM,Over Votes,0,0,0,0
Aransas,4,Proposition #5,,DEM,Yes,147,47,103,297
Aransas,4,Proposition #5,,DEM,No,6,5,3,14
Aransas,4,Proposition #5,,DEM,Ballots Cast,153,52,106,311
Aransas,4,Proposition #5,,DEM,Under Votes,16,1,8,25
Aransas,4,Proposition #5,,DEM,Over Votes,0,0,0,0
Aransas,4,Proposition #6,,DEM,Yes,143,48,100,291
Aransas,4,Proposition #6,,DEM,No,9,3,4,16
Aransas,4,Proposition #6,,DEM,Ballots Cast,152,51,104,307
Aransas,4,Proposition #6,,DEM,Under Votes,17,2,10,29
Aransas,4,Proposition #6,,DEM,Over Votes,0,0,0,0
Aransas,4,Proposition #7,,DEM,Yes,142,39,98,279
Aransas,4,Proposition #7,,DEM,No,11,10,7,28
Aransas,4,Proposition #7,,DEM,Ballots Cast,153,49,105,307
Aransas,4,Proposition #7,,DEM,Under Votes,16,4,9,29
Aransas,4,Proposition #7,,DEM,Over Votes,0,0,0,0
Aransas,4,Proposition #8,,DEM,Yes,149,46,100,295
Aransas,4,Proposition #8,,DEM,No,7,6,6,19
Aransas,4,Proposition #8,,DEM,Ballots Cast,156,52,106,314
Aransas,4,Proposition #8,,DEM,Under Votes,13,1,8,22
Aransas,4,Proposition #8,,DEM,Over Votes,0,0,0,0
Aransas,4,Proposition #9,,DEM,Yes,149,46,101,296
Aransas,4,Proposition #9,,DEM,No,3,5,4,12
Aransas,4,Proposition #9,,DEM,Ballots Cast,152,51,105,308
Aransas,4,Proposition #9,,DEM,Under Votes,17,2,9,28
Aransas,4,Proposition #9,,DEM,Over Votes,0,0,0,0
Aransas,4,Proposition #10,,DEM,Yes,142,47,95,284
Aransas,4,Proposition #10,,DEM,No,10,5,11,26
Aransas,4,Proposition #10,,DEM,Ballots Cast,152,52,106,310
Aransas,4,Proposition #10,,DEM,Under Votes,17,1,8,26
Aransas,4,Proposition #10,,DEM,Over Votes,0,0,0,0
Aransas,4,Proposition #11,,DEM,Yes,135,36,94,265
Aransas,4,Proposition #11,,DEM,No,17,15,8,40
Aransas,4,Proposition #11,,DEM,Ballots Cast,152,51,102,305
Aransas,4,Proposition #11,,DEM,Under Votes,17,2,12,31
Aransas,4,Proposition #11,,DEM,Over Votes,0,0,0,0
Aransas,4A,President,,DEM,Marianne Williamson,0,0,0,0
Aransas,4A,President,,DEM,Amy Klobuchar,0,0,3,3
Aransas,4A,President,,DEM,Tulsi Gabbard,1,0,0,1
Aransas,4A,President,,DEM,Joseph R. Biden,27,4,12,43
Aransas,4A,President,,DEM,Andrew Yang,0,0,1,1
Aransas,4A,President,,DEM,Deval Patrick,0,0,0,0
Aransas,4A,President,,DEM,Robby Wells,0,0,0,0
Aransas,4A,President,,DEM,"Roque ""Rocky"" De La Fuente",0,0,0,0
Aransas,4A,President,,DEM,Michael Bennet,0,0,0,0
Aransas,4A,President,,DEM,Cory Booker,0,0,0,0
Aransas,4A,President,,DEM,Michael R. Bloomberg,3,3,5,11
Aransas,4A,President,,DEM,Bernie Sanders,3,1,5,9
Aransas,4A,President,,DEM,John K. Delaney,0,0,0,0
Aransas,4A,President,,DEM,Tom Steyer,0,0,1,1
Aransas,4A,President,,DEM,Elizabeth Warren,4,0,4,8
Aransas,4A,President,,DEM,Julián Castro,0,0,1,1
Aransas,4A,President,,DEM,Pete Buttigieg,0,1,5,6
Aransas,4A,President,,DEM,Ballots Cast,38,9,37,84
Aransas,4A,President,,DEM,Under Votes,0,0,1,1
Aransas,4A,President,,DEM,Over Votes,0,0,0,0
Aransas,4A,U.S. Senate,,DEM,"Annie ""Mamá"" Garcia",7,0,3,10
Aransas,4A,U.S. Senate,,DEM,Amanda K. Edwards,7,0,4,11
Aransas,4A,U.S. Senate,,DEM,Adrian Ocegueda,0,0,1,1
Aransas,4A,U.S. Senate,,DEM,Victor Hugo Harris,1,0,1,2
Aransas,4A,U.S. Senate,,DEM,Royce West,1,0,4,5
Aransas,4A,U.S. Senate,,DEM,Jack Daniel Foster Jr,2,0,1,3
Aransas,4A,U.S. Senate,,DEM,"Mary ""MJ"" Hegar",1,4,6,11
Aransas,4A,U.S. Senate,,DEM,Cristina Tzintzun Ramirez,4,0,7,11
Aransas,4A,U.S. Senate,,DEM,Sema Hernandez,1,0,1,2
Aransas,4A,U.S. Senate,,DEM,D.R. Hunter,2,1,0,3
Aransas,4A,U.S. Senate,,DEM,Michael Cooper,0,1,1,2
Aransas,4A,U.S. Senate,,DEM,Chris Bell,2,0,3,5
Aransas,4A,U.S. Senate,,DEM,Ballots Cast,28,6,32,66
Aransas,4A,U.S. Senate,,DEM,Under Votes,10,3,6,19
Aransas,4A,U.S. Senate,,DEM,Over Votes,0,0,0,0
Aransas,4A,U.S. House,27,DEM,"Ricardo ""Rick"" de la Fuente",12,2,15,29
Aransas,4A,U.S. House,27,DEM,Charlie Jackson,16,3,17,36
Aransas,4A,U.S. House,27,DEM,Ballots Cast,28,5,32,65
Aransas,4A,U.S. House,27,DEM,Under Votes,10,4,6,20
Aransas,4A,U.S. House,27,DEM,Over Votes,0,0,0,0
Aransas,4A,Railroad Commissioner,,DEM,"Roberto R. ""Beto"" Alonzo",11,0,6,17
Aransas,4A,Railroad Commissioner,,DEM,Chrysta Castañeda,5,3,11,19
Aransas,4A,Railroad Commissioner,,DEM,Mark Watson,5,2,6,13
Aransas,4A,Railroad Commissioner,,DEM,Kelly Stone,6,0,7,13
Aransas,4A,Railroad Commissioner,,DEM,Ballots Cast,27,5,30,62
Aransas,4A,Railroad Commissioner,,DEM,Under Votes,11,4,8,23
Aransas,4A,Railroad Commissioner,,DEM,Over Votes,0,0,0,0
Aransas,4A,"Chief Justice, Supreme Court",,DEM,Amy Clark Meachum,22,5,31,58
Aransas,4A,"Chief Justice, Supreme Court",,DEM,Jerry Zimmerer,7,0,3,10
Aransas,4A,"Chief Justice, Supreme Court",,DEM,Ballots Cast,29,5,34,68
Aransas,4A,"Chief Justice, Supreme Court",,DEM,Under Votes,9,4,4,17
Aransas,4A,"Chief Justice, Supreme Court",,DEM,Over Votes,0,0,0,0
Aransas,4A,"Justice, Supreme Court, Place 6",,DEM,Larry Praeger,9,3,7,19
Aransas,4A,"Justice, Supreme Court, Place 6",,DEM,Kathy Cheng,20,2,26,48
Aransas,4A,"Justice, Supreme Court, Place 6",,DEM,Ballots Cast,29,5,33,67
Aransas,4A,"Justice, Supreme Court, Place 6",,DEM,Under Votes,9,4,5,18
Aransas,4A,"Justice, Supreme Court, Place 6",,DEM,Over Votes,0,0,0,0
Aransas,4A,"Justice, Supreme Court, Place 7",,DEM,Brandy Voss,11,4,11,26
Aransas,4A,"Justice, Supreme Court, Place 7",,DEM,Staci Williams,16,1,21,38
Aransas,4A,"Justice, Supreme Court, Place 7",,DEM,Ballots Cast,27,5,32,64
Aransas,4A,"Justice, Supreme Court, Place 7",,DEM,Under Votes,11,4,6,21
Aransas,4A,"Justice, Supreme Court, Place 7",,DEM,Over Votes,0,0,0,0
Aransas,4A,"Justice, Supreme Court, Place 8",,DEM,Peter Kelly,12,2,9,23
Aransas,4A,"Justice, Supreme Court, Place 8",,DEM,Gisela D. Triana,16,3,21,40
Aransas,4A,"Justice, Supreme Court, Place 8",,DEM,Ballots Cast,28,5,30,63
Aransas,4A,"Justice, Supreme Court, Place 8",,DEM,Under Votes,10,4,8,22
Aransas,4A,"Justice, Supreme Court, Place 8",,DEM,Over Votes,0,0,0,0
Aransas,4A,"Judge, Court of Criminal Appeals, Place 3",,DEM,Dan Wood,8,0,8,16
Aransas,4A,"Judge, Court of Criminal Appeals, Place 3",,DEM,William Pieratt Demond,1,0,0,1
Aransas,4A,"Judge, Court of Criminal Appeals, Place 3",,DEM,Elizabeth Davis Frizell,19,5,24,48
Aransas,4A,"Judge, Court of Criminal Appeals, Place 3",,DEM,Ballots Cast,28,5,32,65
Aransas,4A,"Judge, Court of Criminal Appeals, Place 3",,DEM,Under Votes,10,4,6,20
Aransas,4A,"Judge, Court of Criminal Appeals, Place 3",,DEM,Over Votes,0,0,0,0
Aransas,4A,"Judge, Court of Criminal Appeals, Place 4",,DEM,Steven Miears,4,1,4,9
Aransas,4A,"Judge, Court of Criminal Appeals, Place 4",,DEM,Tina Clinton,23,4,26,53
Aransas,4A,"Judge, Court of Criminal Appeals, Place 4",,DEM,Ballots Cast,27,5,30,62
Aransas,4A,"Judge, Court of Criminal Appeals, Place 4",,DEM,Under Votes,11,4,8,23
Aransas,4A,"Judge, Court of Criminal Appeals, Place 4",,DEM,Over Votes,0,0,0,0
Aransas,4A,"Judge, Court of Criminal Appeals, Place 9",,DEM,Brandon Birmingham,25,5,26,56
Aransas,4A,"Judge, Court of Criminal Appeals, Place 9",,DEM,Ballots Cast,25,5,26,56
Aransas,4A,"Judge, Court of Criminal Appeals, Place 9",,DEM,Under Votes,13,4,12,29
Aransas,4A,"Judge, Court of Criminal Appeals, Place 9",,DEM,Over Votes,0,0,0,0
Aransas,4A,State Senate,18,DEM,Michael Antalan,26,5,28,59
Aransas,4A,State Senate,18,DEM,Ballots Cast,26,5,28,59
Aransas,4A,State Senate,18,DEM,Under Votes,12,4,10,26
Aransas,4A,State Senate,18,DEM,Over Votes,0,0,0,0
Aransas,4A,"Justice, 13th Court of Appeals District, Place 4",,DEM,Migdalia Lopez,25,5,28,58
Aransas,4A,"Justice, 13th Court of Appeals District, Place 4",,DEM,Ballots Cast,25,5,28,58
Aransas,4A,"Justice, 13th Court of Appeals District, Place 4",,DEM,Under Votes,13,4,10,27
Aransas,4A,"Justice, 13th Court of Appeals District, Place 4",,DEM,Over Votes,0,0,0,0
Aransas,4A,"Justice, 13th Court of Appeals District, Place 6",,DEM,Nereida Lopez-Singleterry,23,5,27,55
Aransas,4A,"Justice, 13th Court of Appeals District, Place 6",,DEM,Ballots Cast,23,5,27,55
Aransas,4A,"Justice, 13th Court of Appeals District, Place 6",,DEM,Under Votes,15,4,11,30
Aransas,4A,"Justice, 13th Court of Appeals District, Place 6",,DEM,Over Votes,0,0,0,0
Aransas,4A,County Chairman,,DEM,Connie Marek,14,3,7,24
Aransas,4A,County Chairman,,DEM,Pamela Meyer,13,2,20,35
Aransas,4A,County Chairman,,DEM,Ballots Cast,27,5,27,59
Aransas,4A,County Chairman,,DEM,Under Votes,11,4,11,26
Aransas,4A,County Chairman,,DEM,Over Votes,0,0,0,0
Aransas,4A,Proposition #1,,DEM,Yes,31,9,36,76
Aransas,4A,Proposition #1,,DEM,No,6,0,0,6
Aransas,4A,Proposition #1,,DEM,Ballots Cast,37,9,36,82
Aransas,4A,Proposition #1,,DEM,Under Votes,1,0,2,3
Aransas,4A,Proposition #1,,DEM,Over Votes,0,0,0,0
Aransas,4A,Proposition #2,,DEM,Yes,33,6,34,73
Aransas,4A,Proposition #2,,DEM,No,3,3,1,7
Aransas,4A,Proposition #2,,DEM,Ballots Cast,36,9,35,80
Aransas,4A,Proposition #2,,DEM,Under Votes,2,0,3,5
Aransas,4A,Proposition #2,,DEM,Over Votes,0,0,0,0
Aransas,4A,Proposition #3,,DEM,Yes,38,9,35,82
Aransas,4A,Proposition #3,,DEM,No,0,0,0,0
Aransas,4A,Proposition #3,,DEM,Ballots Cast,38,9,35,82
Aransas,4A,Proposition #3,,DEM,Under Votes,0,0,3,3
Aransas,4A,Proposition #3,,DEM,Over Votes,0,0,0,0
Aransas,4A,Proposition #4,,DEM,Yes,35,8,33,76
Aransas,4A,Proposition #4,,DEM,No,2,1,3,6
Aransas,4A,Proposition #4,,DEM,Ballots Cast,37,9,36,82
Aransas,4A,Proposition #4,,DEM,Under Votes,1,0,2,3
Aransas,4A,Proposition #4,,DEM,Over Votes,0,0,0,0
Aransas,4A,Proposition #5,,DEM,Yes,37,9,35,81
Aransas,4A,Proposition #5,,DEM,No,0,0,1,1
Aransas,4A,Proposition #5,,DEM,Ballots Cast,37,9,36,82
Aransas,4A,Proposition #5,,DEM,Under Votes,1,0,2,3
Aransas,4A,Proposition #5,,DEM,Over Votes,0,0,0,0
Aransas,4A,Proposition #6,,DEM,Yes,37,9,35,81
Aransas,4A,Proposition #6,,DEM,No,1,0,0,1
Aransas,4A,Proposition #6,,DEM,Ballots Cast,38,9,35,82
Aransas,4A,Proposition #6,,DEM,Under Votes,0,0,3,3
Aransas,4A,Proposition #6,,DEM,Over Votes,0,0,0,0
Aransas,4A,Proposition #7,,DEM,Yes,35,9,34,78
Aransas,4A,Proposition #7,,DEM,No,2,0,0,2
Aransas,4A,Proposition #7,,DEM,Ballots Cast,37,9,34,80
Aransas,4A,Proposition #7,,DEM,Under Votes,1,0,4,5
Aransas,4A,Proposition #7,,DEM,Over Votes,0,0,0,0
Aransas,4A,Proposition #8,,DEM,Yes,37,9,33,79
Aransas,4A,Proposition #8,,DEM,No,0,0,2,2
Aransas,4A,Proposition #8,,DEM,Ballots Cast,37,9,35,81
Aransas,4A,Proposition #8,,DEM,Under Votes,1,0,3,4
Aransas,4A,Proposition #8,,DEM,Over Votes,0,0,0,0
Aransas,4A,Proposition #9,,DEM,Yes,36,8,34,78
Aransas,4A,Proposition #9,,DEM,No,0,1,1,2
Aransas,4A,Proposition #9,,DEM,Ballots Cast,36,9,35,80
Aransas,4A,Proposition #9,,DEM,Under Votes,2,0,3,5
Aransas,4A,Proposition #9,,DEM,Over Votes,0,0,0,0
Aransas,4A,Proposition #10,,DEM,Yes,34,8,36,78
Aransas,4A,Proposition #10,,DEM,No,3,1,0,4
Aransas,4A,Proposition #10,,DEM,Ballots Cast,37,9,36,82
Aransas,4A,Proposition #10,,DEM,Under Votes,1,0,2,3
Aransas,4A,Proposition #10,,DEM,Over Votes,0,0,0,0
Aransas,4A,Proposition #11,,DEM,Yes,35,9,33,77
Aransas,4A,Proposition #11,,DEM,No,2,0,3,5
Aransas,4A,Proposition #11,,DEM,Ballots Cast,37,9,36,82
Aransas,4A,Proposition #11,,DEM,Under Votes,1,0,2,3
Aransas,4A,Proposition #11,,DEM,Over Votes,0,0,0,0