county,precinct,office,district,party,candidate,early_voting,election_day,votes
Comanche,1,U.S. House,11,REP,August Pfluger,722,145,867
Comanche,1,U.S. House,11,DEM,Jon Mark Hogg,105,22,127
Comanche,1,U.S. House,11,LIB,Wacey Alpha Cody,9,7,16
Comanche,10,U.S. House,11,REP,August Pfluger,125,127,252
Comanche,10,U.S. House,11,DEM,Jon Mark Hogg,22,15,37
Comanche,10,U.S. House,11,LIB,Wacey Alpha Cody,4,5,9
Comanche,11,U.S. House,11,REP,August Pfluger,252,63,315
Comanche,11,U.S. House,11,DEM,Jon Mark Hogg,60,10,70
Comanche,11,U.S. House,11,LIB,Wacey Alpha Cody,7,3,10
Comanche,12,U.S. House,11,REP,August Pfluger,867,226,1093
Comanche,12,U.S. House,11,DEM,Jon Mark Hogg,181,28,209
Comanche,12,U.S. House,11,LIB,Wacey Alpha Cody,12,2,14
Comanche,13,U.S. House,11,REP,August Pfluger,117,35,152
Comanche,13,U.S. House,11,DEM,Jon Mark Hogg,17,9,26
Comanche,13,U.S. House,11,LIB,Wacey Alpha Cody,1,1,2
Comanche,14,U.S. House,11,REP,August Pfluger,51,27,78
Comanche,14,U.S. House,11,DEM,Jon Mark Hogg,13,3,16
Comanche,14,U.S. House,11,LIB,Wacey Alpha Cody,0,1,1
Comanche,15,U.S. House,11,REP,August Pfluger,185,122,307
Comanche,15,U.S. House,11,DEM,Jon Mark Hogg,21,6,27
Comanche,15,U.S. House,11,LIB,Wacey Alpha Cody,8,2,10
Comanche,16,U.S. House,11,REP,August Pfluger,38,35,73
Comanche,16,U.S. House,11,DEM,Jon Mark Hogg,1,1,2
Comanche,16,U.S. House,11,LIB,Wacey Alpha Cody,1,0,1
Comanche,2,U.S. House,11,REP,August Pfluger,736,176,912
Comanche,2,U.S. House,11,DEM,Jon Mark Hogg,111,32,143
Comanche,2,U.S. House,11,LIB,Wacey Alpha Cody,10,7,17
Comanche,4,U.S. House,11,REP,August Pfluger,44,11,55
Comanche,4,U.S. House,11,DEM,Jon Mark Hogg,10,0,10
Comanche,4,U.S. House,11,LIB,Wacey Alpha Cody,3,0,3
Comanche,5,U.S. House,11,REP,August Pfluger,332,69,401
Comanche,5,U.S. House,11,DEM,Jon Mark Hogg,52,15,67
Comanche,5,U.S. House,11,LIB,Wacey Alpha Cody,3,2,5
Comanche,6,U.S. House,11,REP,August Pfluger,158,70,228
Comanche,6,U.S. House,11,DEM,Jon Mark Hogg,24,8,32
Comanche,6,U.S. House,11,LIB,Wacey Alpha Cody,0,3,3
Comanche,7,U.S. House,11,REP,August Pfluger,116,59,175
Comanche,7,U.S. House,11,DEM,Jon Mark Hogg,18,9,27
Comanche,7,U.S. House,11,LIB,Wacey Alpha Cody,4,2,6
Comanche,9,U.S. House,11,REP,August Pfluger,96,2,98
Comanche,9,U.S. House,11,DEM,Jon Mark Hogg,12,0,12
Comanche,9,U.S. House,11,LIB,Wacey Alpha Cody,3,0,3
Comanche,1,Railroad Commissioner,,DEM,Chrysta Castaneda,107,20,127
Comanche,1,Railroad Commissioner,,REP,"James ""Jim"" Wright",712,148,860
Comanche,1,Railroad Commissioner,,ONA,"Katija ""Kat"" Gruene",7,2,9
Comanche,1,Railroad Commissioner,,LIB,Matt Sterett,11,5,16
Comanche,10,Railroad Commissioner,,DEM,Chrysta Castaneda,20,15,35
Comanche,10,Railroad Commissioner,,REP,"James ""Jim"" Wright",128,130,258
Comanche,10,Railroad Commissioner,,ONA,"Katija ""Kat"" Gruene",0,0,0
Comanche,10,Railroad Commissioner,,LIB,Matt Sterett,4,3,7
Comanche,11,Railroad Commissioner,,DEM,Chrysta Castaneda,57,10,67
Comanche,11,Railroad Commissioner,,REP,"James ""Jim"" Wright",250,65,315
Comanche,11,Railroad Commissioner,,ONA,"Katija ""Kat"" Gruene",0,0,0
Comanche,11,Railroad Commissioner,,LIB,Matt Sterett,13,2,15
Comanche,12,Railroad Commissioner,,DEM,Chrysta Castaneda,177,27,204
Comanche,12,Railroad Commissioner,,REP,"James ""Jim"" Wright",867,225,1092
Comanche,12,Railroad Commissioner,,ONA,"Katija ""Kat"" Gruene",3,0,3
Comanche,12,Railroad Commissioner,,LIB,Matt Sterett,11,6,17
Comanche,13,Railroad Commissioner,,DEM,Chrysta Castaneda,19,9,28
Comanche,13,Railroad Commissioner,,REP,"James ""Jim"" Wright",115,31,146
Comanche,13,Railroad Commissioner,,ONA,"Katija ""Kat"" Gruene",0,2,2
Comanche,13,Railroad Commissioner,,LIB,Matt Sterett,3,2,5
Comanche,14,Railroad Commissioner,,DEM,Chrysta Castaneda,12,2,14
Comanche,14,Railroad Commissioner,,REP,"James ""Jim"" Wright",48,28,76
Comanche,14,Railroad Commissioner,,ONA,"Katija ""Kat"" Gruene",1,0,1
Comanche,14,Railroad Commissioner,,LIB,Matt Sterett,0,1,1
Comanche,15,Railroad Commissioner,,DEM,Chrysta Castaneda,20,6,26
Comanche,15,Railroad Commissioner,,REP,"James ""Jim"" Wright",181,119,300
Comanche,15,Railroad Commissioner,,ONA,"Katija ""Kat"" Gruene",2,0,2
Comanche,15,Railroad Commissioner,,LIB,Matt Sterett,10,3,13
Comanche,16,Railroad Commissioner,,DEM,Chrysta Castaneda,2,1,3
Comanche,16,Railroad Commissioner,,REP,"James ""Jim"" Wright",39,34,73
Comanche,16,Railroad Commissioner,,ONA,"Katija ""Kat"" Gruene",0,0,0
Comanche,16,Railroad Commissioner,,LIB,Matt Sterett,0,2,2
Comanche,2,Railroad Commissioner,,DEM,Chrysta Castaneda,105,40,145
Comanche,2,Railroad Commissioner,,REP,"James ""Jim"" Wright",739,163,902
Comanche,2,Railroad Commissioner,,ONA,"Katija ""Kat"" Gruene",3,2,5
Comanche,2,Railroad Commissioner,,LIB,Matt Sterett,11,5,16
Comanche,4,Railroad Commissioner,,DEM,Chrysta Castaneda,10,0,10
Comanche,4,Railroad Commissioner,,REP,"James ""Jim"" Wright",44,11,55
Comanche,4,Railroad Commissioner,,ONA,"Katija ""Kat"" Gruene",1,0,1
Comanche,4,Railroad Commissioner,,LIB,Matt Sterett,2,0,2
Comanche,5,Railroad Commissioner,,DEM,Chrysta Castaneda,45,10,55
Comanche,5,Railroad Commissioner,,REP,"James ""Jim"" Wright",341,72,413
Comanche,5,Railroad Commissioner,,ONA,"Katija ""Kat"" Gruene",0,3,3
Comanche,5,Railroad Commissioner,,LIB,Matt Sterett,4,2,6
Comanche,6,Railroad Commissioner,,DEM,Chrysta Castaneda,28,8,36
Comanche,6,Railroad Commissioner,,REP,"James ""Jim"" Wright",153,71,224
Comanche,6,Railroad Commissioner,,ONA,"Katija ""Kat"" Gruene",0,0,0
Comanche,6,Railroad Commissioner,,LIB,Matt Sterett,1,2,3
Comanche,7,Railroad Commissioner,,DEM,Chrysta Castaneda,20,7,27
Comanche,7,Railroad Commissioner,,REP,"James ""Jim"" Wright",117,60,177
Comanche,7,Railroad Commissioner,,ONA,"Katija ""Kat"" Gruene",0,0,0
Comanche,7,Railroad Commissioner,,LIB,Matt Sterett,2,1,3
Comanche,9,Railroad Commissioner,,DEM,Chrysta Castaneda,14,0,14
Comanche,9,Railroad Commissioner,,REP,"James ""Jim"" Wright",96,2,98
Comanche,9,Railroad Commissioner,,ONA,"Katija ""Kat"" Gruene",0,0,0
Comanche,9,Railroad Commissioner,,LIB,Matt Sterett,2,0,2
Comanche,1,"Chief Justice, Supreme Court",,DEM,Amy Clark Meachum,106,25,131
Comanche,1,"Chief Justice, Supreme Court",,LIB,Mark Ash,9,5,14
Comanche,1,"Chief Justice, Supreme Court",,REP,Nathan Hecht,721,147,868
Comanche,10,"Chief Justice, Supreme Court",,DEM,Amy Clark Meachum,22,16,38
Comanche,10,"Chief Justice, Supreme Court",,LIB,Mark Ash,4,5,9
Comanche,10,"Chief Justice, Supreme Court",,REP,Nathan Hecht,126,126,252
Comanche,11,"Chief Justice, Supreme Court",,DEM,Amy Clark Meachum,59,12,71
Comanche,11,"Chief Justice, Supreme Court",,LIB,Mark Ash,7,2,9
Comanche,11,"Chief Justice, Supreme Court",,REP,Nathan Hecht,252,63,315
Comanche,12,"Chief Justice, Supreme Court",,DEM,Amy Clark Meachum,185,28,213
Comanche,12,"Chief Justice, Supreme Court",,LIB,Mark Ash,17,3,20
Comanche,12,"Chief Justice, Supreme Court",,REP,Nathan Hecht,856,223,1079
Comanche,13,"Chief Justice, Supreme Court",,DEM,Amy Clark Meachum,18,10,28
Comanche,13,"Chief Justice, Supreme Court",,LIB,Mark Ash,2,1,3
Comanche,13,"Chief Justice, Supreme Court",,REP,Nathan Hecht,115,34,149
Comanche,14,"Chief Justice, Supreme Court",,DEM,Amy Clark Meachum,12,1,13
Comanche,14,"Chief Justice, Supreme Court",,LIB,Mark Ash,0,0,0
Comanche,14,"Chief Justice, Supreme Court",,REP,Nathan Hecht,48,30,78
Comanche,15,"Chief Justice, Supreme Court",,DEM,Amy Clark Meachum,22,7,29
Comanche,15,"Chief Justice, Supreme Court",,LIB,Mark Ash,11,2,13
Comanche,15,"Chief Justice, Supreme Court",,REP,Nathan Hecht,180,118,298
Comanche,16,"Chief Justice, Supreme Court",,DEM,Amy Clark Meachum,2,1,3
Comanche,16,"Chief Justice, Supreme Court",,LIB,Mark Ash,1,0,1
Comanche,16,"Chief Justice, Supreme Court",,REP,Nathan Hecht,37,36,73
Comanche,2,"Chief Justice, Supreme Court",,DEM,Amy Clark Meachum,112,34,146
Comanche,2,"Chief Justice, Supreme Court",,LIB,Mark Ash,8,8,16
Comanche,2,"Chief Justice, Supreme Court",,REP,Nathan Hecht,734,167,901
Comanche,4,"Chief Justice, Supreme Court",,DEM,Amy Clark Meachum,12,0,12
Comanche,4,"Chief Justice, Supreme Court",,LIB,Mark Ash,2,0,2
Comanche,4,"Chief Justice, Supreme Court",,REP,Nathan Hecht,42,11,53
Comanche,5,"Chief Justice, Supreme Court",,DEM,Amy Clark Meachum,60,15,75
Comanche,5,"Chief Justice, Supreme Court",,LIB,Mark Ash,3,2,5
Comanche,5,"Chief Justice, Supreme Court",,REP,Nathan Hecht,323,70,393
Comanche,6,"Chief Justice, Supreme Court",,DEM,Amy Clark Meachum,23,7,30
Comanche,6,"Chief Justice, Supreme Court",,LIB,Mark Ash,1,3,4
Comanche,6,"Chief Justice, Supreme Court",,REP,Nathan Hecht,156,70,226
Comanche,7,"Chief Justice, Supreme Court",,DEM,Amy Clark Meachum,21,9,30
Comanche,7,"Chief Justice, Supreme Court",,LIB,Mark Ash,1,2,3
Comanche,7,"Chief Justice, Supreme Court",,REP,Nathan Hecht,117,60,177
Comanche,9,"Chief Justice, Supreme Court",,DEM,Amy Clark Meachum,13,0,13
Comanche,9,"Chief Justice, Supreme Court",,LIB,Mark Ash,3,0,3
Comanche,9,"Chief Justice, Supreme Court",,REP,Nathan Hecht,95,2,97
Comanche,1,President,,ONA,Abram Loeb/Jennifer Jairala,0,0,0
Comanche,1,President,,ONA,Brian Carroll/Amar Patel,0,0,0
Comanche,1,President,,REP,Donald J. Trump/Michael R. Pence,749,145,894
Comanche,1,President,,ONA,Gloria La Riva/Leonard Peltier,0,0,0
Comanche,1,President,,ONA,Howie Hawkins/ Angela Walker,0,0,0
Comanche,1,President,,ONA,Jesse Cuellar/Jimmy Monreal,0,0,0
Comanche,1,President,,LIB,"Jo Jorgensen/Jeremy ""Spike"" Cohen",4,6,10
Comanche,1,President,,DEM,Joseph R. Biden/Kamala D. Harris,109,25,134
Comanche,1,President,,ONA,Kasey Wells/Rachel Wells,0,0,0
Comanche,1,President,,ONA,President R. Boddie/Eric C. Stoneham,0,0,0
Comanche,1,President,,ONA,Robert Morrow/Anne Beckett,0,0,0
Comanche,1,President,,ONA,Todd Cella/ Tim Cella,0,0,0
Comanche,1,President,,ONA,Tom Hoefling/Andy Prior,0,0,0
Comanche,10,President,,ONA,Abram Loeb/Jennifer Jairala,0,0,0
Comanche,10,President,,ONA,Brian Carroll/Amar Patel,0,0,0
Comanche,10,President,,REP,Donald J. Trump/Michael R. Pence,129,131,260
Comanche,10,President,,ONA,Gloria La Riva/Leonard Peltier,0,0,0
Comanche,10,President,,ONA,Howie Hawkins/ Angela Walker,0,0,0
Comanche,10,President,,ONA,Jesse Cuellar/Jimmy Monreal,0,0,0
Comanche,10,President,,LIB,"Jo Jorgensen/Jeremy ""Spike"" Cohen",3,4,7
Comanche,10,President,,DEM,Joseph R. Biden/Kamala D. Harris,28,15,43
Comanche,10,President,,ONA,Kasey Wells/Rachel Wells,0,0,0
Comanche,10,President,,ONA,President R. Boddie/Eric C. Stoneham,0,0,0
Comanche,10,President,,ONA,Robert Morrow/Anne Beckett,0,0,0
Comanche,10,President,,ONA,Todd Cella/ Tim Cella,0,0,0
Comanche,10,President,,ONA,Tom Hoefling/Andy Prior,0,0,0
Comanche,11,President,,ONA,Abram Loeb/Jennifer Jairala,0,0,0
Comanche,11,President,,ONA,Brian Carroll/Amar Patel,0,0,0
Comanche,11,President,,REP,Donald J. Trump/Michael R. Pence,260,68,328
Comanche,11,President,,ONA,Gloria La Riva/Leonard Peltier,0,0,0
Comanche,11,President,,ONA,Howie Hawkins/ Angela Walker,0,0,0
Comanche,11,President,,ONA,Jesse Cuellar/Jimmy Monreal,0,0,0
Comanche,11,President,,LIB,"Jo Jorgensen/Jeremy ""Spike"" Cohen",3,1,4
Comanche,11,President,,DEM,Joseph R. Biden/Kamala D. Harris,66,11,77
Comanche,11,President,,ONA,Kasey Wells/Rachel Wells,0,0,0
Comanche,11,President,,ONA,President R. Boddie/Eric C. Stoneham,0,0,0
Comanche,11,President,,ONA,Robert Morrow/Anne Beckett,0,0,0
Comanche,11,President,,ONA,Todd Cella/ Tim Cella,0,0,0
Comanche,11,President,,ONA,Tom Hoefling/Andy Prior,0,0,0
Comanche,12,President,,ONA,Abram Loeb/Jennifer Jairala,0,0,0
Comanche,12,President,,ONA,Brian Carroll/Amar Patel,0,0,0
Comanche,12,President,,REP,Donald J. Trump/Michael R. Pence,905,241,1146
Comanche,12,President,,ONA,Gloria La Riva/Leonard Peltier,0,0,0
Comanche,12,President,,ONA,Howie Hawkins/ Angela Walker,0,0,0
Comanche,12,President,,ONA,Jesse Cuellar/Jimmy Monreal,0,0,0
Comanche,12,President,,LIB,"Jo Jorgensen/Jeremy ""Spike"" Cohen",1,0,1
Comanche,12,President,,DEM,Joseph R. Biden/Kamala D. Harris,189,26,215
Comanche,12,President,,ONA,Kasey Wells/Rachel Wells,0,0,0
Comanche,12,President,,ONA,President R. Boddie/Eric C. Stoneham,0,0,0
Comanche,12,President,,ONA,Robert Morrow/Anne Beckett,0,0,0
Comanche,12,President,,ONA,Todd Cella/ Tim Cella,0,0,0
Comanche,12,President,,ONA,Tom Hoefling/Andy Prior,0,0,0
Comanche,13,President,,ONA,Abram Loeb/Jennifer Jairala,0,0,0
Comanche,13,President,,ONA,Brian Carroll/Amar Patel,0,0,0
Comanche,13,President,,REP,Donald J. Trump/Michael R. Pence,118,36,154
Comanche,13,President,,ONA,Gloria La Riva/Leonard Peltier,0,0,0
Comanche,13,President,,ONA,Howie Hawkins/ Angela Walker,0,0,0
Comanche,13,President,,ONA,Jesse Cuellar/Jimmy Monreal,0,0,0
Comanche,13,President,,LIB,"Jo Jorgensen/Jeremy ""Spike"" Cohen",0,1,1
Comanche,13,President,,DEM,Joseph R. Biden/Kamala D. Harris,21,9,30
Comanche,13,President,,ONA,Kasey Wells/Rachel Wells,0,0,0
Comanche,13,President,,ONA,President R. Boddie/Eric C. Stoneham,0,0,0
Comanche,13,President,,ONA,Robert Morrow/Anne Beckett,0,0,0
Comanche,13,President,,ONA,Todd Cella/ Tim Cella,0,0,0
Comanche,13,President,,ONA,Tom Hoefling/Andy Prior,0,0,0
Comanche,14,President,,ONA,Abram Loeb/Jennifer Jairala,0,0,0
Comanche,14,President,,ONA,Brian Carroll/Amar Patel,0,0,0
Comanche,14,President,,REP,Donald J. Trump/Michael R. Pence,51,29,80
Comanche,14,President,,ONA,Gloria La Riva/Leonard Peltier,0,0,0
Comanche,14,President,,ONA,Howie Hawkins/ Angela Walker,0,0,0
Comanche,14,President,,ONA,Jesse Cuellar/Jimmy Monreal,0,0,0
Comanche,14,President,,LIB,"Jo Jorgensen/Jeremy ""Spike"" Cohen",1,0,1
Comanche,14,President,,DEM,Joseph R. Biden/Kamala D. Harris,14,2,16
Comanche,14,President,,ONA,Kasey Wells/Rachel Wells,0,0,0
Comanche,14,President,,ONA,President R. Boddie/Eric C. Stoneham,0,0,0
Comanche,14,President,,ONA,Robert Morrow/Anne Beckett,0,0,0
Comanche,14,President,,ONA,Todd Cella/ Tim Cella,0,0,0
Comanche,14,President,,ONA,Tom Hoefling/Andy Prior,0,0,0
Comanche,15,President,,ONA,Abram Loeb/Jennifer Jairala,0,0,0
Comanche,15,President,,ONA,Brian Carroll/Amar Patel,0,0,0
Comanche,15,President,,REP,Donald J. Trump/Michael R. Pence,194,124,318
Comanche,15,President,,ONA,Gloria La Riva/Leonard Peltier,0,0,0
Comanche,15,President,,ONA,Howie Hawkins/ Angela Walker,0,0,0
Comanche,15,President,,ONA,Jesse Cuellar/Jimmy Monreal,0,0,0
Comanche,15,President,,LIB,"Jo Jorgensen/Jeremy ""Spike"" Cohen",2,1,3
Comanche,15,President,,DEM,Joseph R. Biden/Kamala D. Harris,20,8,28
Comanche,15,President,,ONA,Kasey Wells/Rachel Wells,0,0,0
Comanche,15,President,,ONA,President R. Boddie/Eric C. Stoneham,0,0,0
Comanche,15,President,,ONA,Robert Morrow/Anne Beckett,0,0,0
Comanche,15,President,,ONA,Todd Cella/ Tim Cella,0,0,0
Comanche,15,President,,ONA,Tom Hoefling/Andy Prior,0,0,0
Comanche,16,President,,ONA,Abram Loeb/Jennifer Jairala,0,0,0
Comanche,16,President,,ONA,Brian Carroll/Amar Patel,0,0,0
Comanche,16,President,,REP,Donald J. Trump/Michael R. Pence,39,36,75
Comanche,16,President,,ONA,Gloria La Riva/Leonard Peltier,0,0,0
Comanche,16,President,,ONA,Howie Hawkins/ Angela Walker,0,0,0
Comanche,16,President,,ONA,Jesse Cuellar/Jimmy Monreal,0,0,0
Comanche,16,President,,LIB,"Jo Jorgensen/Jeremy ""Spike"" Cohen",0,0,0
Comanche,16,President,,DEM,Joseph R. Biden/Kamala D. Harris,2,1,3
Comanche,16,President,,ONA,Kasey Wells/Rachel Wells,0,0,0
Comanche,16,President,,ONA,President R. Boddie/Eric C. Stoneham,0,0,0
Comanche,16,President,,ONA,Robert Morrow/Anne Beckett,0,0,0
Comanche,16,President,,ONA,Todd Cella/ Tim Cella,0,0,0
Comanche,16,President,,ONA,Tom Hoefling/Andy Prior,0,0,0
Comanche,2,President,,ONA,Abram Loeb/Jennifer Jairala,0,0,0
Comanche,2,President,,ONA,Brian Carroll/Amar Patel,0,1,1
Comanche,2,President,,REP,Donald J. Trump/Michael R. Pence,755,181,936
Comanche,2,President,,ONA,Gloria La Riva/Leonard Peltier,0,0,0
Comanche,2,President,,ONA,Howie Hawkins/ Angela Walker,2,2,4
Comanche,2,President,,ONA,Jesse Cuellar/Jimmy Monreal,0,0,0
Comanche,2,President,,LIB,"Jo Jorgensen/Jeremy ""Spike"" Cohen",4,4,8
Comanche,2,President,,DEM,Joseph R. Biden/Kamala D. Harris,113,36,149
Comanche,2,President,,ONA,Kasey Wells/Rachel Wells,0,0,0
Comanche,2,President,,ONA,President R. Boddie/Eric C. Stoneham,0,0,0
Comanche,2,President,,ONA,Robert Morrow/Anne Beckett,0,0,0
Comanche,2,President,,ONA,Todd Cella/ Tim Cella,0,0,0
Comanche,2,President,,ONA,Tom Hoefling/Andy Prior,0,0,0
Comanche,4,President,,ONA,Abram Loeb/Jennifer Jairala,0,0,0
Comanche,4,President,,ONA,Brian Carroll/Amar Patel,0,0,0
Comanche,4,President,,REP,Donald J. Trump/Michael R. Pence,45,10,55
Comanche,4,President,,ONA,Gloria La Riva/Leonard Peltier,0,0,0
Comanche,4,President,,ONA,Howie Hawkins/ Angela Walker,0,0,0
Comanche,4,President,,ONA,Jesse Cuellar/Jimmy Monreal,0,0,0
Comanche,4,President,,LIB,"Jo Jorgensen/Jeremy ""Spike"" Cohen",2,1,3
Comanche,4,President,,DEM,Joseph R. Biden/Kamala D. Harris,10,0,10
Comanche,4,President,,ONA,Kasey Wells/Rachel Wells,0,0,0
Comanche,4,President,,ONA,President R. Boddie/Eric C. Stoneham,0,0,0
Comanche,4,President,,ONA,Robert Morrow/Anne Beckett,0,0,0
Comanche,4,President,,ONA,Todd Cella/ Tim Cella,0,0,0
Comanche,4,President,,ONA,Tom Hoefling/Andy Prior,0,0,0
Comanche,5,President,,ONA,Abram Loeb/Jennifer Jairala,0,0,0
Comanche,5,President,,ONA,Brian Carroll/Amar Patel,1,0,1
Comanche,5,President,,REP,Donald J. Trump/Michael R. Pence,342,76,418
Comanche,5,President,,ONA,Gloria La Riva/Leonard Peltier,0,0,0
Comanche,5,President,,ONA,Howie Hawkins/ Angela Walker,0,0,0
Comanche,5,President,,ONA,Jesse Cuellar/Jimmy Monreal,0,0,0
Comanche,5,President,,LIB,"Jo Jorgensen/Jeremy ""Spike"" Cohen",3,1,4
Comanche,5,President,,DEM,Joseph R. Biden/Kamala D. Harris,54,14,68
Comanche,5,President,,ONA,Kasey Wells/Rachel Wells,0,0,0
Comanche,5,President,,ONA,President R. Boddie/Eric C. Stoneham,0,0,0
Comanche,5,President,,ONA,Robert Morrow/Anne Beckett,0,0,0
Comanche,5,President,,ONA,Todd Cella/ Tim Cella,0,0,0
Comanche,5,President,,ONA,Tom Hoefling/Andy Prior,0,0,0
Comanche,6,President,,ONA,Abram Loeb/Jennifer Jairala,0,0,0
Comanche,6,President,,ONA,Brian Carroll/Amar Patel,0,0,0
Comanche,6,President,,REP,Donald J. Trump/Michael R. Pence,159,72,231
Comanche,6,President,,ONA,Gloria La Riva/Leonard Peltier,0,0,0
Comanche,6,President,,ONA,Howie Hawkins/ Angela Walker,0,0,0
Comanche,6,President,,ONA,Jesse Cuellar/Jimmy Monreal,0,0,0
Comanche,6,President,,LIB,"Jo Jorgensen/Jeremy ""Spike"" Cohen",2,2,4
Comanche,6,President,,DEM,Joseph R. Biden/Kamala D. Harris,26,10,36
Comanche,6,President,,ONA,Kasey Wells/Rachel Wells,0,0,0
Comanche,6,President,,ONA,President R. Boddie/Eric C. Stoneham,0,0,0
Comanche,6,President,,ONA,Robert Morrow/Anne Beckett,0,0,0
Comanche,6,President,,ONA,Todd Cella/ Tim Cella,0,0,0
Comanche,6,President,,ONA,Tom Hoefling/Andy Prior,0,0,0
Comanche,7,President,,ONA,Abram Loeb/Jennifer Jairala,0,0,0
Comanche,7,President,,ONA,Brian Carroll/Amar Patel,0,0,0
Comanche,7,President,,REP,Donald J. Trump/Michael R. Pence,122,61,183
Comanche,7,President,,ONA,Gloria La Riva/Leonard Peltier,0,0,0
Comanche,7,President,,ONA,Howie Hawkins/ Angela Walker,0,1,1
Comanche,7,President,,ONA,Jesse Cuellar/Jimmy Monreal,0,0,0
Comanche,7,President,,LIB,"Jo Jorgensen/Jeremy ""Spike"" Cohen",0,2,2
Comanche,7,President,,DEM,Joseph R. Biden/Kamala D. Harris,20,9,29
Comanche,7,President,,ONA,Kasey Wells/Rachel Wells,0,0,0
Comanche,7,President,,ONA,President R. Boddie/Eric C. Stoneham,0,0,0
Comanche,7,President,,ONA,Robert Morrow/Anne Beckett,0,0,0
Comanche,7,President,,ONA,Todd Cella/ Tim Cella,0,0,0
Comanche,7,President,,ONA,Tom Hoefling/Andy Prior,0,0,0
Comanche,9,President,,ONA,Abram Loeb/Jennifer Jairala,0,0,0
Comanche,9,President,,ONA,Brian Carroll/Amar Patel,0,0,0
Comanche,9,President,,REP,Donald J. Trump/Michael R. Pence,97,2,99
Comanche,9,President,,ONA,Gloria La Riva/Leonard Peltier,0,0,0
Comanche,9,President,,ONA,Howie Hawkins/ Angela Walker,0,0,0
Comanche,9,President,,ONA,Jesse Cuellar/Jimmy Monreal,0,0,0
Comanche,9,President,,LIB,"Jo Jorgensen/Jeremy ""Spike"" Cohen",1,0,1
Comanche,9,President,,DEM,Joseph R. Biden/Kamala D. Harris,15,0,15
Comanche,9,President,,ONA,Kasey Wells/Rachel Wells,0,0,0
Comanche,9,President,,ONA,President R. Boddie/Eric C. Stoneham,0,0,0
Comanche,9,President,,ONA,Robert Morrow/Anne Beckett,0,0,0
Comanche,9,President,,ONA,Todd Cella/ Tim Cella,0,0,0
Comanche,9,President,,ONA,Tom Hoefling/Andy Prior,0,0,0
Comanche,1,U.S. Senate,,ONA,David B. Collins,2,2,4
Comanche,1,U.S. Senate,,REP,John Cornyn,730,145,875
Comanche,1,U.S. Senate,,LIB,Kerry Douglas Mc Kennon,10,7,17
Comanche,1,U.S. Senate,,DEM,"Mary ""Mj"" Hegar",107,24,131
Comanche,1,U.S. Senate,,ONA,Ricardo Turullols Bonilla,0,0,0
Comanche,10,U.S. Senate,,ONA,David B. Collins,1,1,2
Comanche,10,U.S. Senate,,REP,John Cornyn,131,129,260
Comanche,10,U.S. Senate,,LIB,Kerry Douglas Mc Kennon,3,4,7
Comanche,10,U.S. Senate,,DEM,"Mary ""Mj"" Hegar",23,14,37
Comanche,10,U.S. Senate,,ONA,Ricardo Turullols Bonilla,0,0,0
Comanche,11,U.S. Senate,,ONA,David B. Collins,0,0,0
Comanche,11,U.S. Senate,,REP,John Cornyn,254,62,316
Comanche,11,U.S. Senate,,LIB,Kerry Douglas Mc Kennon,6,2,8
Comanche,11,U.S. Senate,,DEM,"Mary ""Mj"" Hegar",66,13,79
Comanche,11,U.S. Senate,,ONA,Ricardo Turullols Bonilla,0,0,0
Comanche,12,U.S. Senate,,ONA,David B. Collins,3,1,4
Comanche,12,U.S. Senate,,REP,John Cornyn,884,223,1107
Comanche,12,U.S. Senate,,LIB,Kerry Douglas Mc Kennon,6,6,12
Comanche,12,U.S. Senate,,DEM,"Mary ""Mj"" Hegar",180,32,212
Comanche,12,U.S. Senate,,ONA,Ricardo Turullols Bonilla,0,0,0
Comanche,13,U.S. Senate,,ONA,David B. Collins,1,1,2
Comanche,13,U.S. Senate,,REP,John Cornyn,116,34,150
Comanche,13,U.S. Senate,,LIB,Kerry Douglas Mc Kennon,2,1,3
Comanche,13,U.S. Senate,,DEM,"Mary ""Mj"" Hegar",19,10,29
Comanche,13,U.S. Senate,,ONA,Ricardo Turullols Bonilla,0,0,0
Comanche,14,U.S. Senate,,ONA,David B. Collins,0,0,0
Comanche,14,U.S. Senate,,REP,John Cornyn,51,30,81
Comanche,14,U.S. Senate,,LIB,Kerry Douglas Mc Kennon,1,0,1
Comanche,14,U.S. Senate,,DEM,"Mary ""Mj"" Hegar",14,1,15
Comanche,14,U.S. Senate,,ONA,Ricardo Turullols Bonilla,0,0,0
Comanche,15,U.S. Senate,,ONA,David B. Collins,0,2,2
Comanche,15,U.S. Senate,,REP,John Cornyn,183,120,303
Comanche,15,U.S. Senate,,LIB,Kerry Douglas Mc Kennon,8,0,8
Comanche,15,U.S. Senate,,DEM,"Mary ""Mj"" Hegar",23,9,32
Comanche,15,U.S. Senate,,ONA,Ricardo Turullols Bonilla,0,0,0
Comanche,16,U.S. Senate,,ONA,David B. Collins,0,0,0
Comanche,16,U.S. Senate,,REP,John Cornyn,39,35,74
Comanche,16,U.S. Senate,,LIB,Kerry Douglas Mc Kennon,0,1,1
Comanche,16,U.S. Senate,,DEM,"Mary ""Mj"" Hegar",2,1,3
Comanche,16,U.S. Senate,,ONA,Ricardo Turullols Bonilla,0,0,0
Comanche,2,U.S. Senate,,ONA,David B. Collins,5,2,7
Comanche,2,U.S. Senate,,REP,John Cornyn,740,179,919
Comanche,2,U.S. Senate,,LIB,Kerry Douglas Mc Kennon,11,4,15
Comanche,2,U.S. Senate,,DEM,"Mary ""Mj"" Hegar",107,34,141
Comanche,2,U.S. Senate,,ONA,Ricardo Turullols Bonilla,0,0,0
Comanche,4,U.S. Senate,,ONA,David B. Collins,0,1,1
Comanche,4,U.S. Senate,,REP,John Cornyn,45,10,55
Comanche,4,U.S. Senate,,LIB,Kerry Douglas Mc Kennon,2,0,2
Comanche,4,U.S. Senate,,DEM,"Mary ""Mj"" Hegar",10,0,10
Comanche,4,U.S. Senate,,ONA,Ricardo Turullols Bonilla,0,0,0
Comanche,5,U.S. Senate,,ONA,David B. Collins,3,3,6
Comanche,5,U.S. Senate,,REP,John Cornyn,336,70,406
Comanche,5,U.S. Senate,,LIB,Kerry Douglas Mc Kennon,5,2,7
Comanche,5,U.S. Senate,,DEM,"Mary ""Mj"" Hegar",53,15,68
Comanche,5,U.S. Senate,,ONA,Ricardo Turullols Bonilla,0,0,0
Comanche,6,U.S. Senate,,ONA,David B. Collins,0,1,1
Comanche,6,U.S. Senate,,REP,John Cornyn,162,66,228
Comanche,6,U.S. Senate,,LIB,Kerry Douglas Mc Kennon,2,3,5
Comanche,6,U.S. Senate,,DEM,"Mary ""Mj"" Hegar",21,12,33
Comanche,6,U.S. Senate,,ONA,Ricardo Turullols Bonilla,0,0,0
Comanche,7,U.S. Senate,,ONA,David B. Collins,0,1,1
Comanche,7,U.S. Senate,,REP,John Cornyn,118,60,178
Comanche,7,U.S. Senate,,LIB,Kerry Douglas Mc Kennon,2,1,3
Comanche,7,U.S. Senate,,DEM,"Mary ""Mj"" Hegar",20,9,29
Comanche,7,U.S. Senate,,ONA,Ricardo Turullols Bonilla,0,0,0
Comanche,9,U.S. Senate,,ONA,David B. Collins,0,0,0
Comanche,9,U.S. Senate,,REP,John Cornyn,99,2,101
Comanche,9,U.S. Senate,,LIB,Kerry Douglas Mc Kennon,1,0,1
Comanche,9,U.S. Senate,,DEM,"Mary ""Mj"" Hegar",12,0,12
Comanche,9,U.S. Senate,,ONA,Ricardo Turullols Bonilla,0,0,0
Comanche,1,State Representative,59,REP,Shelby Slawson,743,159,902
Comanche,10,State Representative,59,REP,Shelby Slawson,132,135,267
Comanche,11,State Representative,59,REP,Shelby Slawson,263,68,331
Comanche,12,State Representative,59,REP,Shelby Slawson,906,238,1144
Comanche,13,State Representative,59,REP,Shelby Slawson,118,37,155
Comanche,14,State Representative,59,REP,Shelby Slawson,50,30,80
Comanche,15,State Representative,59,REP,Shelby Slawson,193,123,316
Comanche,16,State Representative,59,REP,Shelby Slawson,37,34,71
Comanche,2,State Representative,59,REP,Shelby Slawson,763,191,954
Comanche,4,State Representative,59,REP,Shelby Slawson,48,11,59
Comanche,5,State Representative,59,REP,Shelby Slawson,348,82,430
Comanche,6,State Representative,59,REP,Shelby Slawson,160,76,236
Comanche,7,State Representative,59,REP,Shelby Slawson,123,65,188
Comanche,9,State Representative,59,REP,Shelby Slawson,101,2,103
Comanche,1,"Justice, Supreme Court, Place No. 6, Unexpired Term",,REP,Jane Bland,725,152,877
Comanche,1,"Justice, Supreme Court, Place No. 6, Unexpired Term",,DEM,Kathy Cheng,101,24,125
Comanche,10,"Justice, Supreme Court, Place No. 6, Unexpired Term",,REP,Jane Bland,130,132,262
Comanche,10,"Justice, Supreme Court, Place No. 6, Unexpired Term",,DEM,Kathy Cheng,22,13,35
Comanche,11,"Justice, Supreme Court, Place No. 6, Unexpired Term",,REP,Jane Bland,254,67,321
Comanche,11,"Justice, Supreme Court, Place No. 6, Unexpired Term",,DEM,Kathy Cheng,63,9,72
Comanche,12,"Justice, Supreme Court, Place No. 6, Unexpired Term",,REP,Jane Bland,872,229,1101
Comanche,12,"Justice, Supreme Court, Place No. 6, Unexpired Term",,DEM,Kathy Cheng,178,25,203
Comanche,13,"Justice, Supreme Court, Place No. 6, Unexpired Term",,REP,Jane Bland,118,36,154
Comanche,13,"Justice, Supreme Court, Place No. 6, Unexpired Term",,DEM,Kathy Cheng,17,9,26
Comanche,14,"Justice, Supreme Court, Place No. 6, Unexpired Term",,REP,Jane Bland,49,29,78
Comanche,14,"Justice, Supreme Court, Place No. 6, Unexpired Term",,DEM,Kathy Cheng,12,2,14
Comanche,15,"Justice, Supreme Court, Place No. 6, Unexpired Term",,REP,Jane Bland,190,121,311
Comanche,15,"Justice, Supreme Court, Place No. 6, Unexpired Term",,DEM,Kathy Cheng,21,7,28
Comanche,16,"Justice, Supreme Court, Place No. 6, Unexpired Term",,REP,Jane Bland,39,36,75
Comanche,16,"Justice, Supreme Court, Place No. 6, Unexpired Term",,DEM,Kathy Cheng,2,1,3
Comanche,2,"Justice, Supreme Court, Place No. 6, Unexpired Term",,REP,Jane Bland,744,177,921
Comanche,2,"Justice, Supreme Court, Place No. 6, Unexpired Term",,DEM,Kathy Cheng,107,32,139
Comanche,4,"Justice, Supreme Court, Place No. 6, Unexpired Term",,REP,Jane Bland,46,11,57
Comanche,4,"Justice, Supreme Court, Place No. 6, Unexpired Term",,DEM,Kathy Cheng,10,0,10
Comanche,5,"Justice, Supreme Court, Place No. 6, Unexpired Term",,REP,Jane Bland,338,76,414
Comanche,5,"Justice, Supreme Court, Place No. 6, Unexpired Term",,DEM,Kathy Cheng,50,12,62
Comanche,6,"Justice, Supreme Court, Place No. 6, Unexpired Term",,REP,Jane Bland,155,72,227
Comanche,6,"Justice, Supreme Court, Place No. 6, Unexpired Term",,DEM,Kathy Cheng,24,8,32
Comanche,7,"Justice, Supreme Court, Place No. 6, Unexpired Term",,REP,Jane Bland,116,61,177
Comanche,7,"Justice, Supreme Court, Place No. 6, Unexpired Term",,DEM,Kathy Cheng,21,8,29
Comanche,9,"Justice, Supreme Court, Place No. 6, Unexpired Term",,REP,Jane Bland,99,2,101
Comanche,9,"Justice, Supreme Court, Place No. 6, Unexpired Term",,DEM,Kathy Cheng,12,0,12
Comanche,1,"Justice, Supreme Court, Place No. 7",,REP,Jeff Boyd,721,145,866
Comanche,1,"Justice, Supreme Court, Place No. 7",,DEM,Staci Williams,100,24,124
Comanche,1,"Justice, Supreme Court, Place No. 7",,LIB,William Bryan Strange Iii,10,8,18
Comanche,10,"Justice, Supreme Court, Place No. 7",,REP,Jeff Boyd,128,128,256
Comanche,10,"Justice, Supreme Court, Place No. 7",,DEM,Staci Williams,22,14,36
Comanche,10,"Justice, Supreme Court, Place No. 7",,LIB,William Bryan Strange Iii,2,4,6
Comanche,11,"Justice, Supreme Court, Place No. 7",,REP,Jeff Boyd,249,66,315
Comanche,11,"Justice, Supreme Court, Place No. 7",,DEM,Staci Williams,59,10,69
Comanche,11,"Justice, Supreme Court, Place No. 7",,LIB,William Bryan Strange Iii,7,1,8
Comanche,12,"Justice, Supreme Court, Place No. 7",,REP,Jeff Boyd,862,224,1086
Comanche,12,"Justice, Supreme Court, Place No. 7",,DEM,Staci Williams,176,27,203
Comanche,12,"Justice, Supreme Court, Place No. 7",,LIB,William Bryan Strange Iii,12,3,15
Comanche,13,"Justice, Supreme Court, Place No. 7",,REP,Jeff Boyd,115,35,150
Comanche,13,"Justice, Supreme Court, Place No. 7",,DEM,Staci Williams,16,9,25
Comanche,13,"Justice, Supreme Court, Place No. 7",,LIB,William Bryan Strange Iii,3,1,4
Comanche,14,"Justice, Supreme Court, Place No. 7",,REP,Jeff Boyd,47,29,76
Comanche,14,"Justice, Supreme Court, Place No. 7",,DEM,Staci Williams,14,1,15
Comanche,14,"Justice, Supreme Court, Place No. 7",,LIB,William Bryan Strange Iii,0,0,0
Comanche,15,"Justice, Supreme Court, Place No. 7",,REP,Jeff Boyd,186,119,305
Comanche,15,"Justice, Supreme Court, Place No. 7",,DEM,Staci Williams,18,6,24
Comanche,15,"Justice, Supreme Court, Place No. 7",,LIB,William Bryan Strange Iii,8,4,12
Comanche,16,"Justice, Supreme Court, Place No. 7",,REP,Jeff Boyd,39,36,75
Comanche,16,"Justice, Supreme Court, Place No. 7",,DEM,Staci Williams,2,1,3
Comanche,16,"Justice, Supreme Court, Place No. 7",,LIB,William Bryan Strange Iii,0,0,0
Comanche,2,"Justice, Supreme Court, Place No. 7",,REP,Jeff Boyd,738,171,909
Comanche,2,"Justice, Supreme Court, Place No. 7",,DEM,Staci Williams,106,34,140
Comanche,2,"Justice, Supreme Court, Place No. 7",,LIB,William Bryan Strange Iii,10,6,16
Comanche,4,"Justice, Supreme Court, Place No. 7",,REP,Jeff Boyd,42,11,53
Comanche,4,"Justice, Supreme Court, Place No. 7",,DEM,Staci Williams,11,0,11
Comanche,4,"Justice, Supreme Court, Place No. 7",,LIB,William Bryan Strange Iii,3,0,3
Comanche,5,"Justice, Supreme Court, Place No. 7",,REP,Jeff Boyd,335,72,407
Comanche,5,"Justice, Supreme Court, Place No. 7",,DEM,Staci Williams,51,14,65
Comanche,5,"Justice, Supreme Court, Place No. 7",,LIB,William Bryan Strange Iii,3,2,5
Comanche,6,"Justice, Supreme Court, Place No. 7",,REP,Jeff Boyd,154,71,225
Comanche,6,"Justice, Supreme Court, Place No. 7",,DEM,Staci Williams,23,7,30
Comanche,6,"Justice, Supreme Court, Place No. 7",,LIB,William Bryan Strange Iii,2,3,5
Comanche,7,"Justice, Supreme Court, Place No. 7",,REP,Jeff Boyd,117,60,177
Comanche,7,"Justice, Supreme Court, Place No. 7",,DEM,Staci Williams,19,10,29
Comanche,7,"Justice, Supreme Court, Place No. 7",,LIB,William Bryan Strange Iii,2,0,2
Comanche,9,"Justice, Supreme Court, Place No. 7",,REP,Jeff Boyd,96,2,98
Comanche,9,"Justice, Supreme Court, Place No. 7",,DEM,Staci Williams,12,0,12
Comanche,9,"Justice, Supreme Court, Place No. 7",,LIB,William Bryan Strange Iii,2,0,2
Comanche,1,"Justice, Supreme Court, Place No. 8",,REP,Brett Busby,720,148,868
Comanche,1,"Justice, Supreme Court, Place No. 8",,DEM,Gisela D. Triana,97,21,118
Comanche,1,"Justice, Supreme Court, Place No. 8",,LIB,Tom Oxford,12,8,20
Comanche,10,"Justice, Supreme Court, Place No. 8",,REP,Brett Busby,127,129,256
Comanche,10,"Justice, Supreme Court, Place No. 8",,DEM,Gisela D. Triana,22,12,34
Comanche,10,"Justice, Supreme Court, Place No. 8",,LIB,Tom Oxford,3,5,8
Comanche,11,"Justice, Supreme Court, Place No. 8",,REP,Brett Busby,248,66,314
Comanche,11,"Justice, Supreme Court, Place No. 8",,DEM,Gisela D. Triana,58,9,67
Comanche,11,"Justice, Supreme Court, Place No. 8",,LIB,Tom Oxford,8,2,10
Comanche,12,"Justice, Supreme Court, Place No. 8",,REP,Brett Busby,862,223,1085
Comanche,12,"Justice, Supreme Court, Place No. 8",,DEM,Gisela D. Triana,174,25,199
Comanche,12,"Justice, Supreme Court, Place No. 8",,LIB,Tom Oxford,19,4,23
Comanche,13,"Justice, Supreme Court, Place No. 8",,REP,Brett Busby,115,34,149
Comanche,13,"Justice, Supreme Court, Place No. 8",,DEM,Gisela D. Triana,17,9,26
Comanche,13,"Justice, Supreme Court, Place No. 8",,LIB,Tom Oxford,2,2,4
Comanche,14,"Justice, Supreme Court, Place No. 8",,REP,Brett Busby,49,29,78
Comanche,14,"Justice, Supreme Court, Place No. 8",,DEM,Gisela D. Triana,12,2,14
Comanche,14,"Justice, Supreme Court, Place No. 8",,LIB,Tom Oxford,0,0,0
Comanche,15,"Justice, Supreme Court, Place No. 8",,REP,Brett Busby,184,117,301
Comanche,15,"Justice, Supreme Court, Place No. 8",,DEM,Gisela D. Triana,21,7,28
Comanche,15,"Justice, Supreme Court, Place No. 8",,LIB,Tom Oxford,8,4,12
Comanche,16,"Justice, Supreme Court, Place No. 8",,REP,Brett Busby,39,36,75
Comanche,16,"Justice, Supreme Court, Place No. 8",,DEM,Gisela D. Triana,2,1,3
Comanche,16,"Justice, Supreme Court, Place No. 8",,LIB,Tom Oxford,0,0,0
Comanche,2,"Justice, Supreme Court, Place No. 8",,REP,Brett Busby,738,171,909
Comanche,2,"Justice, Supreme Court, Place No. 8",,DEM,Gisela D. Triana,101,34,135
Comanche,2,"Justice, Supreme Court, Place No. 8",,LIB,Tom Oxford,17,6,23
Comanche,4,"Justice, Supreme Court, Place No. 8",,REP,Brett Busby,44,11,55
Comanche,4,"Justice, Supreme Court, Place No. 8",,DEM,Gisela D. Triana,10,0,10
Comanche,4,"Justice, Supreme Court, Place No. 8",,LIB,Tom Oxford,2,0,2
Comanche,5,"Justice, Supreme Court, Place No. 8",,REP,Brett Busby,338,73,411
Comanche,5,"Justice, Supreme Court, Place No. 8",,DEM,Gisela D. Triana,42,13,55
Comanche,5,"Justice, Supreme Court, Place No. 8",,LIB,Tom Oxford,7,2,9
Comanche,6,"Justice, Supreme Court, Place No. 8",,REP,Brett Busby,154,72,226
Comanche,6,"Justice, Supreme Court, Place No. 8",,DEM,Gisela D. Triana,23,8,31
Comanche,6,"Justice, Supreme Court, Place No. 8",,LIB,Tom Oxford,2,2,4
Comanche,7,"Justice, Supreme Court, Place No. 8",,REP,Brett Busby,115,60,175
Comanche,7,"Justice, Supreme Court, Place No. 8",,DEM,Gisela D. Triana,19,9,28
Comanche,7,"Justice, Supreme Court, Place No. 8",,LIB,Tom Oxford,3,1,4
Comanche,9,"Justice, Supreme Court, Place No. 8",,REP,Brett Busby,95,2,97
Comanche,9,"Justice, Supreme Court, Place No. 8",,DEM,Gisela D. Triana,14,0,14
Comanche,9,"Justice, Supreme Court, Place No. 8",,LIB,Tom Oxford,3,0,3
Comanche,1,"Judge, Court Of Criminal Appeals, Place No. 3",,REP,Bert Richardson,722,153,875
Comanche,1,"Judge, Court Of Criminal Appeals, Place No. 3",,DEM,Elizabeth Davis Frizell,105,23,128
Comanche,10,"Judge, Court Of Criminal Appeals, Place No. 3",,REP,Bert Richardson,130,132,262
Comanche,10,"Judge, Court Of Criminal Appeals, Place No. 3",,DEM,Elizabeth Davis Frizell,23,14,37
Comanche,11,"Judge, Court Of Criminal Appeals, Place No. 3",,REP,Bert Richardson,251,65,316
Comanche,11,"Judge, Court Of Criminal Appeals, Place No. 3",,DEM,Elizabeth Davis Frizell,61,11,72
Comanche,12,"Judge, Court Of Criminal Appeals, Place No. 3",,REP,Bert Richardson,869,226,1095
Comanche,12,"Judge, Court Of Criminal Appeals, Place No. 3",,DEM,Elizabeth Davis Frizell,186,26,212
Comanche,13,"Judge, Court Of Criminal Appeals, Place No. 3",,REP,Bert Richardson,116,36,152
Comanche,13,"Judge, Court Of Criminal Appeals, Place No. 3",,DEM,Elizabeth Davis Frizell,19,9,28
Comanche,14,"Judge, Court Of Criminal Appeals, Place No. 3",,REP,Bert Richardson,49,30,79
Comanche,14,"Judge, Court Of Criminal Appeals, Place No. 3",,DEM,Elizabeth Davis Frizell,12,1,13
Comanche,15,"Judge, Court Of Criminal Appeals, Place No. 3",,REP,Bert Richardson,191,119,310
Comanche,15,"Judge, Court Of Criminal Appeals, Place No. 3",,DEM,Elizabeth Davis Frizell,21,8,29
Comanche,16,"Judge, Court Of Criminal Appeals, Place No. 3",,REP,Bert Richardson,39,36,75
Comanche,16,"Judge, Court Of Criminal Appeals, Place No. 3",,DEM,Elizabeth Davis Frizell,2,1,3
Comanche,2,"Judge, Court Of Criminal Appeals, Place No. 3",,REP,Bert Richardson,744,176,920
Comanche,2,"Judge, Court Of Criminal Appeals, Place No. 3",,DEM,Elizabeth Davis Frizell,107,34,141
Comanche,4,"Judge, Court Of Criminal Appeals, Place No. 3",,REP,Bert Richardson,45,11,56
Comanche,4,"Judge, Court Of Criminal Appeals, Place No. 3",,DEM,Elizabeth Davis Frizell,11,0,11
Comanche,5,"Judge, Court Of Criminal Appeals, Place No. 3",,REP,Bert Richardson,338,76,414
Comanche,5,"Judge, Court Of Criminal Appeals, Place No. 3",,DEM,Elizabeth Davis Frizell,49,11,60
Comanche,6,"Judge, Court Of Criminal Appeals, Place No. 3",,REP,Bert Richardson,153,71,224
Comanche,6,"Judge, Court Of Criminal Appeals, Place No. 3",,DEM,Elizabeth Davis Frizell,25,11,36
Comanche,7,"Judge, Court Of Criminal Appeals, Place No. 3",,REP,Bert Richardson,116,60,176
Comanche,7,"Judge, Court Of Criminal Appeals, Place No. 3",,DEM,Elizabeth Davis Frizell,21,11,32
Comanche,9,"Judge, Court Of Criminal Appeals, Place No. 3",,REP,Bert Richardson,96,2,98
Comanche,9,"Judge, Court Of Criminal Appeals, Place No. 3",,DEM,Elizabeth Davis Frizell,14,0,14
Comanche,1,"Judge, Court Of Criminal Appeals, Place No. 4",,REP,Kevin Patrick Yeary,726,152,878
Comanche,1,"Judge, Court Of Criminal Appeals, Place No. 4",,DEM,Tina Clinton,98,23,121
Comanche,10,"Judge, Court Of Criminal Appeals, Place No. 4",,REP,Kevin Patrick Yeary,129,130,259
Comanche,10,"Judge, Court Of Criminal Appeals, Place No. 4",,DEM,Tina Clinton,23,16,39
Comanche,11,"Judge, Court Of Criminal Appeals, Place No. 4",,REP,Kevin Patrick Yeary,249,65,314
Comanche,11,"Judge, Court Of Criminal Appeals, Place No. 4",,DEM,Tina Clinton,64,10,74
Comanche,12,"Judge, Court Of Criminal Appeals, Place No. 4",,REP,Kevin Patrick Yeary,873,232,1105
Comanche,12,"Judge, Court Of Criminal Appeals, Place No. 4",,DEM,Tina Clinton,180,21,201
Comanche,13,"Judge, Court Of Criminal Appeals, Place No. 4",,REP,Kevin Patrick Yeary,117,36,153
Comanche,13,"Judge, Court Of Criminal Appeals, Place No. 4",,DEM,Tina Clinton,18,8,26
Comanche,14,"Judge, Court Of Criminal Appeals, Place No. 4",,REP,Kevin Patrick Yeary,48,30,78
Comanche,14,"Judge, Court Of Criminal Appeals, Place No. 4",,DEM,Tina Clinton,12,1,13
Comanche,15,"Judge, Court Of Criminal Appeals, Place No. 4",,REP,Kevin Patrick Yeary,189,120,309
Comanche,15,"Judge, Court Of Criminal Appeals, Place No. 4",,DEM,Tina Clinton,21,7,28
Comanche,16,"Judge, Court Of Criminal Appeals, Place No. 4",,REP,Kevin Patrick Yeary,39,36,75
Comanche,16,"Judge, Court Of Criminal Appeals, Place No. 4",,DEM,Tina Clinton,2,1,3
Comanche,2,"Judge, Court Of Criminal Appeals, Place No. 4",,REP,Kevin Patrick Yeary,739,175,914
Comanche,2,"Judge, Court Of Criminal Appeals, Place No. 4",,DEM,Tina Clinton,109,34,143
Comanche,4,"Judge, Court Of Criminal Appeals, Place No. 4",,REP,Kevin Patrick Yeary,46,10,56
Comanche,4,"Judge, Court Of Criminal Appeals, Place No. 4",,DEM,Tina Clinton,11,0,11
Comanche,5,"Judge, Court Of Criminal Appeals, Place No. 4",,REP,Kevin Patrick Yeary,338,75,413
Comanche,5,"Judge, Court Of Criminal Appeals, Place No. 4",,DEM,Tina Clinton,49,12,61
Comanche,6,"Judge, Court Of Criminal Appeals, Place No. 4",,REP,Kevin Patrick Yeary,153,71,224
Comanche,6,"Judge, Court Of Criminal Appeals, Place No. 4",,DEM,Tina Clinton,25,11,36
Comanche,7,"Judge, Court Of Criminal Appeals, Place No. 4",,REP,Kevin Patrick Yeary,117,61,178
Comanche,7,"Judge, Court Of Criminal Appeals, Place No. 4",,DEM,Tina Clinton,20,10,30
Comanche,9,"Judge, Court Of Criminal Appeals, Place No. 4",,REP,Kevin Patrick Yeary,97,2,99
Comanche,9,"Judge, Court Of Criminal Appeals, Place No. 4",,DEM,Tina Clinton,14,0,14
Comanche,1,"Judge, Court Of Criminal Appeals, Place No. 9",,DEM,Brandon Birmingham,105,22,127
Comanche,1,"Judge, Court Of Criminal Appeals, Place No. 9",,REP,David Newell,721,152,873
Comanche,10,"Judge, Court Of Criminal Appeals, Place No. 9",,DEM,Brandon Birmingham,23,16,39
Comanche,10,"Judge, Court Of Criminal Appeals, Place No. 9",,REP,David Newell,129,130,259
Comanche,11,"Judge, Court Of Criminal Appeals, Place No. 9",,DEM,Brandon Birmingham,62,12,74
Comanche,11,"Judge, Court Of Criminal Appeals, Place No. 9",,REP,David Newell,252,63,315
Comanche,12,"Judge, Court Of Criminal Appeals, Place No. 9",,DEM,Brandon Birmingham,179,28,207
Comanche,12,"Judge, Court Of Criminal Appeals, Place No. 9",,REP,David Newell,875,226,1101
Comanche,13,"Judge, Court Of Criminal Appeals, Place No. 9",,DEM,Brandon Birmingham,18,9,27
Comanche,13,"Judge, Court Of Criminal Appeals, Place No. 9",,REP,David Newell,117,36,153
Comanche,14,"Judge, Court Of Criminal Appeals, Place No. 9",,DEM,Brandon Birmingham,12,2,14
Comanche,14,"Judge, Court Of Criminal Appeals, Place No. 9",,REP,David Newell,47,29,76
Comanche,15,"Judge, Court Of Criminal Appeals, Place No. 9",,DEM,Brandon Birmingham,20,8,28
Comanche,15,"Judge, Court Of Criminal Appeals, Place No. 9",,REP,David Newell,192,119,311
Comanche,16,"Judge, Court Of Criminal Appeals, Place No. 9",,DEM,Brandon Birmingham,2,1,3
Comanche,16,"Judge, Court Of Criminal Appeals, Place No. 9",,REP,David Newell,39,36,75
Comanche,2,"Judge, Court Of Criminal Appeals, Place No. 9",,DEM,Brandon Birmingham,106,34,140
Comanche,2,"Judge, Court Of Criminal Appeals, Place No. 9",,REP,David Newell,743,173,916
Comanche,4,"Judge, Court Of Criminal Appeals, Place No. 9",,DEM,Brandon Birmingham,13,0,13
Comanche,4,"Judge, Court Of Criminal Appeals, Place No. 9",,REP,David Newell,44,11,55
Comanche,5,"Judge, Court Of Criminal Appeals, Place No. 9",,DEM,Brandon Birmingham,51,12,63
Comanche,5,"Judge, Court Of Criminal Appeals, Place No. 9",,REP,David Newell,334,75,409
Comanche,6,"Judge, Court Of Criminal Appeals, Place No. 9",,DEM,Brandon Birmingham,25,8,33
Comanche,6,"Judge, Court Of Criminal Appeals, Place No. 9",,REP,David Newell,153,73,226
Comanche,7,"Judge, Court Of Criminal Appeals, Place No. 9",,DEM,Brandon Birmingham,21,9,30
Comanche,7,"Judge, Court Of Criminal Appeals, Place No. 9",,REP,David Newell,115,59,174
Comanche,9,"Judge, Court Of Criminal Appeals, Place No. 9",,DEM,Brandon Birmingham,13,0,13
Comanche,9,"Judge, Court Of Criminal Appeals, Place No. 9",,REP,David Newell,97,2,99
Comanche,1,"Member, State Board Of Education, District No. 14",,DEM,Greg Alvord,104,25,129
Comanche,1,"Member, State Board Of Education, District No. 14",,REP,Sue Melton Malone,718,149,867
Comanche,10,"Member, State Board Of Education, District No. 14",,DEM,Greg Alvord,22,13,35
Comanche,10,"Member, State Board Of Education, District No. 14",,REP,Sue Melton Malone,130,133,263
Comanche,11,"Member, State Board Of Education, District No. 14",,DEM,Greg Alvord,59,11,70
Comanche,11,"Member, State Board Of Education, District No. 14",,REP,Sue Melton Malone,253,65,318
Comanche,12,"Member, State Board Of Education, District No. 14",,DEM,Greg Alvord,183,28,211
Comanche,12,"Member, State Board Of Education, District No. 14",,REP,Sue Melton Malone,871,226,1097
Comanche,13,"Member, State Board Of Education, District No. 14",,DEM,Greg Alvord,20,10,30
Comanche,13,"Member, State Board Of Education, District No. 14",,REP,Sue Melton Malone,115,35,150
Comanche,14,"Member, State Board Of Education, District No. 14",,DEM,Greg Alvord,12,1,13
Comanche,14,"Member, State Board Of Education, District No. 14",,REP,Sue Melton Malone,46,30,76
Comanche,15,"Member, State Board Of Education, District No. 14",,DEM,Greg Alvord,21,7,28
Comanche,15,"Member, State Board Of Education, District No. 14",,REP,Sue Melton Malone,190,119,309
Comanche,16,"Member, State Board Of Education, District No. 14",,DEM,Greg Alvord,2,1,3
Comanche,16,"Member, State Board Of Education, District No. 14",,REP,Sue Melton Malone,39,35,74
Comanche,2,"Member, State Board Of Education, District No. 14",,DEM,Greg Alvord,105,35,140
Comanche,2,"Member, State Board Of Education, District No. 14",,REP,Sue Melton Malone,739,174,913
Comanche,4,"Member, State Board Of Education, District No. 14",,DEM,Greg Alvord,10,0,10
Comanche,4,"Member, State Board Of Education, District No. 14",,REP,Sue Melton Malone,46,11,57
Comanche,5,"Member, State Board Of Education, District No. 14",,DEM,Greg Alvord,52,13,65
Comanche,5,"Member, State Board Of Education, District No. 14",,REP,Sue Melton Malone,331,74,405
Comanche,6,"Member, State Board Of Education, District No. 14",,DEM,Greg Alvord,22,8,30
Comanche,6,"Member, State Board Of Education, District No. 14",,REP,Sue Melton Malone,156,73,229
Comanche,7,"Member, State Board Of Education, District No. 14",,DEM,Greg Alvord,20,11,31
Comanche,7,"Member, State Board Of Education, District No. 14",,REP,Sue Melton Malone,117,58,175
Comanche,9,"Member, State Board Of Education, District No. 14",,DEM,Greg Alvord,12,0,12
Comanche,9,"Member, State Board Of Education, District No. 14",,REP,Sue Melton Malone,98,2,100
Comanche,1,"State Senator, District No. 24",,DEM,Clayton Tucker,100,22,122
Comanche,1,"State Senator, District No. 24",,REP,Dawn Buckingham,729,155,884
Comanche,10,"State Senator, District No. 24",,DEM,Clayton Tucker,22,17,39
Comanche,10,"State Senator, District No. 24",,REP,Dawn Buckingham,128,131,259
Comanche,11,"State Senator, District No. 24",,DEM,Clayton Tucker,62,11,73
Comanche,11,"State Senator, District No. 24",,REP,Dawn Buckingham,249,64,313
Comanche,12,"State Senator, District No. 24",,DEM,Clayton Tucker,185,25,210
Comanche,12,"State Senator, District No. 24",,REP,Dawn Buckingham,865,226,1091
Comanche,13,"State Senator, District No. 24",,DEM,Clayton Tucker,19,9,28
Comanche,13,"State Senator, District No. 24",,REP,Dawn Buckingham,116,35,151
Comanche,14,"State Senator, District No. 24",,DEM,Clayton Tucker,11,3,14
Comanche,14,"State Senator, District No. 24",,REP,Dawn Buckingham,48,28,76
Comanche,15,"State Senator, District No. 24",,DEM,Clayton Tucker,21,8,29
Comanche,15,"State Senator, District No. 24",,REP,Dawn Buckingham,189,120,309
Comanche,16,"State Senator, District No. 24",,DEM,Clayton Tucker,2,1,3
Comanche,16,"State Senator, District No. 24",,REP,Dawn Buckingham,39,35,74
Comanche,2,"State Senator, District No. 24",,DEM,Clayton Tucker,109,39,148
Comanche,2,"State Senator, District No. 24",,REP,Dawn Buckingham,734,170,904
Comanche,4,"State Senator, District No. 24",,DEM,Clayton Tucker,11,0,11
Comanche,4,"State Senator, District No. 24",,REP,Dawn Buckingham,45,11,56
Comanche,5,"State Senator, District No. 24",,DEM,Clayton Tucker,52,12,64
Comanche,5,"State Senator, District No. 24",,REP,Dawn Buckingham,334,74,408
Comanche,6,"State Senator, District No. 24",,DEM,Clayton Tucker,22,9,31
Comanche,6,"State Senator, District No. 24",,REP,Dawn Buckingham,157,72,229
Comanche,7,"State Senator, District No. 24",,DEM,Clayton Tucker,21,11,32
Comanche,7,"State Senator, District No. 24",,REP,Dawn Buckingham,116,60,176
Comanche,9,"State Senator, District No. 24",,DEM,Clayton Tucker,12,0,12
Comanche,9,"State Senator, District No. 24",,REP,Dawn Buckingham,100,2,102
Comanche,1,"Justice, 11th Court Of Appeals District, Place No. 2",,REP,Bruce Williams,756,160,916
Comanche,10,"Justice, 11th Court Of Appeals District, Place No. 2",,REP,Bruce Williams,133,135,268
Comanche,11,"Justice, 11th Court Of Appeals District, Place No. 2",,REP,Bruce Williams,259,69,328
Comanche,12,"Justice, 11th Court Of Appeals District, Place No. 2",,REP,Bruce Williams,903,239,1142
Comanche,13,"Justice, 11th Court Of Appeals District, Place No. 2",,REP,Bruce Williams,119,36,155
Comanche,14,"Justice, 11th Court Of Appeals District, Place No. 2",,REP,Bruce Williams,49,30,79
Comanche,15,"Justice, 11th Court Of Appeals District, Place No. 2",,REP,Bruce Williams,194,122,316
Comanche,16,"Justice, 11th Court Of Appeals District, Place No. 2",,REP,Bruce Williams,40,35,75
Comanche,2,"Justice, 11th Court Of Appeals District, Place No. 2",,REP,Bruce Williams,761,191,952
Comanche,4,"Justice, 11th Court Of Appeals District, Place No. 2",,REP,Bruce Williams,49,11,60
Comanche,5,"Justice, 11th Court Of Appeals District, Place No. 2",,REP,Bruce Williams,346,82,428
Comanche,6,"Justice, 11th Court Of Appeals District, Place No. 2",,REP,Bruce Williams,163,74,237
Comanche,7,"Justice, 11th Court Of Appeals District, Place No. 2",,REP,Bruce Williams,125,62,187
Comanche,9,"Justice, 11th Court Of Appeals District, Place No. 2",,REP,Bruce Williams,100,2,102
Comanche,1,"Justice, 11th Court Of Appeals District, Place No. 3, Unexpired Term",,REP,W. Stacy Trotter,751,157,908
Comanche,10,"Justice, 11th Court Of Appeals District, Place No. 3, Unexpired Term",,REP,W. Stacy Trotter,134,137,271
Comanche,11,"Justice, 11th Court Of Appeals District, Place No. 3, Unexpired Term",,REP,W. Stacy Trotter,257,68,325
Comanche,12,"Justice, 11th Court Of Appeals District, Place No. 3, Unexpired Term",,REP,W. Stacy Trotter,888,234,1122
Comanche,13,"Justice, 11th Court Of Appeals District, Place No. 3, Unexpired Term",,REP,W. Stacy Trotter,116,36,152
Comanche,14,"Justice, 11th Court Of Appeals District, Place No. 3, Unexpired Term",,REP,W. Stacy Trotter,46,30,76
Comanche,15,"Justice, 11th Court Of Appeals District, Place No. 3, Unexpired Term",,REP,W. Stacy Trotter,192,118,310
Comanche,16,"Justice, 11th Court Of Appeals District, Place No. 3, Unexpired Term",,REP,W. Stacy Trotter,40,34,74
Comanche,2,"Justice, 11th Court Of Appeals District, Place No. 3, Unexpired Term",,REP,W. Stacy Trotter,762,192,954
Comanche,4,"Justice, 11th Court Of Appeals District, Place No. 3, Unexpired Term",,REP,W. Stacy Trotter,49,11,60
Comanche,5,"Justice, 11th Court Of Appeals District, Place No. 3, Unexpired Term",,REP,W. Stacy Trotter,342,82,424
Comanche,6,"Justice, 11th Court Of Appeals District, Place No. 3, Unexpired Term",,REP,W. Stacy Trotter,163,75,238
Comanche,7,"Justice, 11th Court Of Appeals District, Place No. 3, Unexpired Term",,REP,W. Stacy Trotter,124,63,187
Comanche,9,"Justice, 11th Court Of Appeals District, Place No. 3, Unexpired Term",,REP,W. Stacy Trotter,98,2,100
Comanche,1,"District Attorney, 220th Judicial District",,REP,Adam Sibley,757,159,916
Comanche,10,"District Attorney, 220th Judicial District",,REP,Adam Sibley,135,134,269
Comanche,11,"District Attorney, 220th Judicial District",,REP,Adam Sibley,259,66,325
Comanche,12,"District Attorney, 220th Judicial District",,REP,Adam Sibley,891,233,1124
Comanche,13,"District Attorney, 220th Judicial District",,REP,Adam Sibley,114,34,148
Comanche,14,"District Attorney, 220th Judicial District",,REP,Adam Sibley,46,29,75
Comanche,15,"District Attorney, 220th Judicial District",,REP,Adam Sibley,193,122,315
Comanche,16,"District Attorney, 220th Judicial District",,REP,Adam Sibley,40,34,74
Comanche,2,"District Attorney, 220th Judicial District",,REP,Adam Sibley,764,189,953
Comanche,4,"District Attorney, 220th Judicial District",,REP,Adam Sibley,48,11,59
Comanche,5,"District Attorney, 220th Judicial District",,REP,Adam Sibley,341,80,421
Comanche,6,"District Attorney, 220th Judicial District",,REP,Adam Sibley,166,75,241
Comanche,7,"District Attorney, 220th Judicial District",,REP,Adam Sibley,124,65,189
Comanche,9,"District Attorney, 220th Judicial District",,REP,Adam Sibley,97,2,99
