county,precinct,office,district,party,candidate,votes,early_voting,election_day,absentee
Archer,1,President,,REP,Over Votes,0,0,0,0
Archer,1,President,,REP,Under Votes,3,3,0,0
Archer,1,President,,REP,Donald J. Trump Michael R. Pence,208,148,60,0
Archer,1,President,,DEM,Joseph R. Biden Kamala D. Harris,25,16,9,0
Archer,1,President,,LIB,"Jo Jorgensen Jeremy ""Spike"" Cohen",3,3,0,0
Archer,1,President,,GRN,Howie Hawkins Angela Walker,0,0,0,0
Archer,1,President,,"",Todd Cella/Tim Cella,0,0,0,0
Archer,1,U.S. Senate,,REP,John Cornyn,198,146,52,0
Archer,1,U.S. Senate,,DEM,"Mary ""MJ"" Hegar",28,18,10,0
Archer,1,U.S. Senate,,LIB,Kerry Douglas McKennon,6,2,4,0
Archer,1,U.S. Senate,,GRN,David B. Collins,2,2,0,0
Archer,1,U.S. House,13,REP,Ronny Jackson,199,145,54,0
Archer,1,U.S. House,13,DEM,Gus Trujillo,26,18,8,0
Archer,1,U.S. House,13,LIB,Jack B. Westbrook,7,3,4,0
Archer,1,Railroad Commissioner,,REP,"James ""Jim"" Wright",197,142,55,0
Archer,1,Railroad Commissioner,,DEM,Chrysta Castaeda,26,16,10,0
Archer,1,Railroad Commissioner,,LIB,Matt Sterett,6,5,1,0
Archer,1,Railroad Commissioner,,GRN,"Katija ""Kat"" Gruene",2,2,0,0
Archer,1,"Chief Justice, Supreme Court",,REP,Nathan Hecht,196,144,52,0
Archer,1,"Chief Justice, Supreme Court",,DEM,Amy Clark Meachum,25,15,10,0
Archer,1,"Chief Justice, Supreme Court",,LIB,Mark Ash,9,6,3,0
Archer,1,"Justice, Supreme Court, Place No. 6 Unexpired Term",,REP,Jane Bland,204,148,56,0
Archer,1,"Justice, Supreme Court, Place No. 6 Unexpired Term",,DEM,Kathy Cheng,25,15,10,0
Archer,1,"Justice, Supreme Court, Place No. 7",,REP,Jeff Boyd,198,143,55,0
Archer,1,"Justice, Supreme Court, Place No. 7",,DEM,Staci Williams,24,15,9,0
Archer,1,"Justice, Supreme Court, Place No. 7",,LIB,William Bryan Strange III,7,5,2,0
Archer,1,"Justice, Supreme Court, Place No. 8",,REP,Brett Busby,198,142,56,0
Archer,1,"Justice, Supreme Court, Place No. 8",,DEM,Gisela D. Triana,25,16,9,0
Archer,1,"Justice, Supreme Court, Place No. 8",,LIB,Tom Oxford,7,6,1,0
Archer,1,"Judge, Court of Criminal Appeals, Place No. 3",,REP,Bert Richardson,201,144,57,0
Archer,1,"Judge, Court of Criminal Appeals, Place No. 3",,DEM,Elizabeth Davis Frizell,27,19,8,0
Archer,1,"Judge, Court of Criminal Appeals, Place No. 4",,REP,Kevin Patrick Yeary,200,145,55,0
Archer,1,"Judge, Court of Criminal Appeals, Place No. 4",,DEM,Tina Clinton,26,16,10,0
Archer,1,"Judge, Court of Criminal Appeals, Place No. 9",,REP,David Newell,201,145,56,0
Archer,1,"Judge, Court of Criminal Appeals, Place No. 9",,DEM,Brandon Birmingham,26,17,9,0
Archer,1,"Member, State Board of Education, District No. 15",,REP,Jay Johnson,201,145,56,0
Archer,1,"Member, State Board of Education, District No. 15",,DEM,John Betancourt,28,19,9,0
Archer,1,State Representative,69,REP,James B. Frank,208,148,60,0
Archer,1,"Justice, 2nd Court of Appeals District, Place No. 2",,REP,Dana Womack,207,149,58,0
Archer,1,"Justice, 2nd Court of Appeals District, Place No. 6 Unexpired Term",,REP,Mike Wallach,204,147,57,0
Archer,1,"Justice, 2nd Court of Appeals District, Place No. 6 Unexpired Term",,DEM,Delonia A. Watson,24,17,7,0
Archer,1,"Justice, 2nd Court of Appeals District, Place No. 7",,REP,Brian Walker,207,147,60,0
Archer,1,"District Judge, 97th Judicial District",,REP,Jack McGaughey,205,147,58,0
Archer,1,"District Attorney, 97th Judicial District",,REP,Casey Polhemus,203,146,57,0
Archer,1,County Attorney,,REP,David A. Levy,207,147,60,0
Archer,1,Sheriff,,REP,Jack Curd,202,144,58,0
Archer,1,County Tax Assessor-Collector,,REP,Dawn Vieth,209,149,60,0
Archer,1,"Constable, Precinct No. 2",,REP,Donald W. Stevens,208,146,62,0
Archer,1,President,,REP,Over Votes,0,0,0,0
Archer,1,President,,REP,Under Votes,5,3,2,0
Archer,1,President,,REP,Donald J. Trump Michael R. Pence,651,545,106,0
Archer,1,President,,DEM,Joseph R. Biden Kamala D. Harris,60,48,12,0
Archer,1,President,,LIB,"Jo Jorgensen Jeremy ""Spike"" Cohen",4,3,1,0
Archer,1,President,,GRN,Howie Hawkins Angela Walker,2,1,1,0
Archer,1,President,,"",Todd Cella/Tim Cella,0,0,0,0
Archer,1,U.S. Senate,,REP,John Cornyn,629,529,100,0
Archer,1,U.S. Senate,,DEM,"Mary ""MJ"" Hegar",68,53,15,0
Archer,1,U.S. Senate,,LIB,Kerry Douglas McKennon,7,4,3,0
Archer,1,U.S. Senate,,GRN,David B. Collins,0,0,0,0
Archer,1,U.S. House,13,REP,Ronny Jackson,633,529,104,0
Archer,1,U.S. House,13,DEM,Gus Trujillo,57,45,12,0
Archer,1,U.S. House,13,LIB,Jack B. Westbrook,15,11,4,0
Archer,1,Railroad Commissioner,,REP,"James ""Jim"" Wright",617,518,99,0
Archer,1,Railroad Commissioner,,DEM,Chrysta Castaeda,60,46,14,0
Archer,1,Railroad Commissioner,,LIB,Matt Sterett,12,9,3,0
Archer,1,Railroad Commissioner,,GRN,"Katija ""Kat"" Gruene",5,4,1,0
Archer,1,"Chief Justice, Supreme Court",,REP,Nathan Hecht,620,520,100,0
Archer,1,"Chief Justice, Supreme Court",,DEM,Amy Clark Meachum,64,50,14,0
Archer,1,"Chief Justice, Supreme Court",,LIB,Mark Ash,12,8,4,0
Archer,1,"Justice, Supreme Court, Place No. 6 Unexpired Term",,REP,Jane Bland,629,527,102,0
Archer,1,"Justice, Supreme Court, Place No. 6 Unexpired Term",,DEM,Kathy Cheng,63,47,16,0
Archer,1,"Justice, Supreme Court, Place No. 7",,REP,Jeff Boyd,629,528,101,0
Archer,1,"Justice, Supreme Court, Place No. 7",,DEM,Staci Williams,57,43,14,0
Archer,1,"Justice, Supreme Court, Place No. 7",,LIB,William Bryan Strange III,10,6,4,0
Archer,1,"Justice, Supreme Court, Place No. 8",,REP,Brett Busby,618,518,100,0
Archer,1,"Justice, Supreme Court, Place No. 8",,DEM,Gisela D. Triana,59,45,14,0
Archer,1,"Justice, Supreme Court, Place No. 8",,LIB,Tom Oxford,14,10,4,0
Archer,1,"Judge, Court of Criminal Appeals, Place No. 3",,REP,Bert Richardson,621,522,99,0
Archer,1,"Judge, Court of Criminal Appeals, Place No. 3",,DEM,Elizabeth Davis Frizell,66,49,17,0
Archer,1,"Judge, Court of Criminal Appeals, Place No. 4",,REP,Kevin Patrick Yeary,632,531,101,0
Archer,1,"Judge, Court of Criminal Appeals, Place No. 4",,DEM,Tina Clinton,57,42,15,0
Archer,1,"Judge, Court of Criminal Appeals, Place No. 9",,REP,David Newell,632,528,104,0
Archer,1,"Judge, Court of Criminal Appeals, Place No. 9",,DEM,Brandon Birmingham,56,44,12,0
Archer,1,"Member, State Board of Education, District No. 15",,REP,Jay Johnson,624,523,101,0
Archer,1,"Member, State Board of Education, District No. 15",,DEM,John Betancourt,63,48,15,0
Archer,1,State Representative,69,REP,James B. Frank,650,542,108,0
Archer,1,"Justice, 2nd Court of Appeals District, Place No. 2",,REP,Dana Womack,639,532,107,0
Archer,1,"Justice, 2nd Court of Appeals District, Place No. 6 Unexpired Term",,REP,Mike Wallach,625,526,99,0
Archer,1,"Justice, 2nd Court of Appeals District, Place No. 6 Unexpired Term",,DEM,Delonia A. Watson,63,46,17,0
Archer,1,"Justice, 2nd Court of Appeals District, Place No. 7",,REP,Brian Walker,645,536,109,0
Archer,1,"District Judge, 97th Judicial District",,REP,Jack McGaughey,647,539,108,0
Archer,1,"District Attorney, 97th Judicial District",,REP,Casey Polhemus,647,540,107,0
Archer,1,County Attorney,,REP,David A. Levy,646,540,106,0
Archer,1,Sheriff,,REP,Jack Curd,655,545,110,0
Archer,1,County Tax Assessor-Collector,,REP,Dawn Vieth,657,552,105,0
Archer,1,"Constable, Precinct No. 2",,REP,Donald W. Stevens,642,539,103,0
Archer,1,Mayor Holliday,,"",Allen Moore,591,493,98,0
Archer,1,City Council - Place 2 Holliday,,"",Sandra Morris,248,203,45,0
Archer,1,City Council - Place 2 Holliday,,"",Randy Molina,229,190,39,0
Archer,1,City Council - Place 2 Holliday,,"",Sharon Long,76,67,9,0
Archer,1,City Council - Place 4 Holliday,,"",Kevin Nichols,595,494,101,0
Archer,2,President,,REP,Over Votes,0,0,0,0
Archer,2,President,,REP,Under Votes,0,0,0,0
Archer,2,President,,REP,Donald J. Trump Michael R. Pence,10,9,1,0
Archer,2,President,,DEM,Joseph R. Biden Kamala D. Harris,5,5,0,0
Archer,2,President,,LIB,"Jo Jorgensen Jeremy ""Spike"" Cohen",0,0,0,0
Archer,2,President,,GRN,Howie Hawkins Angela Walker,0,0,0,0
Archer,2,President,,"",Todd Cella/Tim Cella,0,0,0,0
Archer,2,U.S. Senate,,REP,John Cornyn,9,9,0,0
Archer,2,U.S. Senate,,DEM,"Mary ""MJ"" Hegar",5,5,0,0
Archer,2,U.S. Senate,,LIB,Kerry Douglas McKennon,0,0,0,0
Archer,2,U.S. Senate,,GRN,David B. Collins,0,0,0,0
Archer,2,U.S. House,13,REP,Ronny Jackson,9,9,0,0
Archer,2,U.S. House,13,DEM,Gus Trujillo,5,5,0,0
Archer,2,U.S. House,13,LIB,Jack B. Westbrook,0,0,0,0
Archer,2,Railroad Commissioner,,REP,"James ""Jim"" Wright",9,9,0,0
Archer,2,Railroad Commissioner,,DEM,Chrysta Castaeda,5,5,0,0
Archer,2,Railroad Commissioner,,LIB,Matt Sterett,0,0,0,0
Archer,2,Railroad Commissioner,,GRN,"Katija ""Kat"" Gruene",0,0,0,0
Archer,2,"Chief Justice, Supreme Court",,REP,Nathan Hecht,9,9,0,0
Archer,2,"Chief Justice, Supreme Court",,DEM,Amy Clark Meachum,5,5,0,0
Archer,2,"Chief Justice, Supreme Court",,LIB,Mark Ash,0,0,0,0
Archer,2,"Justice, Supreme Court, Place No. 6 Unexpired Term",,REP,Jane Bland,9,9,0,0
Archer,2,"Justice, Supreme Court, Place No. 6 Unexpired Term",,DEM,Kathy Cheng,5,5,0,0
Archer,2,"Justice, Supreme Court, Place No. 7",,REP,Jeff Boyd,9,8,1,0
Archer,2,"Justice, Supreme Court, Place No. 7",,DEM,Staci Williams,5,5,0,0
Archer,2,"Justice, Supreme Court, Place No. 7",,LIB,William Bryan Strange III,1,1,0,0
Archer,2,"Justice, Supreme Court, Place No. 8",,REP,Brett Busby,8,8,0,0
Archer,2,"Justice, Supreme Court, Place No. 8",,DEM,Gisela D. Triana,5,5,0,0
Archer,2,"Justice, Supreme Court, Place No. 8",,LIB,Tom Oxford,1,1,0,0
Archer,2,"Judge, Court of Criminal Appeals, Place No. 3",,REP,Bert Richardson,9,9,0,0
Archer,2,"Judge, Court of Criminal Appeals, Place No. 3",,DEM,Elizabeth Davis Frizell,5,5,0,0
Archer,2,"Judge, Court of Criminal Appeals, Place No. 4",,REP,Kevin Patrick Yeary,9,9,0,0
Archer,2,"Judge, Court of Criminal Appeals, Place No. 4",,DEM,Tina Clinton,5,5,0,0
Archer,2,"Judge, Court of Criminal Appeals, Place No. 9",,REP,David Newell,9,9,0,0
Archer,2,"Judge, Court of Criminal Appeals, Place No. 9",,DEM,Brandon Birmingham,5,5,0,0
Archer,2,"Member, State Board of Education, District No. 15",,REP,Jay Johnson,9,9,0,0
Archer,2,"Member, State Board of Education, District No. 15",,DEM,John Betancourt,5,5,0,0
Archer,2,State Representative,69,REP,James B. Frank,11,11,0,0
Archer,2,"Justice, 2nd Court of Appeals District, Place No. 2",,REP,Dana Womack,11,11,0,0
Archer,2,"Justice, 2nd Court of Appeals District, Place No. 6 Unexpired Term",,REP,Mike Wallach,9,9,0,0
Archer,2,"Justice, 2nd Court of Appeals District, Place No. 6 Unexpired Term",,DEM,Delonia A. Watson,5,5,0,0
Archer,2,"Justice, 2nd Court of Appeals District, Place No. 7",,REP,Brian Walker,12,12,0,0
Archer,2,"District Judge, 97th Judicial District",,REP,Jack McGaughey,13,12,1,0
Archer,2,"District Attorney, 97th Judicial District",,REP,Casey Polhemus,11,11,0,0
Archer,2,County Attorney,,REP,David A. Levy,11,11,0,0
Archer,2,Sheriff,,REP,Jack Curd,13,12,1,0
Archer,2,County Tax Assessor-Collector,,REP,Dawn Vieth,10,10,0,0
Archer,2,"County Commissioner, Precinct No. 1",,REP,Wade Scarbrough,12,12,0,0
Archer,2,"Constable, Precinct No. 2",,REP,Donald W. Stevens,11,11,0,0
Archer,2,Mayor Holliday,,"",Allen Moore,11,11,0,0
Archer,2,City Council - Place 2 Holliday,,"",Sandra Morris,8,8,0,0
Archer,2,City Council - Place 2 Holliday,,"",Randy Molina,2,2,0,0
Archer,2,City Council - Place 2 Holliday,,"",Sharon Long,0,0,0,0
Archer,2,City Council - Place 4 Holliday,,"",Kevin Nichols,11,11,0,0
Archer,2,President,,REP,Over Votes,0,0,0,0
Archer,2,President,,REP,Under Votes,4,2,2,0
Archer,2,President,,REP,Donald J. Trump Michael R. Pence,710,611,99,0
Archer,2,President,,DEM,Joseph R. Biden Kamala D. Harris,68,59,9,0
Archer,2,President,,LIB,"Jo Jorgensen Jeremy ""Spike"" Cohen",7,4,3,0
Archer,2,President,,GRN,Howie Hawkins Angela Walker,0,0,0,0
Archer,2,President,,"",Todd Cella/Tim Cella,0,0,0,0
Archer,2,U.S. Senate,,REP,John Cornyn,697,602,95,0
Archer,2,U.S. Senate,,DEM,"Mary ""MJ"" Hegar",67,55,12,0
Archer,2,U.S. Senate,,LIB,Kerry Douglas McKennon,8,5,3,0
Archer,2,U.S. Senate,,GRN,David B. Collins,3,3,0,0
Archer,2,U.S. House,13,REP,Ronny Jackson,710,608,102,0
Archer,2,U.S. House,13,DEM,Gus Trujillo,55,48,7,0
Archer,2,U.S. House,13,LIB,Jack B. Westbrook,7,5,2,0
Archer,2,Railroad Commissioner,,REP,"James ""Jim"" Wright",707,607,100,0
Archer,2,Railroad Commissioner,,DEM,Chrysta Castaeda,49,42,7,0
Archer,2,Railroad Commissioner,,LIB,Matt Sterett,8,6,2,0
Archer,2,Railroad Commissioner,,GRN,"Katija ""Kat"" Gruene",2,2,0,0
Archer,2,"Chief Justice, Supreme Court",,REP,Nathan Hecht,697,599,98,0
Archer,2,"Chief Justice, Supreme Court",,DEM,Amy Clark Meachum,60,51,9,0
Archer,2,"Chief Justice, Supreme Court",,LIB,Mark Ash,10,8,2,0
Archer,2,"Justice, Supreme Court, Place No. 6 Unexpired Term",,REP,Jane Bland,705,607,98,0
Archer,2,"Justice, Supreme Court, Place No. 6 Unexpired Term",,DEM,Kathy Cheng,57,48,9,0
Archer,2,"Justice, Supreme Court, Place No. 7",,REP,Jeff Boyd,703,603,100,0
Archer,2,"Justice, Supreme Court, Place No. 7",,DEM,Staci Williams,60,51,9,0
Archer,2,"Justice, Supreme Court, Place No. 7",,LIB,William Bryan Strange III,4,4,0,0
Archer,2,"Justice, Supreme Court, Place No. 8",,REP,Brett Busby,699,601,98,0
Archer,2,"Justice, Supreme Court, Place No. 8",,DEM,Gisela D. Triana,56,46,10,0
Archer,2,"Justice, Supreme Court, Place No. 8",,LIB,Tom Oxford,7,7,0,0
Archer,2,"Judge, Court of Criminal Appeals, Place No. 3",,REP,Bert Richardson,704,604,100,0
Archer,2,"Judge, Court of Criminal Appeals, Place No. 3",,DEM,Elizabeth Davis Frizell,59,51,8,0
Archer,2,"Judge, Court of Criminal Appeals, Place No. 4",,REP,Kevin Patrick Yeary,706,606,100,0
Archer,2,"Judge, Court of Criminal Appeals, Place No. 4",,DEM,Tina Clinton,57,49,8,0
Archer,2,"Judge, Court of Criminal Appeals, Place No. 9",,REP,David Newell,709,611,98,0
Archer,2,"Judge, Court of Criminal Appeals, Place No. 9",,DEM,Brandon Birmingham,52,44,8,0
Archer,2,"Member, State Board of Education, District No. 15",,REP,Jay Johnson,704,607,97,0
Archer,2,"Member, State Board of Education, District No. 15",,DEM,John Betancourt,55,45,10,0
Archer,2,State Representative,69,REP,James B. Frank,729,625,104,0
Archer,2,"Justice, 2nd Court of Appeals District, Place No. 2",,REP,Dana Womack,724,622,102,0
Archer,2,"Justice, 2nd Court of Appeals District, Place No. 6 Unexpired Term",,REP,Mike Wallach,707,608,99,0
Archer,2,"Justice, 2nd Court of Appeals District, Place No. 6 Unexpired Term",,DEM,Delonia A. Watson,56,48,8,0
Archer,2,"Justice, 2nd Court of Appeals District, Place No. 7",,REP,Brian Walker,715,614,101,0
Archer,2,"District Judge, 97th Judicial District",,REP,Jack McGaughey,722,619,103,0
Archer,2,"District Attorney, 97th Judicial District",,REP,Casey Polhemus,715,614,101,0
Archer,2,County Attorney,,REP,David A. Levy,717,615,102,0
Archer,2,Sheriff,,REP,Jack Curd,716,612,104,0
Archer,2,County Tax Assessor-Collector,,REP,Dawn Vieth,727,622,105,0
Archer,2,"County Commissioner, Precinct No. 1",,REP,Wade Scarbrough,732,626,106,0
Archer,2,"Constable, Precinct No. 2",,REP,Donald W. Stevens,710,607,103,0
Archer,3,President,,REP,Over Votes,0,0,0,0
Archer,3,President,,REP,Under Votes,1,1,0,0
Archer,3,President,,REP,Donald J. Trump Michael R. Pence,70,21,49,0
Archer,3,President,,DEM,Joseph R. Biden Kamala D. Harris,15,5,10,0
Archer,3,President,,LIB,"Jo Jorgensen Jeremy ""Spike"" Cohen",0,0,0,0
Archer,3,President,,GRN,Howie Hawkins Angela Walker,0,0,0,0
Archer,3,President,,"",Todd Cella/Tim Cella,0,0,0,0
Archer,3,U.S. Senate,,REP,John Cornyn,71,22,49,0
Archer,3,U.S. Senate,,DEM,"Mary ""MJ"" Hegar",13,4,9,0
Archer,3,U.S. Senate,,LIB,Kerry Douglas McKennon,1,0,1,0
Archer,3,U.S. Senate,,GRN,David B. Collins,0,0,0,0
Archer,3,U.S. House,13,REP,Ronny Jackson,70,21,49,0
Archer,3,U.S. House,13,DEM,Gus Trujillo,14,5,9,0
Archer,3,U.S. House,13,LIB,Jack B. Westbrook,1,0,1,0
Archer,3,Railroad Commissioner,,REP,"James ""Jim"" Wright",70,21,49,0
Archer,3,Railroad Commissioner,,DEM,Chrysta Castaeda,14,5,9,0
Archer,3,Railroad Commissioner,,LIB,Matt Sterett,1,0,1,0
Archer,3,Railroad Commissioner,,GRN,"Katija ""Kat"" Gruene",0,0,0,0
Archer,3,"Chief Justice, Supreme Court",,REP,Nathan Hecht,69,21,48,0
Archer,3,"Chief Justice, Supreme Court",,DEM,Amy Clark Meachum,13,5,8,0
Archer,3,"Chief Justice, Supreme Court",,LIB,Mark Ash,2,0,2,0
Archer,3,"Justice, Supreme Court, Place No. 6 Unexpired Term",,REP,Jane Bland,70,21,49,0
Archer,3,"Justice, Supreme Court, Place No. 6 Unexpired Term",,DEM,Kathy Cheng,14,5,9,0
Archer,3,"Justice, Supreme Court, Place No. 7",,REP,Jeff Boyd,69,21,48,0
Archer,3,"Justice, Supreme Court, Place No. 7",,DEM,Staci Williams,15,5,10,0
Archer,3,"Justice, Supreme Court, Place No. 7",,LIB,William Bryan Strange III,0,0,0,0
Archer,3,"Justice, Supreme Court, Place No. 8",,REP,Brett Busby,69,21,48,0
Archer,3,"Justice, Supreme Court, Place No. 8",,DEM,Gisela D. Triana,14,5,9,0
Archer,3,"Justice, Supreme Court, Place No. 8",,LIB,Tom Oxford,1,0,1,0
Archer,3,"Judge, Court of Criminal Appeals, Place No. 3",,REP,Bert Richardson,69,21,48,0
Archer,3,"Judge, Court of Criminal Appeals, Place No. 3",,DEM,Elizabeth Davis Frizell,16,6,10,0
Archer,3,"Judge, Court of Criminal Appeals, Place No. 4",,REP,Kevin Patrick Yeary,69,21,48,0
Archer,3,"Judge, Court of Criminal Appeals, Place No. 4",,DEM,Tina Clinton,16,6,10,0
Archer,3,"Judge, Court of Criminal Appeals, Place No. 9",,REP,David Newell,69,21,48,0
Archer,3,"Judge, Court of Criminal Appeals, Place No. 9",,DEM,Brandon Birmingham,14,4,10,0
Archer,3,"Member, State Board of Education, District No. 15",,REP,Jay Johnson,68,21,47,0
Archer,3,"Member, State Board of Education, District No. 15",,DEM,John Betancourt,15,5,10,0
Archer,3,State Representative,69,REP,James B. Frank,78,24,54,0
Archer,3,"Justice, 2nd Court of Appeals District, Place No. 2",,REP,Dana Womack,79,23,56,0
Archer,3,"Justice, 2nd Court of Appeals District, Place No. 6 Unexpired Term",,REP,Mike Wallach,70,22,48,0
Archer,3,"Justice, 2nd Court of Appeals District, Place No. 6 Unexpired Term",,DEM,Delonia A. Watson,14,4,10,0
Archer,3,"Justice, 2nd Court of Appeals District, Place No. 7",,REP,Brian Walker,76,23,53,0
Archer,3,"District Judge, 97th Judicial District",,REP,Jack McGaughey,75,23,52,0
Archer,3,"District Attorney, 97th Judicial District",,REP,Casey Polhemus,75,24,51,0
Archer,3,County Attorney,,REP,David A. Levy,78,25,53,0
Archer,3,Sheriff,,REP,Jack Curd,78,24,54,0
Archer,3,County Tax Assessor-Collector,,REP,Dawn Vieth,79,25,54,0
Archer,3,"Constable, Precinct No. 4",,REP,Brett Hoff,80,25,55,0
Archer,3,President,,REP,Over Votes,0,0,0,0
Archer,3,President,,REP,Under Votes,1,0,1,0
Archer,3,President,,REP,Donald J. Trump Michael R. Pence,187,87,100,0
Archer,3,President,,DEM,Joseph R. Biden Kamala D. Harris,11,8,3,0
Archer,3,President,,LIB,"Jo Jorgensen Jeremy ""Spike"" Cohen",2,2,0,0
Archer,3,President,,GRN,Howie Hawkins Angela Walker,0,0,0,0
Archer,3,President,,"",Todd Cella/Tim Cella,0,0,0,0
Archer,3,U.S. Senate,,REP,John Cornyn,185,85,100,0
Archer,3,U.S. Senate,,DEM,"Mary ""MJ"" Hegar",11,8,3,0
Archer,3,U.S. Senate,,LIB,Kerry Douglas McKennon,3,3,0,0
Archer,3,U.S. Senate,,GRN,David B. Collins,0,0,0,0
Archer,3,U.S. House,13,REP,Ronny Jackson,185,85,100,0
Archer,3,U.S. House,13,DEM,Gus Trujillo,9,6,3,0
Archer,3,U.S. House,13,LIB,Jack B. Westbrook,2,2,0,0
Archer,3,Railroad Commissioner,,REP,"James ""Jim"" Wright",178,81,97,0
Archer,3,Railroad Commissioner,,DEM,Chrysta Castaeda,12,9,3,0
Archer,3,Railroad Commissioner,,LIB,Matt Sterett,2,2,0,0
Archer,3,Railroad Commissioner,,GRN,"Katija ""Kat"" Gruene",1,0,1,0
Archer,3,"Chief Justice, Supreme Court",,REP,Nathan Hecht,177,79,98,0
Archer,3,"Chief Justice, Supreme Court",,DEM,Amy Clark Meachum,12,9,3,0
Archer,3,"Chief Justice, Supreme Court",,LIB,Mark Ash,2,2,0,0
Archer,3,"Justice, Supreme Court, Place No. 6 Unexpired Term",,REP,Jane Bland,180,82,98,0
Archer,3,"Justice, Supreme Court, Place No. 6 Unexpired Term",,DEM,Kathy Cheng,10,7,3,0
Archer,3,"Justice, Supreme Court, Place No. 7",,REP,Jeff Boyd,174,78,96,0
Archer,3,"Justice, Supreme Court, Place No. 7",,DEM,Staci Williams,12,7,5,0
Archer,3,"Justice, Supreme Court, Place No. 7",,LIB,William Bryan Strange III,5,5,0,0
Archer,3,"Justice, Supreme Court, Place No. 8",,REP,Brett Busby,176,79,97,0
Archer,3,"Justice, Supreme Court, Place No. 8",,DEM,Gisela D. Triana,11,7,4,0
Archer,3,"Justice, Supreme Court, Place No. 8",,LIB,Tom Oxford,3,3,0,0
Archer,3,"Judge, Court of Criminal Appeals, Place No. 3",,REP,Bert Richardson,174,79,95,0
Archer,3,"Judge, Court of Criminal Appeals, Place No. 3",,DEM,Elizabeth Davis Frizell,13,9,4,0
Archer,3,"Judge, Court of Criminal Appeals, Place No. 4",,REP,Kevin Patrick Yeary,177,82,95,0
Archer,3,"Judge, Court of Criminal Appeals, Place No. 4",,DEM,Tina Clinton,11,7,4,0
Archer,3,"Judge, Court of Criminal Appeals, Place No. 9",,REP,David Newell,177,81,96,0
Archer,3,"Judge, Court of Criminal Appeals, Place No. 9",,DEM,Brandon Birmingham,11,7,4,0
Archer,3,"Member, State Board of Education, District No. 15",,REP,Jay Johnson,172,78,94,0
Archer,3,"Member, State Board of Education, District No. 15",,DEM,John Betancourt,15,10,5,0
Archer,3,State Representative,69,REP,James B. Frank,188,87,101,0
Archer,3,"Justice, 2nd Court of Appeals District, Place No. 2",,REP,Dana Womack,184,85,99,0
Archer,3,"Justice, 2nd Court of Appeals District, Place No. 6 Unexpired Term",,REP,Mike Wallach,177,81,96,0
Archer,3,"Justice, 2nd Court of Appeals District, Place No. 6 Unexpired Term",,DEM,Delonia A. Watson,10,7,3,0
Archer,3,"Justice, 2nd Court of Appeals District, Place No. 7",,REP,Brian Walker,181,84,97,0
Archer,3,"District Judge, 97th Judicial District",,REP,Jack McGaughey,182,84,98,0
Archer,3,"District Attorney, 97th Judicial District",,REP,Casey Polhemus,183,85,98,0
Archer,3,County Attorney,,REP,David A. Levy,183,85,98,0
Archer,3,Sheriff,,REP,Jack Curd,183,86,97,0
Archer,3,County Tax Assessor-Collector,,REP,Dawn Vieth,186,85,101,0
Archer,3,"Constable, Precinct No. 4",,REP,Brett Hoff,183,83,100,0
Archer,3,TRUSTEE - POSITION 6 Windthorst,,"",Chad Steinberger,173,79,94,0
Archer,3,TRUSTEE - POSITION 7 Windthorst,,"",Clay Conrady,71,30,41,0
Archer,3,TRUSTEE - POSITION 7 Windthorst,,"",Bradley Wolf,109,54,55,0
Archer,4,President,,REP,Over Votes,0,0,0,0
Archer,4,President,,REP,Under Votes,0,0,0,0
Archer,4,President,,REP,Donald J. Trump Michael R. Pence,46,30,16,0
Archer,4,President,,DEM,Joseph R. Biden Kamala D. Harris,0,0,0,0
Archer,4,President,,LIB,"Jo Jorgensen Jeremy ""Spike"" Cohen",0,0,0,0
Archer,4,President,,GRN,Howie Hawkins Angela Walker,0,0,0,0
Archer,4,President,,"",Todd Cella/Tim Cella,0,0,0,0
Archer,4,U.S. Senate,,REP,John Cornyn,44,28,16,0
Archer,4,U.S. Senate,,DEM,"Mary ""MJ"" Hegar",1,1,0,0
Archer,4,U.S. Senate,,LIB,Kerry Douglas McKennon,0,0,0,0
Archer,4,U.S. Senate,,GRN,David B. Collins,0,0,0,0
Archer,4,U.S. House,13,REP,Ronny Jackson,42,27,15,0
Archer,4,U.S. House,13,DEM,Gus Trujillo,1,1,0,0
Archer,4,U.S. House,13,LIB,Jack B. Westbrook,1,0,1,0
Archer,4,Railroad Commissioner,,REP,"James ""Jim"" Wright",42,27,15,0
Archer,4,Railroad Commissioner,,DEM,Chrysta Castaeda,1,1,0,0
Archer,4,Railroad Commissioner,,LIB,Matt Sterett,1,0,1,0
Archer,4,Railroad Commissioner,,GRN,"Katija ""Kat"" Gruene",0,0,0,0
Archer,4,"Chief Justice, Supreme Court",,REP,Nathan Hecht,42,27,15,0
Archer,4,"Chief Justice, Supreme Court",,DEM,Amy Clark Meachum,1,1,0,0
Archer,4,"Chief Justice, Supreme Court",,LIB,Mark Ash,1,0,1,0
Archer,4,"Justice, Supreme Court, Place No. 6 Unexpired Term",,REP,Jane Bland,43,27,16,0
Archer,4,"Justice, Supreme Court, Place No. 6 Unexpired Term",,DEM,Kathy Cheng,1,1,0,0
Archer,4,"Justice, Supreme Court, Place No. 7",,REP,Jeff Boyd,43,28,15,0
Archer,4,"Justice, Supreme Court, Place No. 7",,DEM,Staci Williams,1,0,1,0
Archer,4,"Justice, Supreme Court, Place No. 7",,LIB,William Bryan Strange III,0,0,0,0
Archer,4,"Justice, Supreme Court, Place No. 8",,REP,Brett Busby,44,28,16,0
Archer,4,"Justice, Supreme Court, Place No. 8",,DEM,Gisela D. Triana,0,0,0,0
Archer,4,"Justice, Supreme Court, Place No. 8",,LIB,Tom Oxford,0,0,0,0
Archer,4,"Judge, Court of Criminal Appeals, Place No. 3",,REP,Bert Richardson,44,28,16,0
Archer,4,"Judge, Court of Criminal Appeals, Place No. 3",,DEM,Elizabeth Davis Frizell,0,0,0,0
Archer,4,"Judge, Court of Criminal Appeals, Place No. 4",,REP,Kevin Patrick Yeary,43,27,16,0
Archer,4,"Judge, Court of Criminal Appeals, Place No. 4",,DEM,Tina Clinton,1,1,0,0
Archer,4,"Judge, Court of Criminal Appeals, Place No. 9",,REP,David Newell,43,28,15,0
Archer,4,"Judge, Court of Criminal Appeals, Place No. 9",,DEM,Brandon Birmingham,1,0,1,0
Archer,4,"Member, State Board of Education, District No. 15",,REP,Jay Johnson,43,27,16,0
Archer,4,"Member, State Board of Education, District No. 15",,DEM,John Betancourt,1,1,0,0
Archer,4,State Representative,69,REP,James B. Frank,44,28,16,0
Archer,4,"Justice, 2nd Court of Appeals District, Place No. 2",,REP,Dana Womack,44,28,16,0
Archer,4,"Justice, 2nd Court of Appeals District, Place No. 6 Unexpired Term",,REP,Mike Wallach,42,27,15,0
Archer,4,"Justice, 2nd Court of Appeals District, Place No. 6 Unexpired Term",,DEM,Delonia A. Watson,2,1,1,0
Archer,4,"Justice, 2nd Court of Appeals District, Place No. 7",,REP,Brian Walker,43,27,16,0
Archer,4,"District Judge, 97th Judicial District",,REP,Jack McGaughey,44,28,16,0
Archer,4,"District Attorney, 97th Judicial District",,REP,Casey Polhemus,43,27,16,0
Archer,4,County Attorney,,REP,David A. Levy,42,27,15,0
Archer,4,Sheriff,,REP,Jack Curd,40,25,15,0
Archer,4,County Tax Assessor-Collector,,REP,Dawn Vieth,44,28,16,0
Archer,4,"Constable, Precinct No. 4",,REP,Brett Hoff,43,27,16,0
Archer,5,President,,REP,Over Votes,0,0,0,0
Archer,5,President,,REP,Under Votes,1,1,0,0
Archer,5,President,,REP,Donald J. Trump Michael R. Pence,121,100,21,0
Archer,5,President,,DEM,Joseph R. Biden Kamala D. Harris,11,9,2,0
Archer,5,President,,LIB,"Jo Jorgensen Jeremy ""Spike"" Cohen",2,1,1,0
Archer,5,President,,GRN,Howie Hawkins Angela Walker,0,0,0,0
Archer,5,President,,"",Todd Cella/Tim Cella,0,0,0,0
Archer,5,U.S. Senate,,REP,John Cornyn,117,97,20,0
Archer,5,U.S. Senate,,DEM,"Mary ""MJ"" Hegar",12,10,2,0
Archer,5,U.S. Senate,,LIB,Kerry Douglas McKennon,2,0,2,0
Archer,5,U.S. Senate,,GRN,David B. Collins,1,1,0,0
Archer,5,U.S. House,13,REP,Ronny Jackson,121,99,22,0
Archer,5,U.S. House,13,DEM,Gus Trujillo,10,10,0,0
Archer,5,U.S. House,13,LIB,Jack B. Westbrook,1,0,1,0
Archer,5,Railroad Commissioner,,REP,"James ""Jim"" Wright",118,97,21,0
Archer,5,Railroad Commissioner,,DEM,Chrysta Castaeda,11,10,1,0
Archer,5,Railroad Commissioner,,LIB,Matt Sterett,1,0,1,0
Archer,5,Railroad Commissioner,,GRN,"Katija ""Kat"" Gruene",0,0,0,0
Archer,5,"Chief Justice, Supreme Court",,REP,Nathan Hecht,119,99,20,0
Archer,5,"Chief Justice, Supreme Court",,DEM,Amy Clark Meachum,8,8,0,0
Archer,5,"Chief Justice, Supreme Court",,LIB,Mark Ash,1,0,1,0
Archer,5,"Justice, Supreme Court, Place No. 6 Unexpired Term",,REP,Jane Bland,117,96,21,0
Archer,5,"Justice, Supreme Court, Place No. 6 Unexpired Term",,DEM,Kathy Cheng,11,11,0,0
Archer,5,"Justice, Supreme Court, Place No. 7",,REP,Jeff Boyd,118,96,22,0
Archer,5,"Justice, Supreme Court, Place No. 7",,DEM,Staci Williams,9,9,0,0
Archer,5,"Justice, Supreme Court, Place No. 7",,LIB,William Bryan Strange III,2,1,1,0
Archer,5,"Justice, Supreme Court, Place No. 8",,REP,Brett Busby,119,97,22,0
Archer,5,"Justice, Supreme Court, Place No. 8",,DEM,Gisela D. Triana,9,9,0,0
Archer,5,"Justice, Supreme Court, Place No. 8",,LIB,Tom Oxford,1,0,1,0
Archer,5,"Judge, Court of Criminal Appeals, Place No. 3",,REP,Bert Richardson,120,97,23,0
Archer,5,"Judge, Court of Criminal Appeals, Place No. 3",,DEM,Elizabeth Davis Frizell,8,8,0,0
Archer,5,"Judge, Court of Criminal Appeals, Place No. 4",,REP,Kevin Patrick Yeary,119,97,22,0
Archer,5,"Judge, Court of Criminal Appeals, Place No. 4",,DEM,Tina Clinton,10,9,1,0
Archer,5,"Judge, Court of Criminal Appeals, Place No. 9",,REP,David Newell,119,96,23,0
Archer,5,"Judge, Court of Criminal Appeals, Place No. 9",,DEM,Brandon Birmingham,8,8,0,0
Archer,5,"Member, State Board of Education, District No. 15",,REP,Jay Johnson,120,97,23,0
Archer,5,"Member, State Board of Education, District No. 15",,DEM,John Betancourt,8,8,0,0
Archer,5,State Representative,69,REP,James B. Frank,125,102,23,0
Archer,5,"Justice, 2nd Court of Appeals District, Place No. 2",,REP,Dana Womack,123,100,23,0
Archer,5,"Justice, 2nd Court of Appeals District, Place No. 6 Unexpired Term",,REP,Mike Wallach,120,97,23,0
Archer,5,"Justice, 2nd Court of Appeals District, Place No. 6 Unexpired Term",,DEM,Delonia A. Watson,8,8,0,0
Archer,5,"Justice, 2nd Court of Appeals District, Place No. 7",,REP,Brian Walker,120,98,22,0
Archer,5,"District Judge, 97th Judicial District",,REP,Jack McGaughey,122,100,22,0
Archer,5,"District Attorney, 97th Judicial District",,REP,Casey Polhemus,120,97,23,0
Archer,5,County Attorney,,REP,David A. Levy,119,97,22,0
Archer,5,Sheriff,,REP,Jack Curd,125,102,23,0
Archer,5,County Tax Assessor-Collector,,REP,Dawn Vieth,125,102,23,0
Archer,5,"Constable, Precinct No. 1",,REP,Doug Strange,125,102,23,0
Archer,6,President,,REP,Over Votes,0,0,0,0
Archer,6,President,,REP,Under Votes,4,4,0,0
Archer,6,President,,REP,Donald J. Trump Michael R. Pence,747,604,143,0
Archer,6,President,,DEM,Joseph R. Biden Kamala D. Harris,81,66,15,0
Archer,6,President,,LIB,"Jo Jorgensen Jeremy ""Spike"" Cohen",11,4,7,0
Archer,6,President,,GRN,Howie Hawkins Angela Walker,1,0,1,0
Archer,6,President,,"",Todd Cella/Tim Cella,0,0,0,0
Archer,6,U.S. Senate,,REP,John Cornyn,719,587,132,0
Archer,6,U.S. Senate,,DEM,"Mary ""MJ"" Hegar",85,68,17,0
Archer,6,U.S. Senate,,LIB,Kerry Douglas McKennon,18,9,9,0
Archer,6,U.S. Senate,,GRN,David B. Collins,1,1,0,0
Archer,6,U.S. House,13,REP,Ronny Jackson,739,600,139,0
Archer,6,U.S. House,13,DEM,Gus Trujillo,71,59,12,0
Archer,6,U.S. House,13,LIB,Jack B. Westbrook,13,3,10,0
Archer,6,Railroad Commissioner,,REP,"James ""Jim"" Wright",725,587,138,0
Archer,6,Railroad Commissioner,,DEM,Chrysta Castaeda,70,55,15,0
Archer,6,Railroad Commissioner,,LIB,Matt Sterett,11,4,7,0
Archer,6,Railroad Commissioner,,GRN,"Katija ""Kat"" Gruene",1,1,0,0
Archer,6,"Chief Justice, Supreme Court",,REP,Nathan Hecht,711,576,135,0
Archer,6,"Chief Justice, Supreme Court",,DEM,Amy Clark Meachum,81,66,15,0
Archer,6,"Chief Justice, Supreme Court",,LIB,Mark Ash,14,5,9,0
Archer,6,"Justice, Supreme Court, Place No. 6 Unexpired Term",,REP,Jane Bland,732,586,146,0
Archer,6,"Justice, Supreme Court, Place No. 6 Unexpired Term",,DEM,Kathy Cheng,72,59,13,0
Archer,6,"Justice, Supreme Court, Place No. 7",,REP,Jeff Boyd,708,572,136,0
Archer,6,"Justice, Supreme Court, Place No. 7",,DEM,Staci Williams,86,69,17,0
Archer,6,"Justice, Supreme Court, Place No. 7",,LIB,William Bryan Strange III,13,7,6,0
Archer,6,"Justice, Supreme Court, Place No. 8",,REP,Brett Busby,721,583,138,0
Archer,6,"Justice, Supreme Court, Place No. 8",,DEM,Gisela D. Triana,69,58,11,0
Archer,6,"Justice, Supreme Court, Place No. 8",,LIB,Tom Oxford,13,4,9,0
Archer,6,"Judge, Court of Criminal Appeals, Place No. 3",,REP,Bert Richardson,729,586,143,0
Archer,6,"Judge, Court of Criminal Appeals, Place No. 3",,DEM,Elizabeth Davis Frizell,75,60,15,0
Archer,6,"Judge, Court of Criminal Appeals, Place No. 4",,REP,Kevin Patrick Yeary,727,586,141,0
Archer,6,"Judge, Court of Criminal Appeals, Place No. 4",,DEM,Tina Clinton,73,57,16,0
Archer,6,"Judge, Court of Criminal Appeals, Place No. 9",,REP,David Newell,732,587,145,0
Archer,6,"Judge, Court of Criminal Appeals, Place No. 9",,DEM,Brandon Birmingham,70,58,12,0
Archer,6,"Member, State Board of Education, District No. 15",,REP,Jay Johnson,725,585,140,0
Archer,6,"Member, State Board of Education, District No. 15",,DEM,John Betancourt,80,62,18,0
Archer,6,State Representative,69,REP,James B. Frank,748,600,148,0
Archer,6,"Justice, 2nd Court of Appeals District, Place No. 2",,REP,Dana Womack,743,597,146,0
Archer,6,"Justice, 2nd Court of Appeals District, Place No. 6 Unexpired Term",,REP,Mike Wallach,726,582,144,0
Archer,6,"Justice, 2nd Court of Appeals District, Place No. 6 Unexpired Term",,DEM,Delonia A. Watson,72,59,13,0
Archer,6,"Justice, 2nd Court of Appeals District, Place No. 7",,REP,Brian Walker,736,592,144,0
Archer,6,"District Judge, 97th Judicial District",,REP,Jack McGaughey,745,603,142,0
Archer,6,"District Attorney, 97th Judicial District",,REP,Casey Polhemus,721,576,145,0
Archer,6,County Attorney,,REP,David A. Levy,745,598,147,0
Archer,6,Sheriff,,REP,Jack Curd,742,595,147,0
Archer,6,County Tax Assessor-Collector,,REP,Dawn Vieth,768,617,151,0
Archer,6,"County Commissioner, Precinct No. 3",,REP,Pat Martin III,762,611,151,0
Archer,6,"Constable, Precinct No. 1",,REP,Doug Strange,746,598,148,0
Archer,7,President,,REP,Over Votes,0,0,0,0
Archer,7,President,,REP,Under Votes,0,0,0,0
Archer,7,President,,REP,Donald J. Trump Michael R. Pence,141,65,76,0
Archer,7,President,,DEM,Joseph R. Biden Kamala D. Harris,11,5,6,0
Archer,7,President,,LIB,"Jo Jorgensen Jeremy ""Spike"" Cohen",1,1,0,0
Archer,7,President,,GRN,Howie Hawkins Angela Walker,0,0,0,0
Archer,7,President,,"",Todd Cella/Tim Cella,0,0,0,0
Archer,7,U.S. Senate,,REP,John Cornyn,129,61,68,0
Archer,7,U.S. Senate,,DEM,"Mary ""MJ"" Hegar",13,6,7,0
Archer,7,U.S. Senate,,LIB,Kerry Douglas McKennon,4,2,2,0
Archer,7,U.S. Senate,,GRN,David B. Collins,0,0,0,0
Archer,7,U.S. House,13,REP,Ronny Jackson,134,62,72,0
Archer,7,U.S. House,13,DEM,Gus Trujillo,9,5,4,0
Archer,7,U.S. House,13,LIB,Jack B. Westbrook,2,2,0,0
Archer,7,Railroad Commissioner,,REP,"James ""Jim"" Wright",133,62,71,0
Archer,7,Railroad Commissioner,,DEM,Chrysta Castaeda,9,5,4,0
Archer,7,Railroad Commissioner,,LIB,Matt Sterett,2,2,0,0
Archer,7,Railroad Commissioner,,GRN,"Katija ""Kat"" Gruene",0,0,0,0
Archer,7,"Chief Justice, Supreme Court",,REP,Nathan Hecht,130,61,69,0
Archer,7,"Chief Justice, Supreme Court",,DEM,Amy Clark Meachum,8,5,3,0
Archer,7,"Chief Justice, Supreme Court",,LIB,Mark Ash,6,3,3,0
Archer,7,"Justice, Supreme Court, Place No. 6 Unexpired Term",,REP,Jane Bland,135,63,72,0
Archer,7,"Justice, Supreme Court, Place No. 6 Unexpired Term",,DEM,Kathy Cheng,10,6,4,0
Archer,7,"Justice, Supreme Court, Place No. 7",,REP,Jeff Boyd,131,61,70,0
Archer,7,"Justice, Supreme Court, Place No. 7",,DEM,Staci Williams,12,6,6,0
Archer,7,"Justice, Supreme Court, Place No. 7",,LIB,William Bryan Strange III,2,2,0,0
Archer,7,"Justice, Supreme Court, Place No. 8",,REP,Brett Busby,132,61,71,0
Archer,7,"Justice, Supreme Court, Place No. 8",,DEM,Gisela D. Triana,9,5,4,0
Archer,7,"Justice, Supreme Court, Place No. 8",,LIB,Tom Oxford,3,3,0,0
Archer,7,"Judge, Court of Criminal Appeals, Place No. 3",,REP,Bert Richardson,133,62,71,0
Archer,7,"Judge, Court of Criminal Appeals, Place No. 3",,DEM,Elizabeth Davis Frizell,10,6,4,0
Archer,7,"Judge, Court of Criminal Appeals, Place No. 4",,REP,Kevin Patrick Yeary,134,63,71,0
Archer,7,"Judge, Court of Criminal Appeals, Place No. 4",,DEM,Tina Clinton,10,6,4,0
Archer,7,"Judge, Court of Criminal Appeals, Place No. 9",,REP,David Newell,132,62,70,0
Archer,7,"Judge, Court of Criminal Appeals, Place No. 9",,DEM,Brandon Birmingham,12,7,5,0
Archer,7,"Member, State Board of Education, District No. 15",,REP,Jay Johnson,133,64,69,0
Archer,7,"Member, State Board of Education, District No. 15",,DEM,John Betancourt,10,5,5,0
Archer,7,State Representative,69,REP,James B. Frank,137,65,72,0
Archer,7,"Justice, 2nd Court of Appeals District, Place No. 2",,REP,Dana Womack,137,66,71,0
Archer,7,"Justice, 2nd Court of Appeals District, Place No. 6 Unexpired Term",,REP,Mike Wallach,132,63,69,0
Archer,7,"Justice, 2nd Court of Appeals District, Place No. 6 Unexpired Term",,DEM,Delonia A. Watson,9,5,4,0
Archer,7,"Justice, 2nd Court of Appeals District, Place No. 7",,REP,Brian Walker,133,64,69,0
Archer,7,"District Judge, 97th Judicial District",,REP,Jack McGaughey,137,65,72,0
Archer,7,"District Attorney, 97th Judicial District",,REP,Casey Polhemus,132,62,70,0
Archer,7,County Attorney,,REP,David A. Levy,133,64,69,0
Archer,7,Sheriff,,REP,Jack Curd,135,65,70,0
Archer,7,County Tax Assessor-Collector,,REP,Dawn Vieth,138,65,73,0
Archer,7,"County Commissioner, Precinct No. 3",,REP,Pat Martin III,134,66,68,0
Archer,8,President,,REP,Over Votes,0,0,0,0
Archer,8,President,,REP,Under Votes,0,0,0,0
Archer,8,President,,REP,Donald J. Trump Michael R. Pence,228,184,44,0
Archer,8,President,,DEM,Joseph R. Biden Kamala D. Harris,33,27,6,0
Archer,8,President,,LIB,"Jo Jorgensen Jeremy ""Spike"" Cohen",5,4,1,0
Archer,8,President,,GRN,Howie Hawkins Angela Walker,0,0,0,0
Archer,8,President,,"",Todd Cella/Tim Cella,0,0,0,0
Archer,8,U.S. Senate,,REP,John Cornyn,221,180,41,0
Archer,8,U.S. Senate,,DEM,"Mary ""MJ"" Hegar",34,29,5,0
Archer,8,U.S. Senate,,LIB,Kerry Douglas McKennon,5,3,2,0
Archer,8,U.S. Senate,,GRN,David B. Collins,2,1,1,0
Archer,8,U.S. House,13,REP,Ronny Jackson,222,182,40,0
Archer,8,U.S. House,13,DEM,Gus Trujillo,29,26,3,0
Archer,8,U.S. House,13,LIB,Jack B. Westbrook,8,3,5,0
Archer,8,Railroad Commissioner,,REP,"James ""Jim"" Wright",213,174,39,0
Archer,8,Railroad Commissioner,,DEM,Chrysta Castaeda,29,24,5,0
Archer,8,Railroad Commissioner,,LIB,Matt Sterett,10,7,3,0
Archer,8,Railroad Commissioner,,GRN,"Katija ""Kat"" Gruene",3,1,2,0
Archer,8,"Chief Justice, Supreme Court",,REP,Nathan Hecht,213,172,41,0
Archer,8,"Chief Justice, Supreme Court",,DEM,Amy Clark Meachum,34,30,4,0
Archer,8,"Chief Justice, Supreme Court",,LIB,Mark Ash,8,5,3,0
Archer,8,"Justice, Supreme Court, Place No. 6 Unexpired Term",,REP,Jane Bland,225,182,43,0
Archer,8,"Justice, Supreme Court, Place No. 6 Unexpired Term",,DEM,Kathy Cheng,29,24,5,0
Archer,8,"Justice, Supreme Court, Place No. 7",,REP,Jeff Boyd,211,172,39,0
Archer,8,"Justice, Supreme Court, Place No. 7",,DEM,Staci Williams,37,31,6,0
Archer,8,"Justice, Supreme Court, Place No. 7",,LIB,William Bryan Strange III,6,3,3,0
Archer,8,"Justice, Supreme Court, Place No. 8",,REP,Brett Busby,218,178,40,0
Archer,8,"Justice, Supreme Court, Place No. 8",,DEM,Gisela D. Triana,28,25,3,0
Archer,8,"Justice, Supreme Court, Place No. 8",,LIB,Tom Oxford,7,3,4,0
Archer,8,"Judge, Court of Criminal Appeals, Place No. 3",,REP,Bert Richardson,220,179,41,0
Archer,8,"Judge, Court of Criminal Appeals, Place No. 3",,DEM,Elizabeth Davis Frizell,33,27,6,0
Archer,8,"Judge, Court of Criminal Appeals, Place No. 4",,REP,Kevin Patrick Yeary,221,180,41,0
Archer,8,"Judge, Court of Criminal Appeals, Place No. 4",,DEM,Tina Clinton,30,25,5,0
Archer,8,"Judge, Court of Criminal Appeals, Place No. 9",,REP,David Newell,224,183,41,0
Archer,8,"Judge, Court of Criminal Appeals, Place No. 9",,DEM,Brandon Birmingham,29,24,5,0
Archer,8,"Member, State Board of Education, District No. 15",,REP,Jay Johnson,222,181,41,0
Archer,8,"Member, State Board of Education, District No. 15",,DEM,John Betancourt,34,28,6,0
Archer,8,State Representative,69,REP,James B. Frank,236,191,45,0
Archer,8,"Justice, 2nd Court of Appeals District, Place No. 2",,REP,Dana Womack,231,188,43,0
Archer,8,"Justice, 2nd Court of Appeals District, Place No. 6 Unexpired Term",,REP,Mike Wallach,223,181,42,0
Archer,8,"Justice, 2nd Court of Appeals District, Place No. 6 Unexpired Term",,DEM,Delonia A. Watson,31,26,5,0
Archer,8,"Justice, 2nd Court of Appeals District, Place No. 7",,REP,Brian Walker,232,188,44,0
Archer,8,"District Judge, 97th Judicial District",,REP,Jack McGaughey,228,185,43,0
Archer,8,"District Attorney, 97th Judicial District",,REP,Casey Polhemus,229,186,43,0
Archer,8,County Attorney,,REP,David A. Levy,229,185,44,0
Archer,8,Sheriff,,REP,Jack Curd,233,188,45,0
Archer,8,County Tax Assessor-Collector,,REP,Dawn Vieth,236,189,47,0
Archer,8,"Constable, Precinct No. 1",,REP,Doug Strange,234,190,44,0
Archer,9,President,,REP,Over Votes,0,0,0,0
Archer,9,President,,REP,Under Votes,1,1,0,0
Archer,9,President,,REP,Donald J. Trump Michael R. Pence,127,97,30,0
Archer,9,President,,DEM,Joseph R. Biden Kamala D. Harris,11,10,1,0
Archer,9,President,,LIB,"Jo Jorgensen Jeremy ""Spike"" Cohen",1,1,0,0
Archer,9,President,,GRN,Howie Hawkins Angela Walker,0,0,0,0
Archer,9,President,,"",Todd Cella/Tim Cella,0,0,0,0
Archer,9,U.S. Senate,,REP,John Cornyn,129,99,30,0
Archer,9,U.S. Senate,,DEM,"Mary ""MJ"" Hegar",9,8,1,0
Archer,9,U.S. Senate,,LIB,Kerry Douglas McKennon,1,1,0,0
Archer,9,U.S. Senate,,GRN,David B. Collins,1,1,0,0
Archer,9,U.S. House,13,REP,Ronny Jackson,126,95,31,0
Archer,9,U.S. House,13,DEM,Gus Trujillo,9,9,0,0
Archer,9,U.S. House,13,LIB,Jack B. Westbrook,1,1,0,0
Archer,9,Railroad Commissioner,,REP,"James ""Jim"" Wright",124,95,29,0
Archer,9,Railroad Commissioner,,DEM,Chrysta Castaeda,10,9,1,0
Archer,9,Railroad Commissioner,,LIB,Matt Sterett,1,0,1,0
Archer,9,Railroad Commissioner,,GRN,"Katija ""Kat"" Gruene",0,0,0,0
Archer,9,"Chief Justice, Supreme Court",,REP,Nathan Hecht,124,94,30,0
Archer,9,"Chief Justice, Supreme Court",,DEM,Amy Clark Meachum,12,11,1,0
Archer,9,"Chief Justice, Supreme Court",,LIB,Mark Ash,2,2,0,0
Archer,9,"Justice, Supreme Court, Place No. 6 Unexpired Term",,REP,Jane Bland,126,96,30,0
Archer,9,"Justice, Supreme Court, Place No. 6 Unexpired Term",,DEM,Kathy Cheng,11,10,1,0
Archer,9,"Justice, Supreme Court, Place No. 7",,REP,Jeff Boyd,121,92,29,0
Archer,9,"Justice, Supreme Court, Place No. 7",,DEM,Staci Williams,14,12,2,0
Archer,9,"Justice, Supreme Court, Place No. 7",,LIB,William Bryan Strange III,2,2,0,0
Archer,9,"Justice, Supreme Court, Place No. 8",,REP,Brett Busby,125,95,30,0
Archer,9,"Justice, Supreme Court, Place No. 8",,DEM,Gisela D. Triana,12,11,1,0
Archer,9,"Justice, Supreme Court, Place No. 8",,LIB,Tom Oxford,0,0,0,0
Archer,9,"Judge, Court of Criminal Appeals, Place No. 3",,REP,Bert Richardson,122,93,29,0
Archer,9,"Judge, Court of Criminal Appeals, Place No. 3",,DEM,Elizabeth Davis Frizell,14,12,2,0
Archer,9,"Judge, Court of Criminal Appeals, Place No. 4",,REP,Kevin Patrick Yeary,123,94,29,0
Archer,9,"Judge, Court of Criminal Appeals, Place No. 4",,DEM,Tina Clinton,13,11,2,0
Archer,9,"Judge, Court of Criminal Appeals, Place No. 9",,REP,David Newell,124,95,29,0
Archer,9,"Judge, Court of Criminal Appeals, Place No. 9",,DEM,Brandon Birmingham,13,11,2,0
Archer,9,"Member, State Board of Education, District No. 15",,REP,Jay Johnson,126,95,31,0
Archer,9,"Member, State Board of Education, District No. 15",,DEM,John Betancourt,11,11,0,0
Archer,9,State Representative,69,REP,James B. Frank,130,99,31,0
Archer,9,"Justice, 2nd Court of Appeals District, Place No. 2",,REP,Dana Womack,128,97,31,0
Archer,9,"Justice, 2nd Court of Appeals District, Place No. 6 Unexpired Term",,REP,Mike Wallach,126,97,29,0
Archer,9,"Justice, 2nd Court of Appeals District, Place No. 6 Unexpired Term",,DEM,Delonia A. Watson,11,9,2,0
Archer,9,"Justice, 2nd Court of Appeals District, Place No. 7",,REP,Brian Walker,128,98,30,0
Archer,9,"District Judge, 97th Judicial District",,REP,Jack McGaughey,125,95,30,0
Archer,9,"District Attorney, 97th Judicial District",,REP,Casey Polhemus,125,94,31,0
Archer,9,County Attorney,,REP,David A. Levy,126,95,31,0
Archer,9,Sheriff,,REP,Jack Curd,123,93,30,0
Archer,9,County Tax Assessor-Collector,,REP,Dawn Vieth,127,97,30,0
Archer,9,"Constable, Precinct No. 1",,REP,Doug Strange,127,96,31,0
Archer,10,President,,REP,Over Votes,0,0,0,0
Archer,10,President,,REP,Under Votes,3,2,1,0
Archer,10,President,,REP,Donald J. Trump Michael R. Pence,533,469,64,0
Archer,10,President,,DEM,Joseph R. Biden Kamala D. Harris,79,71,8,0
Archer,10,President,,LIB,"Jo Jorgensen Jeremy ""Spike"" Cohen",8,4,4,0
Archer,10,President,,GRN,Howie Hawkins Angela Walker,0,0,0,0
Archer,10,President,,"",Todd Cella/Tim Cella,0,0,0,0
Archer,10,U.S. Senate,,REP,John Cornyn,525,460,65,0
Archer,10,U.S. Senate,,DEM,"Mary ""MJ"" Hegar",86,76,10,0
Archer,10,U.S. Senate,,LIB,Kerry Douglas McKennon,5,4,1,0
Archer,10,U.S. Senate,,GRN,David B. Collins,2,2,0,0
Archer,10,U.S. House,13,REP,Ronny Jackson,524,459,65,0
Archer,10,U.S. House,13,DEM,Gus Trujillo,81,72,9,0
Archer,10,U.S. House,13,LIB,Jack B. Westbrook,6,4,2,0
Archer,10,Railroad Commissioner,,REP,"James ""Jim"" Wright",523,458,65,0
Archer,10,Railroad Commissioner,,DEM,Chrysta Castaeda,73,65,8,0
Archer,10,Railroad Commissioner,,LIB,Matt Sterett,6,4,2,0
Archer,10,Railroad Commissioner,,GRN,"Katija ""Kat"" Gruene",4,4,0,0
Archer,10,"Chief Justice, Supreme Court",,REP,Nathan Hecht,515,452,63,0
Archer,10,"Chief Justice, Supreme Court",,DEM,Amy Clark Meachum,80,71,9,0
Archer,10,"Chief Justice, Supreme Court",,LIB,Mark Ash,10,7,3,0
Archer,10,"Justice, Supreme Court, Place No. 6 Unexpired Term",,REP,Jane Bland,528,465,63,0
Archer,10,"Justice, Supreme Court, Place No. 6 Unexpired Term",,DEM,Kathy Cheng,75,63,12,0
Archer,10,"Justice, Supreme Court, Place No. 7",,REP,Jeff Boyd,516,453,63,0
Archer,10,"Justice, Supreme Court, Place No. 7",,DEM,Staci Williams,80,69,11,0
Archer,10,"Justice, Supreme Court, Place No. 7",,LIB,William Bryan Strange III,9,8,1,0
Archer,10,"Justice, Supreme Court, Place No. 8",,REP,Brett Busby,525,460,65,0
Archer,10,"Justice, Supreme Court, Place No. 8",,DEM,Gisela D. Triana,75,66,9,0
Archer,10,"Justice, Supreme Court, Place No. 8",,LIB,Tom Oxford,4,3,1,0
Archer,10,"Judge, Court of Criminal Appeals, Place No. 3",,REP,Bert Richardson,524,462,62,0
Archer,10,"Judge, Court of Criminal Appeals, Place No. 3",,DEM,Elizabeth Davis Frizell,81,68,13,0
Archer,10,"Judge, Court of Criminal Appeals, Place No. 4",,REP,Kevin Patrick Yeary,525,459,66,0
Archer,10,"Judge, Court of Criminal Appeals, Place No. 4",,DEM,Tina Clinton,77,68,9,0
Archer,10,"Judge, Court of Criminal Appeals, Place No. 9",,REP,David Newell,529,464,65,0
Archer,10,"Judge, Court of Criminal Appeals, Place No. 9",,DEM,Brandon Birmingham,73,63,10,0
Archer,10,"Member, State Board of Education, District No. 15",,REP,Jay Johnson,529,464,65,0
Archer,10,"Member, State Board of Education, District No. 15",,DEM,John Betancourt,75,65,10,0
Archer,10,State Representative,69,REP,James B. Frank,561,490,71,0
Archer,10,"Justice, 2nd Court of Appeals District, Place No. 2",,REP,Dana Womack,556,484,72,0
Archer,10,"Justice, 2nd Court of Appeals District, Place No. 6 Unexpired Term",,REP,Mike Wallach,523,459,64,0
Archer,10,"Justice, 2nd Court of Appeals District, Place No. 6 Unexpired Term",,DEM,Delonia A. Watson,79,68,11,0
Archer,10,"Justice, 2nd Court of Appeals District, Place No. 7",,REP,Brian Walker,556,485,71,0
Archer,10,"District Judge, 97th Judicial District",,REP,Jack McGaughey,555,484,71,0
Archer,10,"District Attorney, 97th Judicial District",,REP,Casey Polhemus,555,484,71,0
Archer,10,County Attorney,,REP,David A. Levy,553,481,72,0
Archer,10,Sheriff,,REP,Jack Curd,549,478,71,0
Archer,10,County Tax Assessor-Collector,,REP,Dawn Vieth,558,487,71,0
Archer,10,"County Commissioner, Precinct No. 1",,REP,Wade Scarbrough,565,493,72,0
Archer,10,"Constable, Precinct No. 2",,REP,Donald W. Stevens,553,482,71,0
Archer,11,President,,REP,Over Votes,0,0,0,0
Archer,11,President,,REP,Under Votes,0,0,0,0
Archer,11,President,,REP,Donald J. Trump Michael R. Pence,67,54,13,0
Archer,11,President,,DEM,Joseph R. Biden Kamala D. Harris,8,8,0,0
Archer,11,President,,LIB,"Jo Jorgensen Jeremy ""Spike"" Cohen",0,0,0,0
Archer,11,President,,GRN,Howie Hawkins Angela Walker,0,0,0,0
Archer,11,President,,"",Todd Cella/Tim Cella,0,0,0,0
Archer,11,U.S. Senate,,REP,John Cornyn,66,53,13,0
Archer,11,U.S. Senate,,DEM,"Mary ""MJ"" Hegar",8,8,0,0
Archer,11,U.S. Senate,,LIB,Kerry Douglas McKennon,1,1,0,0
Archer,11,U.S. Senate,,GRN,David B. Collins,0,0,0,0
Archer,11,U.S. House,13,REP,Ronny Jackson,67,54,13,0
Archer,11,U.S. House,13,DEM,Gus Trujillo,7,7,0,0
Archer,11,U.S. House,13,LIB,Jack B. Westbrook,0,0,0,0
Archer,11,Railroad Commissioner,,REP,"James ""Jim"" Wright",68,55,13,0
Archer,11,Railroad Commissioner,,DEM,Chrysta Castaeda,6,6,0,0
Archer,11,Railroad Commissioner,,LIB,Matt Sterett,0,0,0,0
Archer,11,Railroad Commissioner,,GRN,"Katija ""Kat"" Gruene",1,1,0,0
Archer,11,"Chief Justice, Supreme Court",,REP,Nathan Hecht,67,54,13,0
Archer,11,"Chief Justice, Supreme Court",,DEM,Amy Clark Meachum,7,7,0,0
Archer,11,"Chief Justice, Supreme Court",,LIB,Mark Ash,0,0,0,0
Archer,11,"Justice, Supreme Court, Place No. 6 Unexpired Term",,REP,Jane Bland,67,54,13,0
Archer,11,"Justice, Supreme Court, Place No. 6 Unexpired Term",,DEM,Kathy Cheng,7,7,0,0
Archer,11,"Justice, Supreme Court, Place No. 7",,REP,Jeff Boyd,67,54,13,0
Archer,11,"Justice, Supreme Court, Place No. 7",,DEM,Staci Williams,6,6,0,0
Archer,11,"Justice, Supreme Court, Place No. 7",,LIB,William Bryan Strange III,1,1,0,0
Archer,11,"Justice, Supreme Court, Place No. 8",,REP,Brett Busby,67,54,13,0
Archer,11,"Justice, Supreme Court, Place No. 8",,DEM,Gisela D. Triana,6,6,0,0
Archer,11,"Justice, Supreme Court, Place No. 8",,LIB,Tom Oxford,1,1,0,0
Archer,11,"Judge, Court of Criminal Appeals, Place No. 3",,REP,Bert Richardson,67,54,13,0
Archer,11,"Judge, Court of Criminal Appeals, Place No. 3",,DEM,Elizabeth Davis Frizell,7,7,0,0
Archer,11,"Judge, Court of Criminal Appeals, Place No. 4",,REP,Kevin Patrick Yeary,67,54,13,0
Archer,11,"Judge, Court of Criminal Appeals, Place No. 4",,DEM,Tina Clinton,7,7,0,0
Archer,11,"Judge, Court of Criminal Appeals, Place No. 9",,REP,David Newell,67,54,13,0
Archer,11,"Judge, Court of Criminal Appeals, Place No. 9",,DEM,Brandon Birmingham,7,7,0,0
Archer,11,"Member, State Board of Education, District No. 15",,REP,Jay Johnson,67,54,13,0
Archer,11,"Member, State Board of Education, District No. 15",,DEM,John Betancourt,7,7,0,0
Archer,11,State Representative,69,REP,James B. Frank,66,53,13,0
Archer,11,"Justice, 2nd Court of Appeals District, Place No. 2",,REP,Dana Womack,67,54,13,0
Archer,11,"Justice, 2nd Court of Appeals District, Place No. 6 Unexpired Term",,REP,Mike Wallach,67,54,13,0
Archer,11,"Justice, 2nd Court of Appeals District, Place No. 6 Unexpired Term",,DEM,Delonia A. Watson,6,6,0,0
Archer,11,"Justice, 2nd Court of Appeals District, Place No. 7",,REP,Brian Walker,67,54,13,0
Archer,11,"District Judge, 97th Judicial District",,REP,Jack McGaughey,68,55,13,0
Archer,11,"District Attorney, 97th Judicial District",,REP,Casey Polhemus,66,54,12,0
Archer,11,County Attorney,,REP,David A. Levy,67,54,13,0
Archer,11,Sheriff,,REP,Jack Curd,69,57,12,0
Archer,11,County Tax Assessor-Collector,,REP,Dawn Vieth,68,55,13,0
Archer,11,"County Commissioner, Precinct No. 1",,REP,Wade Scarbrough,69,56,13,0
Archer,11,"Constable, Precinct No. 4",,REP,Brett Hoff,66,55,11,0
Archer,4,President,,REP,Over Votes,0,0,0,0
Archer,4,President,,REP,Under Votes,1,0,1,0
Archer,4,President,,REP,Donald J. Trump Michael R. Pence,454,212,242,0
Archer,4,President,,DEM,Joseph R. Biden Kamala D. Harris,28,19,9,0
Archer,4,President,,LIB,"Jo Jorgensen Jeremy ""Spike"" Cohen",1,1,0,0
Archer,4,President,,GRN,Howie Hawkins Angela Walker,1,1,0,0
Archer,4,President,,"",Todd Cella/Tim Cella,1,1,0,0
Archer,4,U.S. Senate,,REP,John Cornyn,439,207,232,0
Archer,4,U.S. Senate,,DEM,"Mary ""MJ"" Hegar",27,19,8,0
Archer,4,U.S. Senate,,LIB,Kerry Douglas McKennon,4,1,3,0
Archer,4,U.S. Senate,,GRN,David B. Collins,2,2,0,0
Archer,4,U.S. House,13,REP,Ronny Jackson,448,209,239,0
Archer,4,U.S. House,13,DEM,Gus Trujillo,21,15,6,0
Archer,4,U.S. House,13,LIB,Jack B. Westbrook,7,4,3,0
Archer,4,Railroad Commissioner,,REP,"James ""Jim"" Wright",435,207,228,0
Archer,4,Railroad Commissioner,,DEM,Chrysta Castaeda,24,15,9,0
Archer,4,Railroad Commissioner,,LIB,Matt Sterett,5,1,4,0
Archer,4,Railroad Commissioner,,GRN,"Katija ""Kat"" Gruene",3,1,2,0
Archer,4,"Chief Justice, Supreme Court",,REP,Nathan Hecht,436,206,230,0
Archer,4,"Chief Justice, Supreme Court",,DEM,Amy Clark Meachum,26,15,11,0
Archer,4,"Chief Justice, Supreme Court",,LIB,Mark Ash,5,2,3,0
Archer,4,"Justice, Supreme Court, Place No. 6 Unexpired Term",,REP,Jane Bland,440,207,233,0
Archer,4,"Justice, Supreme Court, Place No. 6 Unexpired Term",,DEM,Kathy Cheng,23,15,8,0
Archer,4,"Justice, Supreme Court, Place No. 7",,REP,Jeff Boyd,433,201,232,0
Archer,4,"Justice, Supreme Court, Place No. 7",,DEM,Staci Williams,29,20,9,0
Archer,4,"Justice, Supreme Court, Place No. 7",,LIB,William Bryan Strange III,3,1,2,0
Archer,4,"Justice, Supreme Court, Place No. 8",,REP,Brett Busby,437,207,230,0
Archer,4,"Justice, Supreme Court, Place No. 8",,DEM,Gisela D. Triana,23,13,10,0
Archer,4,"Justice, Supreme Court, Place No. 8",,LIB,Tom Oxford,4,2,2,0
Archer,4,"Judge, Court of Criminal Appeals, Place No. 3",,REP,Bert Richardson,438,205,233,0
Archer,4,"Judge, Court of Criminal Appeals, Place No. 3",,DEM,Elizabeth Davis Frizell,24,16,8,0
Archer,4,"Judge, Court of Criminal Appeals, Place No. 4",,REP,Kevin Patrick Yeary,439,206,233,0
Archer,4,"Judge, Court of Criminal Appeals, Place No. 4",,DEM,Tina Clinton,23,16,7,0
Archer,4,"Judge, Court of Criminal Appeals, Place No. 9",,REP,David Newell,439,206,233,0
Archer,4,"Judge, Court of Criminal Appeals, Place No. 9",,DEM,Brandon Birmingham,23,16,7,0
Archer,4,"Member, State Board of Education, District No. 15",,REP,Jay Johnson,440,208,232,0
Archer,4,"Member, State Board of Education, District No. 15",,DEM,John Betancourt,22,14,8,0
Archer,4,State Representative,69,REP,James B. Frank,457,217,240,0
Archer,4,"Justice, 2nd Court of Appeals District, Place No. 2",,REP,Dana Womack,447,212,235,0
Archer,4,"Justice, 2nd Court of Appeals District, Place No. 6 Unexpired Term",,REP,Mike Wallach,435,207,228,0
Archer,4,"Justice, 2nd Court of Appeals District, Place No. 6 Unexpired Term",,DEM,Delonia A. Watson,27,16,11,0
Archer,4,"Justice, 2nd Court of Appeals District, Place No. 7",,REP,Brian Walker,449,212,237,0
Archer,4,"District Judge, 97th Judicial District",,REP,Jack McGaughey,456,218,238,0
Archer,4,"District Attorney, 97th Judicial District",,REP,Casey Polhemus,447,213,234,0
Archer,4,County Attorney,,REP,David A. Levy,442,212,230,0
Archer,4,Sheriff,,REP,Jack Curd,446,211,235,0
Archer,4,County Tax Assessor-Collector,,REP,Dawn Vieth,463,221,242,0
Archer,4,"Constable, Precinct No. 4",,REP,Brett Hoff,455,213,242,0
Archer,4,TRUSTEE - POSITION 6 Windthorst,,"",Chad Steinberger,449,216,233,0
Archer,4,TRUSTEE - POSITION 7 Windthorst,,"",Clay Conrady,221,96,125,0
Archer,4,TRUSTEE - POSITION 7 Windthorst,,"",Bradley Wolf,241,124,117,0
