county,precinct,office,district,party,candidate,election_day,mail,early_voting,votes
San Jacinto,1,President,,DEM,Andrew Yang,0,0,2,2
San Jacinto,1,President,,DEM,John K. Delaney,0,0,0,0
San Jacinto,1,President,,DEM,Robby Wells,0,0,0,0
San Jacinto,1,President,,DEM,Joseph R. Biden,43,7,11,61
San Jacinto,1,President,,DEM,"Roque ""Rocky"" De La Fuente",0,0,0,0
San Jacinto,1,President,,DEM,Marianne Williamson,0,0,0,0
San Jacinto,1,President,,DEM,Deval Patrick,0,0,0,0
San Jacinto,1,President,,DEM,Elizabeth Warren,2,3,3,8
San Jacinto,1,President,,DEM,Tulsi Gabbard,0,0,0,0
San Jacinto,1,President,,DEM,Julián Castro,0,0,0,0
San Jacinto,1,President,,DEM,Pete Buttigieg,0,3,2,5
San Jacinto,1,President,,DEM,Bernie Sanders,19,1,15,35
San Jacinto,1,President,,DEM,Tom Steyer,0,0,0,0
San Jacinto,1,President,,DEM,Michael Bennet,0,1,0,1
San Jacinto,1,President,,DEM,Michael R. Bloomberg,6,1,16,23
San Jacinto,1,President,,DEM,Cory Booker,0,0,0,0
San Jacinto,1,President,,DEM,Amy Klobuchar,0,0,0,0
San Jacinto,1,Ballots Cast,,DEM,,70,16,49,135
San Jacinto,1,President,,DEM,Under Votes,3,0,1,4
San Jacinto,1,President,,DEM,Over Votes,0,0,0,0
San Jacinto,1,U.S. Senate,,DEM,Michael Cooper,4,1,3,8
San Jacinto,1,U.S. Senate,,DEM,Cristina Tzintzun Ramirez,4,2,1,7
San Jacinto,1,U.S. Senate,,DEM,Adrian Ocegueda,1,0,0,1
San Jacinto,1,U.S. Senate,,DEM,Jack Daniel Foster Jr,2,1,0,3
San Jacinto,1,U.S. Senate,,DEM,Chris Bell,18,3,10,31
San Jacinto,1,U.S. Senate,,DEM,"Mary ""MJ"" Hegar",8,6,11,25
San Jacinto,1,U.S. Senate,,DEM,"Annie ""Mamá"" Garcia",7,0,6,13
San Jacinto,1,U.S. Senate,,DEM,Sema Hernandez,8,0,3,11
San Jacinto,1,U.S. Senate,,DEM,Victor Hugo Harris,0,0,1,1
San Jacinto,1,U.S. Senate,,DEM,Royce West,2,0,3,5
San Jacinto,1,U.S. Senate,,DEM,Amanda K. Edwards,4,2,4,10
San Jacinto,1,U.S. Senate,,DEM,D.R. Hunter,0,0,1,1
San Jacinto,1,U.S. Senate,,DEM,Cast Votes:,58,15,43,116
San Jacinto,1,U.S. Senate,,DEM,Under Votes,15,1,7,23
San Jacinto,1,U.S. Senate,,DEM,Over Votes,0,0,0,0
San Jacinto,1,U.S. House,8,DEM,Laura Jones,26,11,19,56
San Jacinto,1,U.S. House,8,DEM,Elizabeth Hernandez,33,2,26,61
San Jacinto,1,U.S. House,8,DEM,Cast Votes:,59,13,45,117
San Jacinto,1,U.S. House,8,DEM,Under Votes,14,3,5,22
San Jacinto,1,U.S. House,8,DEM,Over Votes,0,0,0,0
San Jacinto,1,Railroad Commissioner,,DEM,"Roberto R. ""Beto"" Alonzo",15,2,13,30
San Jacinto,1,Railroad Commissioner,,DEM,Chrysta Castañeda,16,2,10,28
San Jacinto,1,Railroad Commissioner,,DEM,Kelly Stone,13,5,6,24
San Jacinto,1,Railroad Commissioner,,DEM,Mark Watson,11,4,12,27
San Jacinto,1,Railroad Commissioner,,DEM,Cast Votes:,55,13,41,109
San Jacinto,1,Railroad Commissioner,,DEM,Under Votes,18,3,9,30
San Jacinto,1,Railroad Commissioner,,DEM,Over Votes,0,0,0,0
San Jacinto,1,"Chief Justice, Supreme Court",,DEM,Jerry Zimmerer,17,2,8,27
San Jacinto,1,"Chief Justice, Supreme Court",,DEM,Amy Clark Meachum,40,11,34,85
San Jacinto,1,"Chief Justice, Supreme Court",,DEM,Cast Votes:,57,13,42,112
San Jacinto,1,"Chief Justice, Supreme Court",,DEM,Under Votes,16,3,8,27
San Jacinto,1,"Chief Justice, Supreme Court",,DEM,Over Votes,0,0,0,0
San Jacinto,1,"Justice, Supreme Court, Place 6 Unexpired Term",,DEM,Kathy Cheng,38,9,27,74
San Jacinto,1,"Justice, Supreme Court, Place 6 Unexpired Term",,DEM,Larry Praeger,16,5,14,35
San Jacinto,1,"Justice, Supreme Court, Place 6 Unexpired Term",,DEM,Cast Votes:,54,14,41,109
San Jacinto,1,"Justice, Supreme Court, Place 6 Unexpired Term",,DEM,Under Votes,19,2,9,30
San Jacinto,1,"Justice, Supreme Court, Place 6 Unexpired Term",,DEM,Over Votes,0,0,0,0
San Jacinto,1,"Justice, Supreme Court, Place 7",,DEM,Brandy Voss,23,5,14,42
San Jacinto,1,"Justice, Supreme Court, Place 7",,DEM,Staci Williams,31,9,24,64
San Jacinto,1,"Justice, Supreme Court, Place 7",,DEM,Cast Votes:,54,14,38,106
San Jacinto,1,"Justice, Supreme Court, Place 7",,DEM,Under Votes,19,2,12,33
San Jacinto,1,"Justice, Supreme Court, Place 7",,DEM,Over Votes,0,0,0,0
San Jacinto,1,"Justice, Supreme Court, Place 8",,DEM,Gisela D. Triana,26,6,23,55
San Jacinto,1,"Justice, Supreme Court, Place 8",,DEM,Peter Kelly,25,8,15,48
San Jacinto,1,"Justice, Supreme Court, Place 8",,DEM,Cast Votes:,51,14,38,103
San Jacinto,1,"Justice, Supreme Court, Place 8",,DEM,Under Votes,22,2,12,36
San Jacinto,1,"Justice, Supreme Court, Place 8",,DEM,Over Votes,0,0,0,0
San Jacinto,1,"Judge, Court of Criminal Appeals, Place 3",,DEM,Dan Wood,15,3,6,24
San Jacinto,1,"Judge, Court of Criminal Appeals, Place 3",,DEM,William Pieratt Demond,4,1,2,7
San Jacinto,1,"Judge, Court of Criminal Appeals, Place 3",,DEM,Elizabeth Davis Frizell,38,11,30,79
San Jacinto,1,"Judge, Court of Criminal Appeals, Place 3",,DEM,Cast Votes:,57,15,38,110
San Jacinto,1,"Judge, Court of Criminal Appeals, Place 3",,DEM,Under Votes,16,1,12,29
San Jacinto,1,"Judge, Court of Criminal Appeals, Place 3",,DEM,Over Votes,0,0,0,0
San Jacinto,1,"Judge, Court of Criminal Appeals, Place 4",,DEM,Steven Miears,13,5,10,28
San Jacinto,1,"Judge, Court of Criminal Appeals, Place 4",,DEM,Tina Clinton,40,9,30,79
San Jacinto,1,"Judge, Court of Criminal Appeals, Place 4",,DEM,Cast Votes:,53,14,40,107
San Jacinto,1,"Judge, Court of Criminal Appeals, Place 4",,DEM,Under Votes,20,2,10,32
San Jacinto,1,"Judge, Court of Criminal Appeals, Place 4",,DEM,Over Votes,0,0,0,0
San Jacinto,1,"Judge, Court of Criminal Appeals, Place 9",,DEM,Brandon Birmingham,42,13,39,94
San Jacinto,1,"Judge, Court of Criminal Appeals, Place 9",,DEM,Cast Votes:,42,13,39,94
San Jacinto,1,"Judge, Court of Criminal Appeals, Place 9",,DEM,Under Votes,31,3,11,45
San Jacinto,1,"Judge, Court of Criminal Appeals, Place 9",,DEM,Over Votes,0,0,0,0
San Jacinto,1,San Jacinto County Chairman,,DEM,Jacqueline Mier,43,12,38,93
San Jacinto,1,San Jacinto County Chairman,,DEM,Cast Votes:,43,12,38,93
San Jacinto,1,San Jacinto County Chairman,,DEM,Under Votes,30,4,12,46
San Jacinto,1,San Jacinto County Chairman,,DEM,Over Votes,0,0,0,0
San Jacinto,1,President,,REP,"Roque ""Rocky"" De La Fuente Guerra",1,0,0,1
San Jacinto,1,President,,REP,Donald J. Trump,225,15,455,695
San Jacinto,1,President,,REP,Bill Weld,2,0,1,3
San Jacinto,1,President,,REP,Zoltan G. Istvan,0,0,0,0
San Jacinto,1,President,,REP,Matthew John Matern,0,0,0,0
San Jacinto,1,President,,REP,Bob Ely,0,0,3,3
San Jacinto,1,President,,REP,Joe Walsh,2,0,4,6
San Jacinto,1,President,,REP,Uncommitted,12,4,6,22
San Jacinto,1,Ballots Cast,,REP,,242,19,469,730
San Jacinto,1,President,,REP,Under Votes,0,1,1,2
San Jacinto,1,President,,REP,Over Votes,0,0,0,0
San Jacinto,1,U.S. Senate,,REP,John Cornyn,170,16,338,524
San Jacinto,1,U.S. Senate,,REP,John Anthony Castro,9,0,10,19
San Jacinto,1,U.S. Senate,,REP,Dwayne Stovall,37,2,64,103
San Jacinto,1,U.S. Senate,,REP,Mark Yancey,12,0,21,33
San Jacinto,1,U.S. Senate,,REP,Virgil Bierschwale,1,0,2,3
San Jacinto,1,U.S. Senate,,REP,Cast Votes:,229,18,435,682
San Jacinto,1,U.S. Senate,,REP,Under Votes,13,2,35,50
San Jacinto,1,U.S. Senate,,REP,Over Votes,0,0,0,0
San Jacinto,1,U.S. House,8,REP,Kirk Osborn,29,1,40,70
San Jacinto,1,U.S. House,8,REP,Melissa Esparza-Mathis,9,0,7,16
San Jacinto,1,U.S. House,8,REP,Kevin Brady,192,15,402,609
San Jacinto,1,U.S. House,8,REP,Cast Votes:,230,16,449,695
San Jacinto,1,U.S. House,8,REP,Under Votes,12,4,21,37
San Jacinto,1,U.S. House,8,REP,Over Votes,0,0,0,0
San Jacinto,1,Railroad Commissioner,,REP,"James ""Jim"" Wright",144,11,257,412
San Jacinto,1,Railroad Commissioner,,REP,Ryan Sitton,67,5,157,229
San Jacinto,1,Railroad Commissioner,,REP,Cast Votes:,211,16,414,641
San Jacinto,1,Railroad Commissioner,,REP,Under Votes,31,4,56,91
San Jacinto,1,Railroad Commissioner,,REP,Over Votes,0,0,0,0
San Jacinto,1,"Chief Justice, Supreme Court",,REP,Nathan Hecht,196,15,380,591
San Jacinto,1,"Chief Justice, Supreme Court",,REP,Cast Votes:,196,15,380,591
San Jacinto,1,"Chief Justice, Supreme Court",,REP,Under Votes,46,5,90,141
San Jacinto,1,"Chief Justice, Supreme Court",,REP,Over Votes,0,0,0,0
San Jacinto,1,"Justice, Supreme Court, Place 6 Unexpired Term",,REP,Jane Bland,195,15,376,586
San Jacinto,1,"Justice, Supreme Court, Place 6 Unexpired Term",,REP,Cast Votes:,195,15,376,586
San Jacinto,1,"Justice, Supreme Court, Place 6 Unexpired Term",,REP,Under Votes,47,5,94,146
San Jacinto,1,"Justice, Supreme Court, Place 6 Unexpired Term",,REP,Over Votes,0,0,0,0
San Jacinto,1,"Justice, Supreme Court, Place 7",,REP,Jeff Boyd,193,15,376,584
San Jacinto,1,"Justice, Supreme Court, Place 7",,REP,Cast Votes:,193,15,376,584
San Jacinto,1,"Justice, Supreme Court, Place 7",,REP,Under Votes,49,5,94,148
San Jacinto,1,"Justice, Supreme Court, Place 7",,REP,Over Votes,0,0,0,0
San Jacinto,1,"Justice, Supreme Court, Place 8",,REP,Brett Busby,195,14,378,587
San Jacinto,1,"Justice, Supreme Court, Place 8",,REP,Cast Votes:,195,14,378,587
San Jacinto,1,"Justice, Supreme Court, Place 8",,REP,Under Votes,47,6,92,145
San Jacinto,1,"Justice, Supreme Court, Place 8",,REP,Over Votes,0,0,0,0
San Jacinto,1,"Judge, Court of Criminal Appeals, Place 3",,REP,Gina Parker,105,3,190,298
San Jacinto,1,"Judge, Court of Criminal Appeals, Place 3",,REP,Bert Richardson,94,10,201,305
San Jacinto,1,"Judge, Court of Criminal Appeals, Place 3",,REP,Cast Votes:,199,13,391,603
San Jacinto,1,"Judge, Court of Criminal Appeals, Place 3",,REP,Under Votes,43,7,79,129
San Jacinto,1,"Judge, Court of Criminal Appeals, Place 3",,REP,Over Votes,0,0,0,0
San Jacinto,1,"Judge, Court of Criminal Appeals, Place 4",,REP,Kevin Patrick Yeary,198,15,374,587
San Jacinto,1,"Judge, Court of Criminal Appeals, Place 4",,REP,Cast Votes:,198,15,374,587
San Jacinto,1,"Judge, Court of Criminal Appeals, Place 4",,REP,Under Votes,44,5,96,145
San Jacinto,1,"Judge, Court of Criminal Appeals, Place 4",,REP,Over Votes,0,0,0,0
San Jacinto,1,"Judge, Court of Criminal Appeals, Place 9",,REP,David Newell,197,14,378,589
San Jacinto,1,"Judge, Court of Criminal Appeals, Place 9",,REP,Cast Votes:,197,14,378,589
San Jacinto,1,"Judge, Court of Criminal Appeals, Place 9",,REP,Under Votes,45,6,92,143
San Jacinto,1,"Judge, Court of Criminal Appeals, Place 9",,REP,Over Votes,0,0,0,0
San Jacinto,1,"Member, State Board of Education, District 8",,REP,Audrey Young,192,14,369,575
San Jacinto,1,"Member, State Board of Education, District 8",,REP,Cast Votes:,192,14,369,575
San Jacinto,1,"Member, State Board of Education, District 8",,REP,Under Votes,50,6,101,157
San Jacinto,1,"Member, State Board of Education, District 8",,REP,Over Votes,0,0,0,0
San Jacinto,1,State Representative,18,REP,Ernest Bailes,211,14,434,659
San Jacinto,1,State Representative,18,REP,Cast Votes:,211,14,434,659
San Jacinto,1,State Representative,18,REP,Under Votes,31,6,36,73
San Jacinto,1,State Representative,18,REP,Over Votes,0,0,0,0
San Jacinto,1,"Chief Justice, 9th Court of Appeals District",,REP,"Chuck ""Charles B"" Meyer",63,5,108,176
San Jacinto,1,"Chief Justice, 9th Court of Appeals District",,REP,Jay Wright,50,3,108,161
San Jacinto,1,"Chief Justice, 9th Court of Appeals District",,REP,Jarrod Lee Walker,26,3,45,74
San Jacinto,1,"Chief Justice, 9th Court of Appeals District",,REP,Colleen Cordts Rice,26,1,49,76
San Jacinto,1,"Chief Justice, 9th Court of Appeals District",,REP,Scott Golemon,31,0,65,96
San Jacinto,1,"Chief Justice, 9th Court of Appeals District",,REP,Cast Votes:,196,12,375,583
San Jacinto,1,"Chief Justice, 9th Court of Appeals District",,REP,Under Votes,46,8,95,149
San Jacinto,1,"Chief Justice, 9th Court of Appeals District",,REP,Over Votes,0,0,0,0
San Jacinto,1,"District Judge, 411th Judicial District",,REP,Kaycee L. Jones,92,3,180,275
San Jacinto,1,"District Judge, 411th Judicial District",,REP,John Wells,125,7,241,373
San Jacinto,1,"District Judge, 411th Judicial District",,REP,Cast Votes:,217,10,421,648
San Jacinto,1,"District Judge, 411th Judicial District",,REP,Under Votes,25,10,49,84
San Jacinto,1,"District Judge, 411th Judicial District",,REP,Over Votes,0,0,0,0
San Jacinto,1,Sheriff,,REP,Greg Capers,120,10,265,395
San Jacinto,1,Sheriff,,REP,Mike Flynt,115,6,194,315
San Jacinto,1,Sheriff,,REP,Cast Votes:,235,16,459,710
San Jacinto,1,Sheriff,,REP,Under Votes,7,4,11,22
San Jacinto,1,Sheriff,,REP,Over Votes,0,0,0,0
San Jacinto,1,County Tax Assessor-Collector,,REP,Betty Davis,211,15,412,638
San Jacinto,1,County Tax Assessor-Collector,,REP,Cast Votes:,211,15,412,638
San Jacinto,1,County Tax Assessor-Collector,,REP,Under Votes,31,5,58,94
San Jacinto,1,County Tax Assessor-Collector,,REP,Over Votes,0,0,0,0
San Jacinto,1,"County Commissioner, Precinct 1",,REP,Laddie McAnally,191,15,392,598
San Jacinto,1,"County Commissioner, Precinct 1",,REP,Cast Votes:,191,15,392,598
San Jacinto,1,"County Commissioner, Precinct 1",,REP,Under Votes,51,5,78,134
San Jacinto,1,"County Commissioner, Precinct 1",,REP,Over Votes,0,0,0,0
San Jacinto,1,"Constable, Precinct 1",,REP,Roy Rogers,212,14,400,626
San Jacinto,1,"Constable, Precinct 1",,REP,Cast Votes:,212,14,400,626
San Jacinto,1,"Constable, Precinct 1",,REP,Under Votes,30,6,70,106
San Jacinto,1,"Constable, Precinct 1",,REP,Over Votes,0,0,0,0
San Jacinto,1,San Jacinto County Chairman,,REP,Dwayne Wright,194,11,375,580
San Jacinto,1,San Jacinto County Chairman,,REP,Cast Votes:,194,11,375,580
San Jacinto,1,San Jacinto County Chairman,,REP,Under Votes,48,9,95,152
San Jacinto,1,San Jacinto County Chairman,,REP,Over Votes,0,0,0,0
San Jacinto,1,Proposition #1,,DEM,Yes,65,14,46,125
San Jacinto,1,Proposition #1,,DEM,No,2,2,3,7
San Jacinto,1,Proposition #1,,DEM,Cast Votes:,67,16,49,132
San Jacinto,1,Proposition #1,,DEM,Under Votes,6,0,1,7
San Jacinto,1,Proposition #1,,DEM,Over Votes,0,0,0,0
San Jacinto,1,Proposition #2,,DEM,Yes,63,14,48,125
San Jacinto,1,Proposition #2,,DEM,No,4,2,0,6
San Jacinto,1,Proposition #2,,DEM,Cast Votes:,67,16,48,131
San Jacinto,1,Proposition #2,,DEM,Under Votes,6,0,2,8
San Jacinto,1,Proposition #2,,DEM,Over Votes,0,0,0,0
San Jacinto,1,Proposition #3,,DEM,Yes,66,16,46,128
San Jacinto,1,Proposition #3,,DEM,No,1,0,1,2
San Jacinto,1,Proposition #3,,DEM,Cast Votes:,67,16,47,130
San Jacinto,1,Proposition #3,,DEM,Under Votes,6,0,3,9
San Jacinto,1,Proposition #3,,DEM,Over Votes,0,0,0,0
San Jacinto,1,Proposition #4,,DEM,Yes,60,14,47,121
San Jacinto,1,Proposition #4,,DEM,No,2,1,1,4
San Jacinto,1,Proposition #4,,DEM,Cast Votes:,62,15,48,125
San Jacinto,1,Proposition #4,,DEM,Under Votes,11,1,2,14
San Jacinto,1,Proposition #4,,DEM,Over Votes,0,0,0,0
San Jacinto,1,Proposition #5,,DEM,Yes,64,16,46,126
San Jacinto,1,Proposition #5,,DEM,No,2,0,0,2
San Jacinto,1,Proposition #5,,DEM,Cast Votes:,66,16,46,128
San Jacinto,1,Proposition #5,,DEM,Under Votes,7,0,4,11
San Jacinto,1,Proposition #5,,DEM,Over Votes,0,0,0,0
San Jacinto,1,Proposition #6,,DEM,Yes,67,15,47,129
San Jacinto,1,Proposition #6,,DEM,No,0,0,1,1
San Jacinto,1,Proposition #6,,DEM,Cast Votes:,67,15,48,130
San Jacinto,1,Proposition #6,,DEM,Under Votes,6,1,2,9
San Jacinto,1,Proposition #6,,DEM,Over Votes,0,0,0,0
San Jacinto,1,Proposition #7,,DEM,Yes,64,15,47,126
San Jacinto,1,Proposition #7,,DEM,No,3,0,0,3
San Jacinto,1,Proposition #7,,DEM,Cast Votes:,67,15,47,129
San Jacinto,1,Proposition #7,,DEM,Under Votes,6,1,3,10
San Jacinto,1,Proposition #7,,DEM,Over Votes,0,0,0,0
San Jacinto,1,Proposition #8,,DEM,Yes,63,16,46,125
San Jacinto,1,Proposition #8,,DEM,No,5,0,2,7
San Jacinto,1,Proposition #8,,DEM,Cast Votes:,68,16,48,132
San Jacinto,1,Proposition #8,,DEM,Under Votes,5,0,2,7
San Jacinto,1,Proposition #8,,DEM,Over Votes,0,0,0,0
San Jacinto,1,Proposition #9,,DEM,Yes,65,15,48,128
San Jacinto,1,Proposition #9,,DEM,No,3,0,0,3
San Jacinto,1,Proposition #9,,DEM,Cast Votes:,68,15,48,131
San Jacinto,1,Proposition #9,,DEM,Under Votes,5,1,2,8
San Jacinto,1,Proposition #9,,DEM,Over Votes,0,0,0,0
San Jacinto,1,Proposition #10,,DEM,Yes,65,15,47,127
San Jacinto,1,Proposition #10,,DEM,No,2,0,0,2
San Jacinto,1,Proposition #10,,DEM,Cast Votes:,67,15,47,129
San Jacinto,1,Proposition #10,,DEM,Under Votes,6,1,3,10
San Jacinto,1,Proposition #10,,DEM,Over Votes,0,0,0,0
San Jacinto,1,Proposition #11,,DEM,Yes,58,14,43,115
San Jacinto,1,Proposition #11,,DEM,No,5,1,3,9
San Jacinto,1,Proposition #11,,DEM,Cast Votes:,63,15,46,124
San Jacinto,1,Proposition #11,,DEM,Under Votes,10,1,4,15
San Jacinto,1,Proposition #11,,DEM,Over Votes,0,0,0,0
San Jacinto,1,Proposition 1,,REP,Yes,205,14,407,626
San Jacinto,1,Proposition 1,,REP,No,32,4,48,84
San Jacinto,1,Proposition 1,,REP,Cast Votes:,237,18,455,710
San Jacinto,1,Proposition 1,,REP,Under Votes,5,2,15,22
San Jacinto,1,Proposition 1,,REP,Over Votes,0,0,0,0
San Jacinto,1,Proposition 2,,REP,Yes,207,15,403,625
San Jacinto,1,Proposition 2,,REP,No,27,2,47,76
San Jacinto,1,Proposition 2,,REP,Cast Votes:,234,17,450,701
San Jacinto,1,Proposition 2,,REP,Under Votes,8,3,20,31
San Jacinto,1,Proposition 2,,REP,Over Votes,0,0,0,0
San Jacinto,1,Proposition 3,,REP,Yes,222,18,428,668
San Jacinto,1,Proposition 3,,REP,No,15,0,19,34
San Jacinto,1,Proposition 3,,REP,Cast Votes:,237,18,447,702
San Jacinto,1,Proposition 3,,REP,Under Votes,5,2,23,30
San Jacinto,1,Proposition 3,,REP,Over Votes,0,0,0,0
San Jacinto,1,Proposition 4,,REP,Yes,226,15,439,680
San Jacinto,1,Proposition 4,,REP,No,11,3,11,25
San Jacinto,1,Proposition 4,,REP,Cast Votes:,237,18,450,705
San Jacinto,1,Proposition 4,,REP,Under Votes,5,2,20,27
San Jacinto,1,Proposition 4,,REP,Over Votes,0,0,0,0
San Jacinto,1,Proposition 5,,REP,Yes,215,16,414,645
San Jacinto,1,Proposition 5,,REP,No,18,1,31,50
San Jacinto,1,Proposition 5,,REP,Cast Votes:,233,17,445,695
San Jacinto,1,Proposition 5,,REP,Under Votes,9,3,25,37
San Jacinto,1,Proposition 5,,REP,Over Votes,0,0,0,0
San Jacinto,1,Proposition 6,,REP,Yes,221,18,425,664
San Jacinto,1,Proposition 6,,REP,No,11,0,17,28
San Jacinto,1,Proposition 6,,REP,Cast Votes:,232,18,442,692
San Jacinto,1,Proposition 6,,REP,Under Votes,10,2,28,40
San Jacinto,1,Proposition 6,,REP,Over Votes,0,0,0,0
San Jacinto,1,Proposition 7,,REP,Yes,234,17,444,695
San Jacinto,1,Proposition 7,,REP,No,3,0,8,11
San Jacinto,1,Proposition 7,,REP,Cast Votes:,237,17,452,706
San Jacinto,1,Proposition 7,,REP,Under Votes,5,3,18,26
San Jacinto,1,Proposition 7,,REP,Over Votes,0,0,0,0
San Jacinto,1,Proposition 8,,REP,Yes,235,18,442,695
San Jacinto,1,Proposition 8,,REP,No,5,0,4,9
San Jacinto,1,Proposition 8,,REP,Cast Votes:,240,18,446,704
San Jacinto,1,Proposition 8,,REP,Under Votes,2,2,24,28
San Jacinto,1,Proposition 8,,REP,Over Votes,0,0,0,0
San Jacinto,1,Proposition 9,,REP,Yes,224,18,431,673
San Jacinto,1,Proposition 9,,REP,No,11,0,17,28
San Jacinto,1,Proposition 9,,REP,Cast Votes:,235,18,448,701
San Jacinto,1,Proposition 9,,REP,Under Votes,7,2,22,31
San Jacinto,1,Proposition 9,,REP,Over Votes,0,0,0,0
San Jacinto,1,Proposition 10,,REP,Yes,215,17,405,637
San Jacinto,1,Proposition 10,,REP,No,16,0,39,55
San Jacinto,1,Proposition 10,,REP,Cast Votes:,231,17,444,692
San Jacinto,1,Proposition 10,,REP,Under Votes,11,3,26,40
San Jacinto,1,Proposition 10,,REP,Over Votes,0,0,0,0
San Jacinto,2,President,,DEM,Andrew Yang,2,0,0,2
San Jacinto,2,President,,DEM,John K. Delaney,0,0,0,0
San Jacinto,2,President,,DEM,Robby Wells,0,0,0,0
San Jacinto,2,President,,DEM,Joseph R. Biden,42,8,14,64
San Jacinto,2,President,,DEM,"Roque ""Rocky"" De La Fuente",0,1,0,1
San Jacinto,2,President,,DEM,Marianne Williamson,1,0,0,1
San Jacinto,2,President,,DEM,Deval Patrick,1,0,0,1
San Jacinto,2,President,,DEM,Elizabeth Warren,9,1,1,11
San Jacinto,2,President,,DEM,Tulsi Gabbard,0,0,0,0
San Jacinto,2,President,,DEM,Julián Castro,0,0,0,0
San Jacinto,2,President,,DEM,Pete Buttigieg,0,0,2,2
San Jacinto,2,President,,DEM,Bernie Sanders,28,0,5,33
San Jacinto,2,President,,DEM,Tom Steyer,0,0,2,2
San Jacinto,2,President,,DEM,Michael Bennet,0,0,0,0
San Jacinto,2,President,,DEM,Michael R. Bloomberg,12,2,10,24
San Jacinto,2,President,,DEM,Cory Booker,0,0,0,0
San Jacinto,2,President,,DEM,Amy Klobuchar,0,2,2,4
San Jacinto,2,Ballots Cast,,DEM,,95,14,36,145
San Jacinto,2,President,,DEM,Under Votes,1,1,0,2
San Jacinto,2,President,,DEM,Over Votes,0,0,0,0
San Jacinto,2,U.S. Senate,,DEM,Michael Cooper,8,2,4,14
San Jacinto,2,U.S. Senate,,DEM,Cristina Tzintzun Ramirez,12,1,5,18
San Jacinto,2,U.S. Senate,,DEM,Adrian Ocegueda,1,0,0,1
San Jacinto,2,U.S. Senate,,DEM,Jack Daniel Foster Jr,1,0,0,1
San Jacinto,2,U.S. Senate,,DEM,Chris Bell,25,5,7,37
San Jacinto,2,U.S. Senate,,DEM,"Mary ""MJ"" Hegar",11,2,4,17
San Jacinto,2,U.S. Senate,,DEM,"Annie ""Mamá"" Garcia",8,2,2,12
San Jacinto,2,U.S. Senate,,DEM,Sema Hernandez,8,0,2,10
San Jacinto,2,U.S. Senate,,DEM,Victor Hugo Harris,1,0,0,1
San Jacinto,2,U.S. Senate,,DEM,Royce West,2,2,2,6
San Jacinto,2,U.S. Senate,,DEM,Amanda K. Edwards,4,0,6,10
San Jacinto,2,U.S. Senate,,DEM,D.R. Hunter,0,0,0,0
San Jacinto,2,U.S. Senate,,DEM,Cast Votes:,81,14,32,127
San Jacinto,2,U.S. Senate,,DEM,Under Votes,15,1,4,20
San Jacinto,2,U.S. Senate,,DEM,Over Votes,0,0,0,0
San Jacinto,2,U.S. House,8,DEM,Laura Jones,40,7,15,62
San Jacinto,2,U.S. House,8,DEM,Elizabeth Hernandez,45,7,14,66
San Jacinto,2,U.S. House,8,DEM,Cast Votes:,85,14,29,128
San Jacinto,2,U.S. House,8,DEM,Under Votes,11,1,7,19
San Jacinto,2,U.S. House,8,DEM,Over Votes,0,0,0,0
San Jacinto,2,Railroad Commissioner,,DEM,"Roberto R. ""Beto"" Alonzo",27,3,6,36
San Jacinto,2,Railroad Commissioner,,DEM,Chrysta Castañeda,24,1,5,30
San Jacinto,2,Railroad Commissioner,,DEM,Kelly Stone,18,3,10,31
San Jacinto,2,Railroad Commissioner,,DEM,Mark Watson,15,7,11,33
San Jacinto,2,Railroad Commissioner,,DEM,Cast Votes:,84,14,32,130
San Jacinto,2,Railroad Commissioner,,DEM,Under Votes,12,1,4,17
San Jacinto,2,Railroad Commissioner,,DEM,Over Votes,0,0,0,0
San Jacinto,2,"Chief Justice, Supreme Court",,DEM,Jerry Zimmerer,15,6,9,30
San Jacinto,2,"Chief Justice, Supreme Court",,DEM,Amy Clark Meachum,68,8,23,99
San Jacinto,2,"Chief Justice, Supreme Court",,DEM,Cast Votes:,83,14,32,129
San Jacinto,2,"Chief Justice, Supreme Court",,DEM,Under Votes,13,1,4,18
San Jacinto,2,"Chief Justice, Supreme Court",,DEM,Over Votes,0,0,0,0
San Jacinto,2,"Justice, Supreme Court, Place 6 Unexpired Term",,DEM,Kathy Cheng,61,7,21,89
San Jacinto,2,"Justice, Supreme Court, Place 6 Unexpired Term",,DEM,Larry Praeger,22,6,9,37
San Jacinto,2,"Justice, Supreme Court, Place 6 Unexpired Term",,DEM,Cast Votes:,83,13,30,126
San Jacinto,2,"Justice, Supreme Court, Place 6 Unexpired Term",,DEM,Under Votes,13,2,6,21
San Jacinto,2,"Justice, Supreme Court, Place 6 Unexpired Term",,DEM,Over Votes,0,0,0,0
San Jacinto,2,"Justice, Supreme Court, Place 7",,DEM,Brandy Voss,30,3,7,40
San Jacinto,2,"Justice, Supreme Court, Place 7",,DEM,Staci Williams,52,9,23,84
San Jacinto,2,"Justice, Supreme Court, Place 7",,DEM,Cast Votes:,82,12,30,124
San Jacinto,2,"Justice, Supreme Court, Place 7",,DEM,Under Votes,14,3,6,23
San Jacinto,2,"Justice, Supreme Court, Place 7",,DEM,Over Votes,0,0,0,0
San Jacinto,2,"Justice, Supreme Court, Place 8",,DEM,Gisela D. Triana,51,6,20,77
San Jacinto,2,"Justice, Supreme Court, Place 8",,DEM,Peter Kelly,32,8,11,51
San Jacinto,2,"Justice, Supreme Court, Place 8",,DEM,Cast Votes:,83,14,31,128
San Jacinto,2,"Justice, Supreme Court, Place 8",,DEM,Under Votes,13,1,5,19
San Jacinto,2,"Justice, Supreme Court, Place 8",,DEM,Over Votes,0,0,0,0
San Jacinto,2,"Judge, Court of Criminal Appeals, Place 3",,DEM,Dan Wood,22,5,5,32
San Jacinto,2,"Judge, Court of Criminal Appeals, Place 3",,DEM,William Pieratt Demond,7,1,3,11
San Jacinto,2,"Judge, Court of Criminal Appeals, Place 3",,DEM,Elizabeth Davis Frizell,53,8,22,83
San Jacinto,2,"Judge, Court of Criminal Appeals, Place 3",,DEM,Cast Votes:,82,14,30,126
San Jacinto,2,"Judge, Court of Criminal Appeals, Place 3",,DEM,Under Votes,14,1,6,21
San Jacinto,2,"Judge, Court of Criminal Appeals, Place 3",,DEM,Over Votes,0,0,0,0
San Jacinto,2,"Judge, Court of Criminal Appeals, Place 4",,DEM,Steven Miears,21,9,8,38
San Jacinto,2,"Judge, Court of Criminal Appeals, Place 4",,DEM,Tina Clinton,62,3,22,87
San Jacinto,2,"Judge, Court of Criminal Appeals, Place 4",,DEM,Cast Votes:,83,12,30,125
San Jacinto,2,"Judge, Court of Criminal Appeals, Place 4",,DEM,Under Votes,13,3,6,22
San Jacinto,2,"Judge, Court of Criminal Appeals, Place 4",,DEM,Over Votes,0,0,0,0
San Jacinto,2,"Judge, Court of Criminal Appeals, Place 9",,DEM,Brandon Birmingham,72,11,29,112
San Jacinto,2,"Judge, Court of Criminal Appeals, Place 9",,DEM,Cast Votes:,72,11,29,112
San Jacinto,2,"Judge, Court of Criminal Appeals, Place 9",,DEM,Under Votes,24,4,7,35
San Jacinto,2,"Judge, Court of Criminal Appeals, Place 9",,DEM,Over Votes,0,0,0,0
San Jacinto,2,San Jacinto County Chairman,,DEM,Jacqueline Mier,76,13,31,120
San Jacinto,2,San Jacinto County Chairman,,DEM,Cast Votes:,76,13,31,120
San Jacinto,2,San Jacinto County Chairman,,DEM,Under Votes,20,2,5,27
San Jacinto,2,San Jacinto County Chairman,,DEM,Over Votes,0,0,0,0
San Jacinto,2,President,,REP,"Roque ""Rocky"" De La Fuente Guerra",2,0,0,2
San Jacinto,2,President,,REP,Donald J. Trump,389,19,265,673
San Jacinto,2,President,,REP,Bill Weld,0,0,0,0
San Jacinto,2,President,,REP,Zoltan G. Istvan,0,0,0,0
San Jacinto,2,President,,REP,Matthew John Matern,0,0,0,0
San Jacinto,2,President,,REP,Bob Ely,0,0,0,0
San Jacinto,2,President,,REP,Joe Walsh,2,1,0,3
San Jacinto,2,President,,REP,Uncommitted,6,2,6,14
San Jacinto,2,Ballots Cast,,REP,,399,22,271,692
San Jacinto,2,President,,REP,Under Votes,2,0,1,3
San Jacinto,2,President,,REP,Over Votes,0,0,0,0
San Jacinto,2,U.S. Senate,,REP,John Cornyn,258,16,193,467
San Jacinto,2,U.S. Senate,,REP,John Anthony Castro,15,2,9,26
San Jacinto,2,U.S. Senate,,REP,Dwayne Stovall,75,1,33,109
San Jacinto,2,U.S. Senate,,REP,Mark Yancey,17,0,12,29
San Jacinto,2,U.S. Senate,,REP,Virgil Bierschwale,5,0,1,6
San Jacinto,2,U.S. Senate,,REP,Cast Votes:,370,19,248,637
San Jacinto,2,U.S. Senate,,REP,Under Votes,31,3,24,58
San Jacinto,2,U.S. Senate,,REP,Over Votes,0,0,0,0
San Jacinto,2,U.S. House,8,REP,Kirk Osborn,34,1,18,53
San Jacinto,2,U.S. House,8,REP,Melissa Esparza-Mathis,19,0,4,23
San Jacinto,2,U.S. House,8,REP,Kevin Brady,331,17,231,579
San Jacinto,2,U.S. House,8,REP,Cast Votes:,384,18,253,655
San Jacinto,2,U.S. House,8,REP,Under Votes,17,4,19,40
San Jacinto,2,U.S. House,8,REP,Over Votes,0,0,0,0
San Jacinto,2,Railroad Commissioner,,REP,"James ""Jim"" Wright",246,10,155,411
San Jacinto,2,Railroad Commissioner,,REP,Ryan Sitton,109,6,86,201
San Jacinto,2,Railroad Commissioner,,REP,Cast Votes:,355,16,241,612
San Jacinto,2,Railroad Commissioner,,REP,Under Votes,46,6,31,83
San Jacinto,2,Railroad Commissioner,,REP,Over Votes,0,0,0,0
San Jacinto,2,"Chief Justice, Supreme Court",,REP,Nathan Hecht,346,17,223,586
San Jacinto,2,"Chief Justice, Supreme Court",,REP,Cast Votes:,346,17,223,586
San Jacinto,2,"Chief Justice, Supreme Court",,REP,Under Votes,55,5,49,109
San Jacinto,2,"Chief Justice, Supreme Court",,REP,Over Votes,0,0,0,0
San Jacinto,2,"Justice, Supreme Court, Place 6 Unexpired Term",,REP,Jane Bland,344,16,221,581
San Jacinto,2,"Justice, Supreme Court, Place 6 Unexpired Term",,REP,Cast Votes:,344,16,221,581
San Jacinto,2,"Justice, Supreme Court, Place 6 Unexpired Term",,REP,Under Votes,57,6,51,114
San Jacinto,2,"Justice, Supreme Court, Place 6 Unexpired Term",,REP,Over Votes,0,0,0,0
San Jacinto,2,"Justice, Supreme Court, Place 7",,REP,Jeff Boyd,348,16,221,585
San Jacinto,2,"Justice, Supreme Court, Place 7",,REP,Cast Votes:,348,16,221,585
San Jacinto,2,"Justice, Supreme Court, Place 7",,REP,Under Votes,53,6,51,110
San Jacinto,2,"Justice, Supreme Court, Place 7",,REP,Over Votes,0,0,0,0
San Jacinto,2,"Justice, Supreme Court, Place 8",,REP,Brett Busby,345,16,222,583
San Jacinto,2,"Justice, Supreme Court, Place 8",,REP,Cast Votes:,345,16,222,583
San Jacinto,2,"Justice, Supreme Court, Place 8",,REP,Under Votes,56,6,50,112
San Jacinto,2,"Justice, Supreme Court, Place 8",,REP,Over Votes,0,0,0,0
San Jacinto,2,"Judge, Court of Criminal Appeals, Place 3",,REP,Gina Parker,154,12,125,291
San Jacinto,2,"Judge, Court of Criminal Appeals, Place 3",,REP,Bert Richardson,200,4,111,315
San Jacinto,2,"Judge, Court of Criminal Appeals, Place 3",,REP,Cast Votes:,354,16,236,606
San Jacinto,2,"Judge, Court of Criminal Appeals, Place 3",,REP,Under Votes,47,6,36,89
San Jacinto,2,"Judge, Court of Criminal Appeals, Place 3",,REP,Over Votes,0,0,0,0
San Jacinto,2,"Judge, Court of Criminal Appeals, Place 4",,REP,Kevin Patrick Yeary,343,16,219,578
San Jacinto,2,"Judge, Court of Criminal Appeals, Place 4",,REP,Cast Votes:,343,16,219,578
San Jacinto,2,"Judge, Court of Criminal Appeals, Place 4",,REP,Under Votes,58,6,53,117
San Jacinto,2,"Judge, Court of Criminal Appeals, Place 4",,REP,Over Votes,0,0,0,0
San Jacinto,2,"Judge, Court of Criminal Appeals, Place 9",,REP,David Newell,340,16,219,575
San Jacinto,2,"Judge, Court of Criminal Appeals, Place 9",,REP,Cast Votes:,340,16,219,575
San Jacinto,2,"Judge, Court of Criminal Appeals, Place 9",,REP,Under Votes,61,6,53,120
San Jacinto,2,"Judge, Court of Criminal Appeals, Place 9",,REP,Over Votes,0,0,0,0
San Jacinto,2,"Member, State Board of Education, District 8",,REP,Audrey Young,339,15,218,572
San Jacinto,2,"Member, State Board of Education, District 8",,REP,Cast Votes:,339,15,218,572
San Jacinto,2,"Member, State Board of Education, District 8",,REP,Under Votes,62,7,54,123
San Jacinto,2,"Member, State Board of Education, District 8",,REP,Over Votes,0,0,0,0
San Jacinto,2,State Representative,18,REP,Ernest Bailes,373,17,251,641
San Jacinto,2,State Representative,18,REP,Cast Votes:,373,17,251,641
San Jacinto,2,State Representative,18,REP,Under Votes,28,5,21,54
San Jacinto,2,State Representative,18,REP,Over Votes,0,0,0,0
San Jacinto,2,"Chief Justice, 9th Court of Appeals District",,REP,"Chuck ""Charles B"" Meyer",120,9,70,199
San Jacinto,2,"Chief Justice, 9th Court of Appeals District",,REP,Jay Wright,83,5,62,150
San Jacinto,2,"Chief Justice, 9th Court of Appeals District",,REP,Jarrod Lee Walker,39,1,17,57
San Jacinto,2,"Chief Justice, 9th Court of Appeals District",,REP,Colleen Cordts Rice,33,1,28,62
San Jacinto,2,"Chief Justice, 9th Court of Appeals District",,REP,Scott Golemon,66,0,49,115
San Jacinto,2,"Chief Justice, 9th Court of Appeals District",,REP,Cast Votes:,341,16,226,583
San Jacinto,2,"Chief Justice, 9th Court of Appeals District",,REP,Under Votes,60,6,46,112
San Jacinto,2,"Chief Justice, 9th Court of Appeals District",,REP,Over Votes,0,0,0,0
San Jacinto,2,"District Judge, 411th Judicial District",,REP,Kaycee L. Jones,126,6,109,241
San Jacinto,2,"District Judge, 411th Judicial District",,REP,John Wells,243,11,136,390
San Jacinto,2,"District Judge, 411th Judicial District",,REP,Cast Votes:,369,17,245,631
San Jacinto,2,"District Judge, 411th Judicial District",,REP,Under Votes,32,5,27,64
San Jacinto,2,"District Judge, 411th Judicial District",,REP,Over Votes,0,0,0,0
San Jacinto,2,Sheriff,,REP,Greg Capers,124,7,118,249
San Jacinto,2,Sheriff,,REP,Mike Flynt,269,10,148,427
San Jacinto,2,Sheriff,,REP,Cast Votes:,393,17,266,676
San Jacinto,2,Sheriff,,REP,Under Votes,8,5,6,19
San Jacinto,2,Sheriff,,REP,Over Votes,0,0,0,0
San Jacinto,2,County Tax Assessor-Collector,,REP,Betty Davis,359,15,232,606
San Jacinto,2,County Tax Assessor-Collector,,REP,Cast Votes:,359,15,232,606
San Jacinto,2,County Tax Assessor-Collector,,REP,Under Votes,42,7,40,89
San Jacinto,2,County Tax Assessor-Collector,,REP,Over Votes,0,0,0,0
San Jacinto,2,"Constable, Precinct 2",,REP,Ray Atchley,369,15,241,625
San Jacinto,2,"Constable, Precinct 2",,REP,Cast Votes:,369,15,241,625
San Jacinto,2,"Constable, Precinct 2",,REP,Under Votes,32,7,31,70
San Jacinto,2,"Constable, Precinct 2",,REP,Over Votes,0,0,0,0
San Jacinto,2,San Jacinto County Chairman,,REP,Dwayne Wright,353,14,236,603
San Jacinto,2,San Jacinto County Chairman,,REP,Cast Votes:,353,14,236,603
San Jacinto,2,San Jacinto County Chairman,,REP,Under Votes,48,8,36,92
San Jacinto,2,San Jacinto County Chairman,,REP,Over Votes,0,0,0,0
San Jacinto,2,Proposition #1,,DEM,Yes,89,14,32,135
San Jacinto,2,Proposition #1,,DEM,No,3,0,1,4
San Jacinto,2,Proposition #1,,DEM,Cast Votes:,92,14,33,139
San Jacinto,2,Proposition #1,,DEM,Under Votes,4,1,3,8
San Jacinto,2,Proposition #1,,DEM,Over Votes,0,0,0,0
San Jacinto,2,Proposition #2,,DEM,Yes,89,14,33,136
San Jacinto,2,Proposition #2,,DEM,No,2,0,1,3
San Jacinto,2,Proposition #2,,DEM,Cast Votes:,91,14,34,139
San Jacinto,2,Proposition #2,,DEM,Under Votes,5,1,2,8
San Jacinto,2,Proposition #2,,DEM,Over Votes,0,0,0,0
San Jacinto,2,Proposition #3,,DEM,Yes,93,13,32,138
San Jacinto,2,Proposition #3,,DEM,No,0,0,2,2
San Jacinto,2,Proposition #3,,DEM,Cast Votes:,93,13,34,140
San Jacinto,2,Proposition #3,,DEM,Under Votes,3,2,2,7
San Jacinto,2,Proposition #3,,DEM,Over Votes,0,0,0,0
San Jacinto,2,Proposition #4,,DEM,Yes,93,15,31,139
San Jacinto,2,Proposition #4,,DEM,No,1,0,4,5
San Jacinto,2,Proposition #4,,DEM,Cast Votes:,94,15,35,144
San Jacinto,2,Proposition #4,,DEM,Under Votes,2,0,1,3
San Jacinto,2,Proposition #4,,DEM,Over Votes,0,0,0,0
San Jacinto,2,Proposition #5,,DEM,Yes,91,15,32,138
San Jacinto,2,Proposition #5,,DEM,No,4,0,3,7
San Jacinto,2,Proposition #5,,DEM,Cast Votes:,95,15,35,145
San Jacinto,2,Proposition #5,,DEM,Under Votes,1,0,1,2
San Jacinto,2,Proposition #5,,DEM,Over Votes,0,0,0,0
San Jacinto,2,Proposition #6,,DEM,Yes,92,15,31,138
San Jacinto,2,Proposition #6,,DEM,No,3,0,2,5
San Jacinto,2,Proposition #6,,DEM,Cast Votes:,95,15,33,143
San Jacinto,2,Proposition #6,,DEM,Under Votes,1,0,3,4
San Jacinto,2,Proposition #6,,DEM,Over Votes,0,0,0,0
San Jacinto,2,Proposition #7,,DEM,Yes,93,15,32,140
San Jacinto,2,Proposition #7,,DEM,No,1,0,3,4
San Jacinto,2,Proposition #7,,DEM,Cast Votes:,94,15,35,144
San Jacinto,2,Proposition #7,,DEM,Under Votes,2,0,1,3
San Jacinto,2,Proposition #7,,DEM,Over Votes,0,0,0,0
San Jacinto,2,Proposition #8,,DEM,Yes,87,15,31,133
San Jacinto,2,Proposition #8,,DEM,No,4,0,3,7
San Jacinto,2,Proposition #8,,DEM,Cast Votes:,91,15,34,140
San Jacinto,2,Proposition #8,,DEM,Under Votes,5,0,2,7
San Jacinto,2,Proposition #8,,DEM,Over Votes,0,0,0,0
San Jacinto,2,Proposition #9,,DEM,Yes,87,15,32,134
San Jacinto,2,Proposition #9,,DEM,No,5,0,3,8
San Jacinto,2,Proposition #9,,DEM,Cast Votes:,92,15,35,142
San Jacinto,2,Proposition #9,,DEM,Under Votes,4,0,1,5
San Jacinto,2,Proposition #9,,DEM,Over Votes,0,0,0,0
San Jacinto,2,Proposition #10,,DEM,Yes,87,13,29,129
San Jacinto,2,Proposition #10,,DEM,No,7,1,4,12
San Jacinto,2,Proposition #10,,DEM,Cast Votes:,94,14,33,141
San Jacinto,2,Proposition #10,,DEM,Under Votes,2,1,3,6
San Jacinto,2,Proposition #10,,DEM,Over Votes,0,0,0,0
San Jacinto,2,Proposition #11,,DEM,Yes,85,13,32,130
San Jacinto,2,Proposition #11,,DEM,No,4,1,2,7
San Jacinto,2,Proposition #11,,DEM,Cast Votes:,89,14,34,137
San Jacinto,2,Proposition #11,,DEM,Under Votes,7,1,2,10
San Jacinto,2,Proposition #11,,DEM,Over Votes,0,0,0,0
San Jacinto,2,Proposition 1,,REP,Yes,331,19,225,575
San Jacinto,2,Proposition 1,,REP,No,61,2,39,102
San Jacinto,2,Proposition 1,,REP,Cast Votes:,392,21,264,677
San Jacinto,2,Proposition 1,,REP,Under Votes,9,1,8,18
San Jacinto,2,Proposition 1,,REP,Over Votes,0,0,0,0
San Jacinto,2,Proposition 2,,REP,Yes,315,16,225,556
San Jacinto,2,Proposition 2,,REP,No,71,6,41,118
San Jacinto,2,Proposition 2,,REP,Cast Votes:,386,22,266,674
San Jacinto,2,Proposition 2,,REP,Under Votes,15,0,6,21
San Jacinto,2,Proposition 2,,REP,Over Votes,0,0,0,0
San Jacinto,2,Proposition 3,,REP,Yes,359,22,249,630
San Jacinto,2,Proposition 3,,REP,No,30,0,14,44
San Jacinto,2,Proposition 3,,REP,Cast Votes:,389,22,263,674
San Jacinto,2,Proposition 3,,REP,Under Votes,12,0,9,21
San Jacinto,2,Proposition 3,,REP,Over Votes,0,0,0,0
San Jacinto,2,Proposition 4,,REP,Yes,374,21,255,650
San Jacinto,2,Proposition 4,,REP,No,11,1,7,19
San Jacinto,2,Proposition 4,,REP,Cast Votes:,385,22,262,669
San Jacinto,2,Proposition 4,,REP,Under Votes,16,0,10,26
San Jacinto,2,Proposition 4,,REP,Over Votes,0,0,0,0
San Jacinto,2,Proposition 5,,REP,Yes,357,20,242,619
San Jacinto,2,Proposition 5,,REP,No,29,1,19,49
San Jacinto,2,Proposition 5,,REP,Cast Votes:,386,21,261,668
San Jacinto,2,Proposition 5,,REP,Under Votes,15,1,11,27
San Jacinto,2,Proposition 5,,REP,Over Votes,0,0,0,0
San Jacinto,2,Proposition 6,,REP,Yes,364,19,251,634
San Jacinto,2,Proposition 6,,REP,No,19,3,13,35
San Jacinto,2,Proposition 6,,REP,Cast Votes:,383,22,264,669
San Jacinto,2,Proposition 6,,REP,Under Votes,18,0,8,26
San Jacinto,2,Proposition 6,,REP,Over Votes,0,0,0,0
San Jacinto,2,Proposition 7,,REP,Yes,382,22,260,664
San Jacinto,2,Proposition 7,,REP,No,4,0,2,6
San Jacinto,2,Proposition 7,,REP,Cast Votes:,386,22,262,670
San Jacinto,2,Proposition 7,,REP,Under Votes,15,0,10,25
San Jacinto,2,Proposition 7,,REP,Over Votes,0,0,0,0
San Jacinto,2,Proposition 8,,REP,Yes,378,22,260,660
San Jacinto,2,Proposition 8,,REP,No,2,0,3,5
San Jacinto,2,Proposition 8,,REP,Cast Votes:,380,22,263,665
San Jacinto,2,Proposition 8,,REP,Under Votes,21,0,9,30
San Jacinto,2,Proposition 8,,REP,Over Votes,0,0,0,0
San Jacinto,2,Proposition 9,,REP,Yes,361,18,248,627
San Jacinto,2,Proposition 9,,REP,No,26,3,13,42
San Jacinto,2,Proposition 9,,REP,Cast Votes:,387,21,261,669
San Jacinto,2,Proposition 9,,REP,Under Votes,14,1,11,26
San Jacinto,2,Proposition 9,,REP,Over Votes,0,0,0,0
San Jacinto,2,Proposition 10,,REP,Yes,358,21,242,621
San Jacinto,2,Proposition 10,,REP,No,24,1,18,43
San Jacinto,2,Proposition 10,,REP,Cast Votes:,382,22,260,664
San Jacinto,2,Proposition 10,,REP,Under Votes,19,0,12,31
San Jacinto,2,Proposition 10,,REP,Over Votes,0,0,0,0
San Jacinto,3,President,,DEM,Andrew Yang,0,0,0,0
San Jacinto,3,President,,DEM,John K. Delaney,1,0,0,1
San Jacinto,3,President,,DEM,Robby Wells,0,0,0,0
San Jacinto,3,President,,DEM,Joseph R. Biden,35,2,3,40
San Jacinto,3,President,,DEM,"Roque ""Rocky"" De La Fuente",0,0,0,0
San Jacinto,3,President,,DEM,Marianne Williamson,0,0,0,0
San Jacinto,3,President,,DEM,Deval Patrick,0,0,0,0
San Jacinto,3,President,,DEM,Elizabeth Warren,1,0,1,2
San Jacinto,3,President,,DEM,Tulsi Gabbard,0,0,0,0
San Jacinto,3,President,,DEM,Julián Castro,0,0,0,0
San Jacinto,3,President,,DEM,Pete Buttigieg,0,0,2,2
San Jacinto,3,President,,DEM,Bernie Sanders,9,2,2,13
San Jacinto,3,President,,DEM,Tom Steyer,0,0,0,0
San Jacinto,3,President,,DEM,Michael Bennet,0,0,0,0
San Jacinto,3,President,,DEM,Michael R. Bloomberg,0,3,4,7
San Jacinto,3,President,,DEM,Cory Booker,0,0,0,0
San Jacinto,3,President,,DEM,Amy Klobuchar,0,0,1,1
San Jacinto,3,Ballots Cast,,DEM,,46,7,13,66
San Jacinto,3,President,,DEM,Under Votes,2,0,0,2
San Jacinto,3,President,,DEM,Over Votes,0,0,0,0
San Jacinto,3,U.S. Senate,,DEM,Michael Cooper,4,0,0,4
San Jacinto,3,U.S. Senate,,DEM,Cristina Tzintzun Ramirez,2,0,4,6
San Jacinto,3,U.S. Senate,,DEM,Adrian Ocegueda,0,0,0,0
San Jacinto,3,U.S. Senate,,DEM,Jack Daniel Foster Jr,0,0,0,0
San Jacinto,3,U.S. Senate,,DEM,Chris Bell,18,2,1,21
San Jacinto,3,U.S. Senate,,DEM,"Mary ""MJ"" Hegar",5,3,5,13
San Jacinto,3,U.S. Senate,,DEM,"Annie ""Mamá"" Garcia",3,0,1,4
San Jacinto,3,U.S. Senate,,DEM,Sema Hernandez,6,0,1,7
San Jacinto,3,U.S. Senate,,DEM,Victor Hugo Harris,0,0,0,0
San Jacinto,3,U.S. Senate,,DEM,Royce West,0,0,0,0
San Jacinto,3,U.S. Senate,,DEM,Amanda K. Edwards,0,1,0,1
San Jacinto,3,U.S. Senate,,DEM,D.R. Hunter,0,0,0,0
San Jacinto,3,U.S. Senate,,DEM,Cast Votes:,38,6,12,56
San Jacinto,3,U.S. Senate,,DEM,Under Votes,10,1,1,12
San Jacinto,3,U.S. Senate,,DEM,Over Votes,0,0,0,0
San Jacinto,3,U.S. House,8,DEM,Laura Jones,22,5,6,33
San Jacinto,3,U.S. House,8,DEM,Elizabeth Hernandez,20,2,6,28
San Jacinto,3,U.S. House,8,DEM,Cast Votes:,42,7,12,61
San Jacinto,3,U.S. House,8,DEM,Under Votes,6,0,1,7
San Jacinto,3,U.S. House,8,DEM,Over Votes,0,0,0,0
San Jacinto,3,Railroad Commissioner,,DEM,"Roberto R. ""Beto"" Alonzo",13,0,4,17
San Jacinto,3,Railroad Commissioner,,DEM,Chrysta Castañeda,7,3,5,15
San Jacinto,3,Railroad Commissioner,,DEM,Kelly Stone,15,1,2,18
San Jacinto,3,Railroad Commissioner,,DEM,Mark Watson,6,0,1,7
San Jacinto,3,Railroad Commissioner,,DEM,Cast Votes:,41,4,12,57
San Jacinto,3,Railroad Commissioner,,DEM,Under Votes,7,3,1,11
San Jacinto,3,Railroad Commissioner,,DEM,Over Votes,0,0,0,0
San Jacinto,3,"Chief Justice, Supreme Court",,DEM,Jerry Zimmerer,11,1,4,16
San Jacinto,3,"Chief Justice, Supreme Court",,DEM,Amy Clark Meachum,29,4,7,40
San Jacinto,3,"Chief Justice, Supreme Court",,DEM,Cast Votes:,40,5,11,56
San Jacinto,3,"Chief Justice, Supreme Court",,DEM,Under Votes,8,2,2,12
San Jacinto,3,"Chief Justice, Supreme Court",,DEM,Over Votes,0,0,0,0
San Jacinto,3,"Justice, Supreme Court, Place 6 Unexpired Term",,DEM,Kathy Cheng,25,2,12,39
San Jacinto,3,"Justice, Supreme Court, Place 6 Unexpired Term",,DEM,Larry Praeger,14,3,0,17
San Jacinto,3,"Justice, Supreme Court, Place 6 Unexpired Term",,DEM,Cast Votes:,39,5,12,56
San Jacinto,3,"Justice, Supreme Court, Place 6 Unexpired Term",,DEM,Under Votes,9,2,1,12
San Jacinto,3,"Justice, Supreme Court, Place 6 Unexpired Term",,DEM,Over Votes,0,0,0,0
San Jacinto,3,"Justice, Supreme Court, Place 7",,DEM,Brandy Voss,17,3,7,27
San Jacinto,3,"Justice, Supreme Court, Place 7",,DEM,Staci Williams,21,2,5,28
San Jacinto,3,"Justice, Supreme Court, Place 7",,DEM,Cast Votes:,38,5,12,55
San Jacinto,3,"Justice, Supreme Court, Place 7",,DEM,Under Votes,10,2,1,13
San Jacinto,3,"Justice, Supreme Court, Place 7",,DEM,Over Votes,0,0,0,0
San Jacinto,3,"Justice, Supreme Court, Place 8",,DEM,Gisela D. Triana,13,1,7,21
San Jacinto,3,"Justice, Supreme Court, Place 8",,DEM,Peter Kelly,24,4,5,33
San Jacinto,3,"Justice, Supreme Court, Place 8",,DEM,Cast Votes:,37,5,12,54
San Jacinto,3,"Justice, Supreme Court, Place 8",,DEM,Under Votes,11,2,1,14
San Jacinto,3,"Justice, Supreme Court, Place 8",,DEM,Over Votes,0,0,0,0
San Jacinto,3,"Judge, Court of Criminal Appeals, Place 3",,DEM,Dan Wood,9,0,1,10
San Jacinto,3,"Judge, Court of Criminal Appeals, Place 3",,DEM,William Pieratt Demond,3,1,2,6
San Jacinto,3,"Judge, Court of Criminal Appeals, Place 3",,DEM,Elizabeth Davis Frizell,26,4,9,39
San Jacinto,3,"Judge, Court of Criminal Appeals, Place 3",,DEM,Cast Votes:,38,5,12,55
San Jacinto,3,"Judge, Court of Criminal Appeals, Place 3",,DEM,Under Votes,10,2,1,13
San Jacinto,3,"Judge, Court of Criminal Appeals, Place 3",,DEM,Over Votes,0,0,0,0
San Jacinto,3,"Judge, Court of Criminal Appeals, Place 4",,DEM,Steven Miears,6,2,5,13
San Jacinto,3,"Judge, Court of Criminal Appeals, Place 4",,DEM,Tina Clinton,33,3,7,43
San Jacinto,3,"Judge, Court of Criminal Appeals, Place 4",,DEM,Cast Votes:,39,5,12,56
San Jacinto,3,"Judge, Court of Criminal Appeals, Place 4",,DEM,Under Votes,9,2,1,12
San Jacinto,3,"Judge, Court of Criminal Appeals, Place 4",,DEM,Over Votes,0,0,0,0
San Jacinto,3,"Judge, Court of Criminal Appeals, Place 9",,DEM,Brandon Birmingham,36,5,12,53
San Jacinto,3,"Judge, Court of Criminal Appeals, Place 9",,DEM,Cast Votes:,36,5,12,53
San Jacinto,3,"Judge, Court of Criminal Appeals, Place 9",,DEM,Under Votes,12,2,1,15
San Jacinto,3,"Judge, Court of Criminal Appeals, Place 9",,DEM,Over Votes,0,0,0,0
San Jacinto,3,San Jacinto County Chairman,,DEM,Jacqueline Mier,40,6,11,57
San Jacinto,3,San Jacinto County Chairman,,DEM,Cast Votes:,40,6,11,57
San Jacinto,3,San Jacinto County Chairman,,DEM,Under Votes,8,1,2,11
San Jacinto,3,San Jacinto County Chairman,,DEM,Over Votes,0,0,0,0
San Jacinto,3,President,,REP,"Roque ""Rocky"" De La Fuente Guerra",1,0,0,1
San Jacinto,3,President,,REP,Donald J. Trump,197,11,135,343
San Jacinto,3,President,,REP,Bill Weld,3,0,2,5
San Jacinto,3,President,,REP,Zoltan G. Istvan,0,0,0,0
San Jacinto,3,President,,REP,Matthew John Matern,0,0,0,0
San Jacinto,3,President,,REP,Bob Ely,0,0,0,0
San Jacinto,3,President,,REP,Joe Walsh,1,0,0,1
San Jacinto,3,President,,REP,Uncommitted,8,0,2,10
San Jacinto,3,Ballots Cast,,REP,,210,11,139,360
San Jacinto,3,President,,REP,Under Votes,2,0,0,2
San Jacinto,3,President,,REP,Over Votes,0,0,0,0
San Jacinto,3,U.S. Senate,,REP,John Cornyn,137,11,94,242
San Jacinto,3,U.S. Senate,,REP,John Anthony Castro,5,0,4,9
San Jacinto,3,U.S. Senate,,REP,Dwayne Stovall,35,0,16,51
San Jacinto,3,U.S. Senate,,REP,Mark Yancey,14,0,15,29
San Jacinto,3,U.S. Senate,,REP,Virgil Bierschwale,0,0,1,1
San Jacinto,3,U.S. Senate,,REP,Cast Votes:,191,11,130,332
San Jacinto,3,U.S. Senate,,REP,Under Votes,21,0,9,30
San Jacinto,3,U.S. Senate,,REP,Over Votes,0,0,0,0
San Jacinto,3,U.S. House,8,REP,Kirk Osborn,21,0,12,33
San Jacinto,3,U.S. House,8,REP,Melissa Esparza-Mathis,5,0,3,8
San Jacinto,3,U.S. House,8,REP,Kevin Brady,172,11,119,302
San Jacinto,3,U.S. House,8,REP,Cast Votes:,198,11,134,343
San Jacinto,3,U.S. House,8,REP,Under Votes,14,0,5,19
San Jacinto,3,U.S. House,8,REP,Over Votes,0,0,0,0
San Jacinto,3,Railroad Commissioner,,REP,"James ""Jim"" Wright",130,4,87,221
San Jacinto,3,Railroad Commissioner,,REP,Ryan Sitton,53,5,36,94
San Jacinto,3,Railroad Commissioner,,REP,Cast Votes:,183,9,123,315
San Jacinto,3,Railroad Commissioner,,REP,Under Votes,29,2,16,47
San Jacinto,3,Railroad Commissioner,,REP,Over Votes,0,0,0,0
San Jacinto,3,"Chief Justice, Supreme Court",,REP,Nathan Hecht,178,9,117,304
San Jacinto,3,"Chief Justice, Supreme Court",,REP,Cast Votes:,178,9,117,304
San Jacinto,3,"Chief Justice, Supreme Court",,REP,Under Votes,34,2,22,58
San Jacinto,3,"Chief Justice, Supreme Court",,REP,Over Votes,0,0,0,0
San Jacinto,3,"Justice, Supreme Court, Place 6 Unexpired Term",,REP,Jane Bland,173,9,118,300
San Jacinto,3,"Justice, Supreme Court, Place 6 Unexpired Term",,REP,Cast Votes:,173,9,118,300
San Jacinto,3,"Justice, Supreme Court, Place 6 Unexpired Term",,REP,Under Votes,39,2,21,62
San Jacinto,3,"Justice, Supreme Court, Place 6 Unexpired Term",,REP,Over Votes,0,0,0,0
San Jacinto,3,"Justice, Supreme Court, Place 7",,REP,Jeff Boyd,171,9,116,296
San Jacinto,3,"Justice, Supreme Court, Place 7",,REP,Cast Votes:,171,9,116,296
San Jacinto,3,"Justice, Supreme Court, Place 7",,REP,Under Votes,41,2,23,66
San Jacinto,3,"Justice, Supreme Court, Place 7",,REP,Over Votes,0,0,0,0
San Jacinto,3,"Justice, Supreme Court, Place 8",,REP,Brett Busby,171,9,118,298
San Jacinto,3,"Justice, Supreme Court, Place 8",,REP,Cast Votes:,171,9,118,298
San Jacinto,3,"Justice, Supreme Court, Place 8",,REP,Under Votes,41,2,21,64
San Jacinto,3,"Justice, Supreme Court, Place 8",,REP,Over Votes,0,0,0,0
San Jacinto,3,"Judge, Court of Criminal Appeals, Place 3",,REP,Gina Parker,79,3,44,126
San Jacinto,3,"Judge, Court of Criminal Appeals, Place 3",,REP,Bert Richardson,93,6,78,177
San Jacinto,3,"Judge, Court of Criminal Appeals, Place 3",,REP,Cast Votes:,172,9,122,303
San Jacinto,3,"Judge, Court of Criminal Appeals, Place 3",,REP,Under Votes,40,2,17,59
San Jacinto,3,"Judge, Court of Criminal Appeals, Place 3",,REP,Over Votes,0,0,0,0
San Jacinto,3,"Judge, Court of Criminal Appeals, Place 4",,REP,Kevin Patrick Yeary,171,9,113,293
San Jacinto,3,"Judge, Court of Criminal Appeals, Place 4",,REP,Cast Votes:,171,9,113,293
San Jacinto,3,"Judge, Court of Criminal Appeals, Place 4",,REP,Under Votes,41,2,26,69
San Jacinto,3,"Judge, Court of Criminal Appeals, Place 4",,REP,Over Votes,0,0,0,0
San Jacinto,3,"Judge, Court of Criminal Appeals, Place 9",,REP,David Newell,170,9,116,295
San Jacinto,3,"Judge, Court of Criminal Appeals, Place 9",,REP,Cast Votes:,170,9,116,295
San Jacinto,3,"Judge, Court of Criminal Appeals, Place 9",,REP,Under Votes,42,2,23,67
San Jacinto,3,"Judge, Court of Criminal Appeals, Place 9",,REP,Over Votes,0,0,0,0
San Jacinto,3,"Member, State Board of Education, District 8",,REP,Audrey Young,169,9,116,294
San Jacinto,3,"Member, State Board of Education, District 8",,REP,Cast Votes:,169,9,116,294
San Jacinto,3,"Member, State Board of Education, District 8",,REP,Under Votes,43,2,23,68
San Jacinto,3,"Member, State Board of Education, District 8",,REP,Over Votes,0,0,0,0
San Jacinto,3,State Representative,18,REP,Ernest Bailes,198,9,129,336
San Jacinto,3,State Representative,18,REP,Cast Votes:,198,9,129,336
San Jacinto,3,State Representative,18,REP,Under Votes,14,2,10,26
San Jacinto,3,State Representative,18,REP,Over Votes,0,0,0,0
San Jacinto,3,"Chief Justice, 9th Court of Appeals District",,REP,"Chuck ""Charles B"" Meyer",42,3,34,79
San Jacinto,3,"Chief Justice, 9th Court of Appeals District",,REP,Jay Wright,54,1,25,80
San Jacinto,3,"Chief Justice, 9th Court of Appeals District",,REP,Jarrod Lee Walker,20,0,17,37
San Jacinto,3,"Chief Justice, 9th Court of Appeals District",,REP,Colleen Cordts Rice,16,2,13,31
San Jacinto,3,"Chief Justice, 9th Court of Appeals District",,REP,Scott Golemon,37,3,21,61
San Jacinto,3,"Chief Justice, 9th Court of Appeals District",,REP,Cast Votes:,169,9,110,288
San Jacinto,3,"Chief Justice, 9th Court of Appeals District",,REP,Under Votes,43,2,29,74
San Jacinto,3,"Chief Justice, 9th Court of Appeals District",,REP,Over Votes,0,0,0,0
San Jacinto,3,"District Judge, 411th Judicial District",,REP,Kaycee L. Jones,64,4,46,114
San Jacinto,3,"District Judge, 411th Judicial District",,REP,John Wells,118,5,82,205
San Jacinto,3,"District Judge, 411th Judicial District",,REP,Cast Votes:,182,9,128,319
San Jacinto,3,"District Judge, 411th Judicial District",,REP,Under Votes,30,2,11,43
San Jacinto,3,"District Judge, 411th Judicial District",,REP,Over Votes,0,0,0,0
San Jacinto,3,Sheriff,,REP,Greg Capers,154,11,84,249
San Jacinto,3,Sheriff,,REP,Mike Flynt,56,0,49,105
San Jacinto,3,Sheriff,,REP,Cast Votes:,210,11,133,354
San Jacinto,3,Sheriff,,REP,Under Votes,2,0,6,8
San Jacinto,3,Sheriff,,REP,Over Votes,0,0,0,0
San Jacinto,3,County Tax Assessor-Collector,,REP,Betty Davis,197,11,127,335
San Jacinto,3,County Tax Assessor-Collector,,REP,Cast Votes:,197,11,127,335
San Jacinto,3,County Tax Assessor-Collector,,REP,Under Votes,15,0,12,27
San Jacinto,3,County Tax Assessor-Collector,,REP,Over Votes,0,0,0,0
San Jacinto,3,"County Commissioner, Precinct 3",,REP,David Brandon,83,6,57,146
San Jacinto,3,"County Commissioner, Precinct 3",,REP,James D Blair,119,5,75,199
San Jacinto,3,"County Commissioner, Precinct 3",,REP,Cast Votes:,202,11,132,345
San Jacinto,3,"County Commissioner, Precinct 3",,REP,Under Votes,10,0,7,17
San Jacinto,3,"County Commissioner, Precinct 3",,REP,Over Votes,0,0,0,0
San Jacinto,3,"Constable, Precinct 3",,REP,Sam Houston,192,11,128,331
San Jacinto,3,"Constable, Precinct 3",,REP,Cast Votes:,192,11,128,331
San Jacinto,3,"Constable, Precinct 3",,REP,Under Votes,20,0,11,31
San Jacinto,3,"Constable, Precinct 3",,REP,Over Votes,0,0,0,0
San Jacinto,3,San Jacinto County Chairman,,REP,Dwayne Wright,181,9,115,305
San Jacinto,3,San Jacinto County Chairman,,REP,Cast Votes:,181,9,115,305
San Jacinto,3,San Jacinto County Chairman,,REP,Under Votes,31,2,24,57
San Jacinto,3,San Jacinto County Chairman,,REP,Over Votes,0,0,0,0
San Jacinto,3,Proposition #1,,DEM,Yes,43,5,13,61
San Jacinto,3,Proposition #1,,DEM,No,0,0,0,0
San Jacinto,3,Proposition #1,,DEM,Cast Votes:,43,5,13,61
San Jacinto,3,Proposition #1,,DEM,Under Votes,5,2,0,7
San Jacinto,3,Proposition #1,,DEM,Over Votes,0,0,0,0
San Jacinto,3,Proposition #2,,DEM,Yes,45,4,11,60
San Jacinto,3,Proposition #2,,DEM,No,1,1,2,4
San Jacinto,3,Proposition #2,,DEM,Cast Votes:,46,5,13,64
San Jacinto,3,Proposition #2,,DEM,Under Votes,2,2,0,4
San Jacinto,3,Proposition #2,,DEM,Over Votes,0,0,0,0
San Jacinto,3,Proposition #3,,DEM,Yes,45,5,12,62
San Jacinto,3,Proposition #3,,DEM,No,0,0,0,0
San Jacinto,3,Proposition #3,,DEM,Cast Votes:,45,5,12,62
San Jacinto,3,Proposition #3,,DEM,Under Votes,3,2,1,6
San Jacinto,3,Proposition #3,,DEM,Over Votes,0,0,0,0
San Jacinto,3,Proposition #4,,DEM,Yes,43,4,13,60
San Jacinto,3,Proposition #4,,DEM,No,0,0,0,0
San Jacinto,3,Proposition #4,,DEM,Cast Votes:,43,4,13,60
San Jacinto,3,Proposition #4,,DEM,Under Votes,5,3,0,8
San Jacinto,3,Proposition #4,,DEM,Over Votes,0,0,0,0
San Jacinto,3,Proposition #5,,DEM,Yes,46,4,12,62
San Jacinto,3,Proposition #5,,DEM,No,0,0,1,1
San Jacinto,3,Proposition #5,,DEM,Cast Votes:,46,4,13,63
San Jacinto,3,Proposition #5,,DEM,Under Votes,2,3,0,5
San Jacinto,3,Proposition #5,,DEM,Over Votes,0,0,0,0
San Jacinto,3,Proposition #6,,DEM,Yes,44,4,12,60
San Jacinto,3,Proposition #6,,DEM,No,0,0,1,1
San Jacinto,3,Proposition #6,,DEM,Cast Votes:,44,4,13,61
San Jacinto,3,Proposition #6,,DEM,Under Votes,4,3,0,7
San Jacinto,3,Proposition #6,,DEM,Over Votes,0,0,0,0
San Jacinto,3,Proposition #7,,DEM,Yes,44,5,13,62
San Jacinto,3,Proposition #7,,DEM,No,0,0,0,0
San Jacinto,3,Proposition #7,,DEM,Cast Votes:,44,5,13,62
San Jacinto,3,Proposition #7,,DEM,Under Votes,4,2,0,6
San Jacinto,3,Proposition #7,,DEM,Over Votes,0,0,0,0
San Jacinto,3,Proposition #8,,DEM,Yes,44,5,13,62
San Jacinto,3,Proposition #8,,DEM,No,1,0,0,1
San Jacinto,3,Proposition #8,,DEM,Cast Votes:,45,5,13,63
San Jacinto,3,Proposition #8,,DEM,Under Votes,3,2,0,5
San Jacinto,3,Proposition #8,,DEM,Over Votes,0,0,0,0
San Jacinto,3,Proposition #9,,DEM,Yes,46,5,12,63
San Jacinto,3,Proposition #9,,DEM,No,0,0,1,1
San Jacinto,3,Proposition #9,,DEM,Cast Votes:,46,5,13,64
San Jacinto,3,Proposition #9,,DEM,Under Votes,2,2,0,4
San Jacinto,3,Proposition #9,,DEM,Over Votes,0,0,0,0
San Jacinto,3,Proposition #10,,DEM,Yes,43,3,12,58
San Jacinto,3,Proposition #10,,DEM,No,2,1,1,4
San Jacinto,3,Proposition #10,,DEM,Cast Votes:,45,4,13,62
San Jacinto,3,Proposition #10,,DEM,Under Votes,3,3,0,6
San Jacinto,3,Proposition #10,,DEM,Over Votes,0,0,0,0
San Jacinto,3,Proposition #11,,DEM,Yes,41,4,13,58
San Jacinto,3,Proposition #11,,DEM,No,2,1,0,3
San Jacinto,3,Proposition #11,,DEM,Cast Votes:,43,5,13,61
San Jacinto,3,Proposition #11,,DEM,Under Votes,5,2,0,7
San Jacinto,3,Proposition #11,,DEM,Over Votes,0,0,0,0
San Jacinto,3,Proposition 1,,REP,Yes,187,9,110,306
San Jacinto,3,Proposition 1,,REP,No,17,2,23,42
San Jacinto,3,Proposition 1,,REP,Cast Votes:,204,11,133,348
San Jacinto,3,Proposition 1,,REP,Under Votes,8,0,6,14
San Jacinto,3,Proposition 1,,REP,Over Votes,0,0,0,0
San Jacinto,3,Proposition 2,,REP,Yes,181,11,121,313
San Jacinto,3,Proposition 2,,REP,No,27,0,16,43
San Jacinto,3,Proposition 2,,REP,Cast Votes:,208,11,137,356
San Jacinto,3,Proposition 2,,REP,Under Votes,4,0,2,6
San Jacinto,3,Proposition 2,,REP,Over Votes,0,0,0,0
San Jacinto,3,Proposition 3,,REP,Yes,195,11,129,335
San Jacinto,3,Proposition 3,,REP,No,11,0,7,18
San Jacinto,3,Proposition 3,,REP,Cast Votes:,206,11,136,353
San Jacinto,3,Proposition 3,,REP,Under Votes,6,0,3,9
San Jacinto,3,Proposition 3,,REP,Over Votes,0,0,0,0
San Jacinto,3,Proposition 4,,REP,Yes,195,10,134,339
San Jacinto,3,Proposition 4,,REP,No,11,0,2,13
San Jacinto,3,Proposition 4,,REP,Cast Votes:,206,10,136,352
San Jacinto,3,Proposition 4,,REP,Under Votes,6,1,3,10
San Jacinto,3,Proposition 4,,REP,Over Votes,0,0,0,0
San Jacinto,3,Proposition 5,,REP,Yes,190,11,126,327
San Jacinto,3,Proposition 5,,REP,No,14,0,10,24
San Jacinto,3,Proposition 5,,REP,Cast Votes:,204,11,136,351
San Jacinto,3,Proposition 5,,REP,Under Votes,8,0,3,11
San Jacinto,3,Proposition 5,,REP,Over Votes,0,0,0,0
San Jacinto,3,Proposition 6,,REP,Yes,194,10,127,331
San Jacinto,3,Proposition 6,,REP,No,12,1,7,20
San Jacinto,3,Proposition 6,,REP,Cast Votes:,206,11,134,351
San Jacinto,3,Proposition 6,,REP,Under Votes,6,0,5,11
San Jacinto,3,Proposition 6,,REP,Over Votes,0,0,0,0
San Jacinto,3,Proposition 7,,REP,Yes,202,11,134,347
San Jacinto,3,Proposition 7,,REP,No,3,0,2,5
San Jacinto,3,Proposition 7,,REP,Cast Votes:,205,11,136,352
San Jacinto,3,Proposition 7,,REP,Under Votes,7,0,3,10
San Jacinto,3,Proposition 7,,REP,Over Votes,0,0,0,0
San Jacinto,3,Proposition 8,,REP,Yes,204,11,131,346
San Jacinto,3,Proposition 8,,REP,No,1,0,2,3
San Jacinto,3,Proposition 8,,REP,Cast Votes:,205,11,133,349
San Jacinto,3,Proposition 8,,REP,Under Votes,7,0,6,13
San Jacinto,3,Proposition 8,,REP,Over Votes,0,0,0,0
San Jacinto,3,Proposition 9,,REP,Yes,202,11,129,342
San Jacinto,3,Proposition 9,,REP,No,5,0,5,10
San Jacinto,3,Proposition 9,,REP,Cast Votes:,207,11,134,352
San Jacinto,3,Proposition 9,,REP,Under Votes,5,0,5,10
San Jacinto,3,Proposition 9,,REP,Over Votes,0,0,0,0
San Jacinto,3,Proposition 10,,REP,Yes,190,7,119,316
San Jacinto,3,Proposition 10,,REP,No,12,4,14,30
San Jacinto,3,Proposition 10,,REP,Cast Votes:,202,11,133,346
San Jacinto,3,Proposition 10,,REP,Under Votes,10,0,6,16
San Jacinto,3,Proposition 10,,REP,Over Votes,0,0,0,0
San Jacinto,4,President,,DEM,Andrew Yang,0,0,0,0
San Jacinto,4,President,,DEM,John K. Delaney,0,0,0,0
San Jacinto,4,President,,DEM,Robby Wells,0,0,0,0
San Jacinto,4,President,,DEM,Joseph R. Biden,5,2,1,8
San Jacinto,4,President,,DEM,"Roque ""Rocky"" De La Fuente",0,0,0,0
San Jacinto,4,President,,DEM,Marianne Williamson,0,0,0,0
San Jacinto,4,President,,DEM,Deval Patrick,0,0,0,0
San Jacinto,4,President,,DEM,Elizabeth Warren,0,0,0,0
San Jacinto,4,President,,DEM,Tulsi Gabbard,1,0,0,1
San Jacinto,4,President,,DEM,Julián Castro,0,0,0,0
San Jacinto,4,President,,DEM,Pete Buttigieg,0,0,1,1
San Jacinto,4,President,,DEM,Bernie Sanders,2,0,0,2
San Jacinto,4,President,,DEM,Tom Steyer,0,0,0,0
San Jacinto,4,President,,DEM,Michael Bennet,0,0,0,0
San Jacinto,4,President,,DEM,Michael R. Bloomberg,0,0,0,0
San Jacinto,4,President,,DEM,Cory Booker,0,0,0,0
San Jacinto,4,President,,DEM,Amy Klobuchar,0,0,0,0
San Jacinto,4,Ballots Cast,,DEM,,8,2,2,12
San Jacinto,4,President,,DEM,Under Votes,0,1,0,1
San Jacinto,4,President,,DEM,Over Votes,0,0,0,0
San Jacinto,4,U.S. Senate,,DEM,Michael Cooper,0,1,0,1
San Jacinto,4,U.S. Senate,,DEM,Cristina Tzintzun Ramirez,0,0,0,0
San Jacinto,4,U.S. Senate,,DEM,Adrian Ocegueda,0,0,0,0
San Jacinto,4,U.S. Senate,,DEM,Jack Daniel Foster Jr,0,0,1,1
San Jacinto,4,U.S. Senate,,DEM,Chris Bell,3,1,0,4
San Jacinto,4,U.S. Senate,,DEM,"Mary ""MJ"" Hegar",2,0,0,2
San Jacinto,4,U.S. Senate,,DEM,"Annie ""Mamá"" Garcia",2,0,0,2
San Jacinto,4,U.S. Senate,,DEM,Sema Hernandez,0,0,0,0
San Jacinto,4,U.S. Senate,,DEM,Victor Hugo Harris,0,0,1,1
San Jacinto,4,U.S. Senate,,DEM,Royce West,0,0,0,0
San Jacinto,4,U.S. Senate,,DEM,Amanda K. Edwards,0,0,0,0
San Jacinto,4,U.S. Senate,,DEM,D.R. Hunter,0,0,0,0
San Jacinto,4,U.S. Senate,,DEM,Cast Votes:,7,2,2,11
San Jacinto,4,U.S. Senate,,DEM,Under Votes,1,1,0,2
San Jacinto,4,U.S. Senate,,DEM,Over Votes,0,0,0,0
San Jacinto,4,U.S. House,8,DEM,Laura Jones,2,1,0,3
San Jacinto,4,U.S. House,8,DEM,Elizabeth Hernandez,3,1,2,6
San Jacinto,4,U.S. House,8,DEM,Cast Votes:,5,2,2,9
San Jacinto,4,U.S. House,8,DEM,Under Votes,3,1,0,4
San Jacinto,4,U.S. House,8,DEM,Over Votes,0,0,0,0
San Jacinto,4,Railroad Commissioner,,DEM,"Roberto R. ""Beto"" Alonzo",2,0,0,2
San Jacinto,4,Railroad Commissioner,,DEM,Chrysta Castañeda,1,2,0,3
San Jacinto,4,Railroad Commissioner,,DEM,Kelly Stone,3,0,1,4
San Jacinto,4,Railroad Commissioner,,DEM,Mark Watson,1,0,1,2
San Jacinto,4,Railroad Commissioner,,DEM,Cast Votes:,7,2,2,11
San Jacinto,4,Railroad Commissioner,,DEM,Under Votes,1,1,0,2
San Jacinto,4,Railroad Commissioner,,DEM,Over Votes,0,0,0,0
San Jacinto,4,"Chief Justice, Supreme Court",,DEM,Jerry Zimmerer,1,1,2,4
San Jacinto,4,"Chief Justice, Supreme Court",,DEM,Amy Clark Meachum,4,1,0,5
San Jacinto,4,"Chief Justice, Supreme Court",,DEM,Cast Votes:,5,2,2,9
San Jacinto,4,"Chief Justice, Supreme Court",,DEM,Under Votes,3,1,0,4
San Jacinto,4,"Chief Justice, Supreme Court",,DEM,Over Votes,0,0,0,0
San Jacinto,4,"Justice, Supreme Court, Place 6 Unexpired Term",,DEM,Kathy Cheng,3,2,1,6
San Jacinto,4,"Justice, Supreme Court, Place 6 Unexpired Term",,DEM,Larry Praeger,3,0,1,4
San Jacinto,4,"Justice, Supreme Court, Place 6 Unexpired Term",,DEM,Cast Votes:,6,2,2,10
San Jacinto,4,"Justice, Supreme Court, Place 6 Unexpired Term",,DEM,Under Votes,2,1,0,3
San Jacinto,4,"Justice, Supreme Court, Place 6 Unexpired Term",,DEM,Over Votes,0,0,0,0
San Jacinto,4,"Justice, Supreme Court, Place 7",,DEM,Brandy Voss,1,1,1,3
San Jacinto,4,"Justice, Supreme Court, Place 7",,DEM,Staci Williams,5,1,1,7
San Jacinto,4,"Justice, Supreme Court, Place 7",,DEM,Cast Votes:,6,2,2,10
San Jacinto,4,"Justice, Supreme Court, Place 7",,DEM,Under Votes,2,1,0,3
San Jacinto,4,"Justice, Supreme Court, Place 7",,DEM,Over Votes,0,0,0,0
San Jacinto,4,"Justice, Supreme Court, Place 8",,DEM,Gisela D. Triana,2,0,1,3
San Jacinto,4,"Justice, Supreme Court, Place 8",,DEM,Peter Kelly,4,2,1,7
San Jacinto,4,"Justice, Supreme Court, Place 8",,DEM,Cast Votes:,6,2,2,10
San Jacinto,4,"Justice, Supreme Court, Place 8",,DEM,Under Votes,2,1,0,3
San Jacinto,4,"Justice, Supreme Court, Place 8",,DEM,Over Votes,0,0,0,0
San Jacinto,4,"Judge, Court of Criminal Appeals, Place 3",,DEM,Dan Wood,0,1,2,3
San Jacinto,4,"Judge, Court of Criminal Appeals, Place 3",,DEM,William Pieratt Demond,0,1,0,1
San Jacinto,4,"Judge, Court of Criminal Appeals, Place 3",,DEM,Elizabeth Davis Frizell,6,0,0,6
San Jacinto,4,"Judge, Court of Criminal Appeals, Place 3",,DEM,Cast Votes:,6,2,2,10
San Jacinto,4,"Judge, Court of Criminal Appeals, Place 3",,DEM,Under Votes,2,1,0,3
San Jacinto,4,"Judge, Court of Criminal Appeals, Place 3",,DEM,Over Votes,0,0,0,0
San Jacinto,4,"Judge, Court of Criminal Appeals, Place 4",,DEM,Steven Miears,0,0,1,1
San Jacinto,4,"Judge, Court of Criminal Appeals, Place 4",,DEM,Tina Clinton,6,2,1,9
San Jacinto,4,"Judge, Court of Criminal Appeals, Place 4",,DEM,Cast Votes:,6,2,2,10
San Jacinto,4,"Judge, Court of Criminal Appeals, Place 4",,DEM,Under Votes,2,1,0,3
San Jacinto,4,"Judge, Court of Criminal Appeals, Place 4",,DEM,Over Votes,0,0,0,0
San Jacinto,4,"Judge, Court of Criminal Appeals, Place 9",,DEM,Brandon Birmingham,5,2,2,9
San Jacinto,4,"Judge, Court of Criminal Appeals, Place 9",,DEM,Cast Votes:,5,2,2,9
San Jacinto,4,"Judge, Court of Criminal Appeals, Place 9",,DEM,Under Votes,3,1,0,4
San Jacinto,4,"Judge, Court of Criminal Appeals, Place 9",,DEM,Over Votes,0,0,0,0
San Jacinto,4,San Jacinto County Chairman,,DEM,Jacqueline Mier,5,1,2,8
San Jacinto,4,San Jacinto County Chairman,,DEM,Cast Votes:,5,1,2,8
San Jacinto,4,San Jacinto County Chairman,,DEM,Under Votes,3,2,0,5
San Jacinto,4,San Jacinto County Chairman,,DEM,Over Votes,0,0,0,0
San Jacinto,4,President,,REP,"Roque ""Rocky"" De La Fuente Guerra",0,0,0,0
San Jacinto,4,President,,REP,Donald J. Trump,111,4,119,234
San Jacinto,4,President,,REP,Bill Weld,0,0,0,0
San Jacinto,4,President,,REP,Zoltan G. Istvan,0,0,0,0
San Jacinto,4,President,,REP,Matthew John Matern,0,0,1,1
San Jacinto,4,President,,REP,Bob Ely,0,0,1,1
San Jacinto,4,President,,REP,Joe Walsh,0,0,0,0
San Jacinto,4,President,,REP,Uncommitted,2,0,1,3
San Jacinto,4,Ballots Cast,,REP,,113,4,122,239
San Jacinto,4,President,,REP,Under Votes,0,0,1,1
San Jacinto,4,President,,REP,Over Votes,0,0,0,0
San Jacinto,4,U.S. Senate,,REP,John Cornyn,67,3,74,144
San Jacinto,4,U.S. Senate,,REP,John Anthony Castro,6,0,3,9
San Jacinto,4,U.S. Senate,,REP,Dwayne Stovall,23,0,17,40
San Jacinto,4,U.S. Senate,,REP,Mark Yancey,12,0,9,21
San Jacinto,4,U.S. Senate,,REP,Virgil Bierschwale,2,1,4,7
San Jacinto,4,U.S. Senate,,REP,Cast Votes:,110,4,107,221
San Jacinto,4,U.S. Senate,,REP,Under Votes,3,0,16,19
San Jacinto,4,U.S. Senate,,REP,Over Votes,0,0,0,0
San Jacinto,4,U.S. House,8,REP,Kirk Osborn,19,1,12,32
San Jacinto,4,U.S. House,8,REP,Melissa Esparza-Mathis,4,0,3,7
San Jacinto,4,U.S. House,8,REP,Kevin Brady,87,3,98,188
San Jacinto,4,U.S. House,8,REP,Cast Votes:,110,4,113,227
San Jacinto,4,U.S. House,8,REP,Under Votes,3,0,10,13
San Jacinto,4,U.S. House,8,REP,Over Votes,0,0,0,0
San Jacinto,4,Railroad Commissioner,,REP,"James ""Jim"" Wright",62,3,69,134
San Jacinto,4,Railroad Commissioner,,REP,Ryan Sitton,43,1,32,76
San Jacinto,4,Railroad Commissioner,,REP,Cast Votes:,105,4,101,210
San Jacinto,4,Railroad Commissioner,,REP,Under Votes,8,0,22,30
San Jacinto,4,Railroad Commissioner,,REP,Over Votes,0,0,0,0
San Jacinto,4,"Chief Justice, Supreme Court",,REP,Nathan Hecht,97,4,86,187
San Jacinto,4,"Chief Justice, Supreme Court",,REP,Cast Votes:,97,4,86,187
San Jacinto,4,"Chief Justice, Supreme Court",,REP,Under Votes,16,0,37,53
San Jacinto,4,"Chief Justice, Supreme Court",,REP,Over Votes,0,0,0,0
San Jacinto,4,"Justice, Supreme Court, Place 6 Unexpired Term",,REP,Jane Bland,95,4,86,185
San Jacinto,4,"Justice, Supreme Court, Place 6 Unexpired Term",,REP,Cast Votes:,95,4,86,185
San Jacinto,4,"Justice, Supreme Court, Place 6 Unexpired Term",,REP,Under Votes,18,0,37,55
San Jacinto,4,"Justice, Supreme Court, Place 6 Unexpired Term",,REP,Over Votes,0,0,0,0
San Jacinto,4,"Justice, Supreme Court, Place 7",,REP,Jeff Boyd,95,4,89,188
San Jacinto,4,"Justice, Supreme Court, Place 7",,REP,Cast Votes:,95,4,89,188
San Jacinto,4,"Justice, Supreme Court, Place 7",,REP,Under Votes,18,0,34,52
San Jacinto,4,"Justice, Supreme Court, Place 7",,REP,Over Votes,0,0,0,0
San Jacinto,4,"Justice, Supreme Court, Place 8",,REP,Brett Busby,95,3,88,186
San Jacinto,4,"Justice, Supreme Court, Place 8",,REP,Cast Votes:,95,3,88,186
San Jacinto,4,"Justice, Supreme Court, Place 8",,REP,Under Votes,18,1,35,54
San Jacinto,4,"Justice, Supreme Court, Place 8",,REP,Over Votes,0,0,0,0
San Jacinto,4,"Judge, Court of Criminal Appeals, Place 3",,REP,Gina Parker,43,2,42,87
San Jacinto,4,"Judge, Court of Criminal Appeals, Place 3",,REP,Bert Richardson,55,2,44,101
San Jacinto,4,"Judge, Court of Criminal Appeals, Place 3",,REP,Cast Votes:,98,4,86,188
San Jacinto,4,"Judge, Court of Criminal Appeals, Place 3",,REP,Under Votes,15,0,37,52
San Jacinto,4,"Judge, Court of Criminal Appeals, Place 3",,REP,Over Votes,0,0,0,0
San Jacinto,4,"Judge, Court of Criminal Appeals, Place 4",,REP,Kevin Patrick Yeary,95,4,79,178
San Jacinto,4,"Judge, Court of Criminal Appeals, Place 4",,REP,Cast Votes:,95,4,79,178
San Jacinto,4,"Judge, Court of Criminal Appeals, Place 4",,REP,Under Votes,18,0,44,62
San Jacinto,4,"Judge, Court of Criminal Appeals, Place 4",,REP,Over Votes,0,0,0,0
San Jacinto,4,"Judge, Court of Criminal Appeals, Place 9",,REP,David Newell,94,4,80,178
San Jacinto,4,"Judge, Court of Criminal Appeals, Place 9",,REP,Cast Votes:,94,4,80,178
San Jacinto,4,"Judge, Court of Criminal Appeals, Place 9",,REP,Under Votes,19,0,43,62
San Jacinto,4,"Judge, Court of Criminal Appeals, Place 9",,REP,Over Votes,0,0,0,0
San Jacinto,4,"Member, State Board of Education, District 8",,REP,Audrey Young,94,4,82,180
San Jacinto,4,"Member, State Board of Education, District 8",,REP,Cast Votes:,94,4,82,180
San Jacinto,4,"Member, State Board of Education, District 8",,REP,Under Votes,19,0,41,60
San Jacinto,4,"Member, State Board of Education, District 8",,REP,Over Votes,0,0,0,0
San Jacinto,4,State Representative,18,REP,Ernest Bailes,100,4,104,208
San Jacinto,4,State Representative,18,REP,Cast Votes:,100,4,104,208
San Jacinto,4,State Representative,18,REP,Under Votes,13,0,19,32
San Jacinto,4,State Representative,18,REP,Over Votes,0,0,0,0
San Jacinto,4,"Chief Justice, 9th Court of Appeals District",,REP,"Chuck ""Charles B"" Meyer",17,0,22,39
San Jacinto,4,"Chief Justice, 9th Court of Appeals District",,REP,Jay Wright,18,4,21,43
San Jacinto,4,"Chief Justice, 9th Court of Appeals District",,REP,Jarrod Lee Walker,24,0,13,37
San Jacinto,4,"Chief Justice, 9th Court of Appeals District",,REP,Colleen Cordts Rice,18,0,7,25
San Jacinto,4,"Chief Justice, 9th Court of Appeals District",,REP,Scott Golemon,21,0,19,40
San Jacinto,4,"Chief Justice, 9th Court of Appeals District",,REP,Cast Votes:,98,4,82,184
San Jacinto,4,"Chief Justice, 9th Court of Appeals District",,REP,Under Votes,15,0,41,56
San Jacinto,4,"Chief Justice, 9th Court of Appeals District",,REP,Over Votes,0,0,0,0
San Jacinto,4,"District Judge, 411th Judicial District",,REP,Kaycee L. Jones,42,0,30,72
San Jacinto,4,"District Judge, 411th Judicial District",,REP,John Wells,67,4,74,145
San Jacinto,4,"District Judge, 411th Judicial District",,REP,Cast Votes:,109,4,104,217
San Jacinto,4,"District Judge, 411th Judicial District",,REP,Under Votes,4,0,19,23
San Jacinto,4,"District Judge, 411th Judicial District",,REP,Over Votes,0,0,0,0
San Jacinto,4,Sheriff,,REP,Greg Capers,31,2,38,71
San Jacinto,4,Sheriff,,REP,Mike Flynt,80,2,82,164
San Jacinto,4,Sheriff,,REP,Cast Votes:,111,4,120,235
San Jacinto,4,Sheriff,,REP,Under Votes,2,0,3,5
San Jacinto,4,Sheriff,,REP,Over Votes,0,0,0,0
San Jacinto,4,County Tax Assessor-Collector,,REP,Betty Davis,98,4,95,197
San Jacinto,4,County Tax Assessor-Collector,,REP,Cast Votes:,98,4,95,197
San Jacinto,4,County Tax Assessor-Collector,,REP,Under Votes,15,0,28,43
San Jacinto,4,County Tax Assessor-Collector,,REP,Over Votes,0,0,0,0
San Jacinto,4,"County Commissioner, Precinct 1",,REP,Laddie McAnally,97,4,100,201
San Jacinto,4,"County Commissioner, Precinct 1",,REP,Cast Votes:,97,4,100,201
San Jacinto,4,"County Commissioner, Precinct 1",,REP,Under Votes,16,0,23,39
San Jacinto,4,"County Commissioner, Precinct 1",,REP,Over Votes,0,0,0,0
San Jacinto,4,"Constable, Precinct 1",,REP,Roy Rogers,96,4,95,195
San Jacinto,4,"Constable, Precinct 1",,REP,Cast Votes:,96,4,95,195
San Jacinto,4,"Constable, Precinct 1",,REP,Under Votes,17,0,28,45
San Jacinto,4,"Constable, Precinct 1",,REP,Over Votes,0,0,0,0
San Jacinto,4,San Jacinto County Chairman,,REP,Dwayne Wright,94,4,90,188
San Jacinto,4,San Jacinto County Chairman,,REP,Cast Votes:,94,4,90,188
San Jacinto,4,San Jacinto County Chairman,,REP,Under Votes,19,0,33,52
San Jacinto,4,San Jacinto County Chairman,,REP,Over Votes,0,0,0,0
San Jacinto,4,Precinct 4 Chairman,,REP,John Lovett,39,4,34,77
San Jacinto,4,Precinct 4 Chairman,,REP,Elaine Ward,71,0,79,150
San Jacinto,4,Precinct 4 Chairman,,REP,Cast Votes:,110,4,113,227
San Jacinto,4,Precinct 4 Chairman,,REP,Under Votes,3,0,10,13
San Jacinto,4,Precinct 4 Chairman,,REP,Over Votes,0,0,0,0
San Jacinto,4,Proposition #1,,DEM,Yes,6,2,2,10
San Jacinto,4,Proposition #1,,DEM,No,1,0,0,1
San Jacinto,4,Proposition #1,,DEM,Cast Votes:,7,2,2,11
San Jacinto,4,Proposition #1,,DEM,Under Votes,1,1,0,2
San Jacinto,4,Proposition #1,,DEM,Over Votes,0,0,0,0
San Jacinto,4,Proposition #2,,DEM,Yes,8,1,2,11
San Jacinto,4,Proposition #2,,DEM,No,0,1,0,1
San Jacinto,4,Proposition #2,,DEM,Cast Votes:,8,2,2,12
San Jacinto,4,Proposition #2,,DEM,Under Votes,0,1,0,1
San Jacinto,4,Proposition #2,,DEM,Over Votes,0,0,0,0
San Jacinto,4,Proposition #3,,DEM,Yes,8,2,2,12
San Jacinto,4,Proposition #3,,DEM,No,0,0,0,0
San Jacinto,4,Proposition #3,,DEM,Cast Votes:,8,2,2,12
San Jacinto,4,Proposition #3,,DEM,Under Votes,0,1,0,1
San Jacinto,4,Proposition #3,,DEM,Over Votes,0,0,0,0
San Jacinto,4,Proposition #4,,DEM,Yes,6,2,2,10
San Jacinto,4,Proposition #4,,DEM,No,1,0,0,1
San Jacinto,4,Proposition #4,,DEM,Cast Votes:,7,2,2,11
San Jacinto,4,Proposition #4,,DEM,Under Votes,1,1,0,2
San Jacinto,4,Proposition #4,,DEM,Over Votes,0,0,0,0
San Jacinto,4,Proposition #5,,DEM,Yes,8,2,2,12
San Jacinto,4,Proposition #5,,DEM,No,0,0,0,0
San Jacinto,4,Proposition #5,,DEM,Cast Votes:,8,2,2,12
San Jacinto,4,Proposition #5,,DEM,Under Votes,0,1,0,1
San Jacinto,4,Proposition #5,,DEM,Over Votes,0,0,0,0
San Jacinto,4,Proposition #6,,DEM,Yes,8,2,2,12
San Jacinto,4,Proposition #6,,DEM,No,0,0,0,0
San Jacinto,4,Proposition #6,,DEM,Cast Votes:,8,2,2,12
San Jacinto,4,Proposition #6,,DEM,Under Votes,0,1,0,1
San Jacinto,4,Proposition #6,,DEM,Over Votes,0,0,0,0
San Jacinto,4,Proposition #7,,DEM,Yes,8,2,2,12
San Jacinto,4,Proposition #7,,DEM,No,0,0,0,0
San Jacinto,4,Proposition #7,,DEM,Cast Votes:,8,2,2,12
San Jacinto,4,Proposition #7,,DEM,Under Votes,0,1,0,1
San Jacinto,4,Proposition #7,,DEM,Over Votes,0,0,0,0
San Jacinto,4,Proposition #8,,DEM,Yes,8,2,1,11
San Jacinto,4,Proposition #8,,DEM,No,0,0,1,1
San Jacinto,4,Proposition #8,,DEM,Cast Votes:,8,2,2,12
San Jacinto,4,Proposition #8,,DEM,Under Votes,0,1,0,1
San Jacinto,4,Proposition #8,,DEM,Over Votes,0,0,0,0
San Jacinto,4,Proposition #9,,DEM,Yes,8,2,2,12
San Jacinto,4,Proposition #9,,DEM,No,0,0,0,0
San Jacinto,4,Proposition #9,,DEM,Cast Votes:,8,2,2,12
San Jacinto,4,Proposition #9,,DEM,Under Votes,0,1,0,1
San Jacinto,4,Proposition #9,,DEM,Over Votes,0,0,0,0
San Jacinto,4,Proposition #10,,DEM,Yes,8,2,1,11
San Jacinto,4,Proposition #10,,DEM,No,0,0,1,1
San Jacinto,4,Proposition #10,,DEM,Cast Votes:,8,2,2,12
San Jacinto,4,Proposition #10,,DEM,Under Votes,0,1,0,1
San Jacinto,4,Proposition #10,,DEM,Over Votes,0,0,0,0
San Jacinto,4,Proposition #11,,DEM,Yes,8,1,1,10
San Jacinto,4,Proposition #11,,DEM,No,0,1,1,2
San Jacinto,4,Proposition #11,,DEM,Cast Votes:,8,2,2,12
San Jacinto,4,Proposition #11,,DEM,Under Votes,0,1,0,1
San Jacinto,4,Proposition #11,,DEM,Over Votes,0,0,0,0
San Jacinto,4,Proposition 1,,REP,Yes,98,3,100,201
San Jacinto,4,Proposition 1,,REP,No,13,1,18,32
San Jacinto,4,Proposition 1,,REP,Cast Votes:,111,4,118,233
San Jacinto,4,Proposition 1,,REP,Under Votes,2,0,5,7
San Jacinto,4,Proposition 1,,REP,Over Votes,0,0,0,0
San Jacinto,4,Proposition 2,,REP,Yes,97,3,103,203
San Jacinto,4,Proposition 2,,REP,No,16,1,12,29
San Jacinto,4,Proposition 2,,REP,Cast Votes:,113,4,115,232
San Jacinto,4,Proposition 2,,REP,Under Votes,0,0,8,8
San Jacinto,4,Proposition 2,,REP,Over Votes,0,0,0,0
San Jacinto,4,Proposition 3,,REP,Yes,105,4,109,218
San Jacinto,4,Proposition 3,,REP,No,6,0,6,12
San Jacinto,4,Proposition 3,,REP,Cast Votes:,111,4,115,230
San Jacinto,4,Proposition 3,,REP,Under Votes,2,0,8,10
San Jacinto,4,Proposition 3,,REP,Over Votes,0,0,0,0
San Jacinto,4,Proposition 4,,REP,Yes,109,4,107,220
San Jacinto,4,Proposition 4,,REP,No,2,0,6,8
San Jacinto,4,Proposition 4,,REP,Cast Votes:,111,4,113,228
San Jacinto,4,Proposition 4,,REP,Under Votes,2,0,10,12
San Jacinto,4,Proposition 4,,REP,Over Votes,0,0,0,0
San Jacinto,4,Proposition 5,,REP,Yes,104,4,111,219
San Jacinto,4,Proposition 5,,REP,No,6,0,5,11
San Jacinto,4,Proposition 5,,REP,Cast Votes:,110,4,116,230
San Jacinto,4,Proposition 5,,REP,Under Votes,3,0,7,10
San Jacinto,4,Proposition 5,,REP,Over Votes,0,0,0,0
San Jacinto,4,Proposition 6,,REP,Yes,107,4,106,217
San Jacinto,4,Proposition 6,,REP,No,5,0,6,11
San Jacinto,4,Proposition 6,,REP,Cast Votes:,112,4,112,228
San Jacinto,4,Proposition 6,,REP,Under Votes,1,0,11,12
San Jacinto,4,Proposition 6,,REP,Over Votes,0,0,0,0
San Jacinto,4,Proposition 7,,REP,Yes,113,4,114,231
San Jacinto,4,Proposition 7,,REP,No,0,0,4,4
San Jacinto,4,Proposition 7,,REP,Cast Votes:,113,4,118,235
San Jacinto,4,Proposition 7,,REP,Under Votes,0,0,5,5
San Jacinto,4,Proposition 7,,REP,Over Votes,0,0,0,0
San Jacinto,4,Proposition 8,,REP,Yes,110,4,115,229
San Jacinto,4,Proposition 8,,REP,No,2,0,0,2
San Jacinto,4,Proposition 8,,REP,Cast Votes:,112,4,115,231
San Jacinto,4,Proposition 8,,REP,Under Votes,1,0,8,9
San Jacinto,4,Proposition 8,,REP,Over Votes,0,0,0,0
San Jacinto,4,Proposition 9,,REP,Yes,110,4,112,226
San Jacinto,4,Proposition 9,,REP,No,3,0,4,7
San Jacinto,4,Proposition 9,,REP,Cast Votes:,113,4,116,233
San Jacinto,4,Proposition 9,,REP,Under Votes,0,0,7,7
San Jacinto,4,Proposition 9,,REP,Over Votes,0,0,0,0
San Jacinto,4,Proposition 10,,REP,Yes,100,4,101,205
San Jacinto,4,Proposition 10,,REP,No,12,0,9,21
San Jacinto,4,Proposition 10,,REP,Cast Votes:,112,4,110,226
San Jacinto,4,Proposition 10,,REP,Under Votes,1,0,13,14
San Jacinto,4,Proposition 10,,REP,Over Votes,0,0,0,0
San Jacinto,5,President,,DEM,Andrew Yang,0,0,0,0
San Jacinto,5,President,,DEM,John K. Delaney,0,0,0,0
San Jacinto,5,President,,DEM,Robby Wells,0,0,0,0
San Jacinto,5,President,,DEM,Joseph R. Biden,16,1,4,21
San Jacinto,5,President,,DEM,"Roque ""Rocky"" De La Fuente",0,0,0,0
San Jacinto,5,President,,DEM,Marianne Williamson,0,0,0,0
San Jacinto,5,President,,DEM,Deval Patrick,0,0,0,0
San Jacinto,5,President,,DEM,Elizabeth Warren,5,0,1,6
San Jacinto,5,President,,DEM,Tulsi Gabbard,0,0,0,0
San Jacinto,5,President,,DEM,Julián Castro,0,0,0,0
San Jacinto,5,President,,DEM,Pete Buttigieg,0,0,0,0
San Jacinto,5,President,,DEM,Bernie Sanders,11,1,3,15
San Jacinto,5,President,,DEM,Tom Steyer,0,0,2,2
San Jacinto,5,President,,DEM,Michael Bennet,0,0,0,0
San Jacinto,5,President,,DEM,Michael R. Bloomberg,4,4,0,8
San Jacinto,5,President,,DEM,Cory Booker,0,0,0,0
San Jacinto,5,President,,DEM,Amy Klobuchar,0,1,0,1
San Jacinto,5,Ballots Cast,,DEM,,36,7,10,53
San Jacinto,5,President,,DEM,Under Votes,1,0,0,1
San Jacinto,5,President,,DEM,Over Votes,0,0,0,0
San Jacinto,5,U.S. Senate,,DEM,Michael Cooper,8,1,1,10
San Jacinto,5,U.S. Senate,,DEM,Cristina Tzintzun Ramirez,3,0,0,3
San Jacinto,5,U.S. Senate,,DEM,Adrian Ocegueda,0,0,0,0
San Jacinto,5,U.S. Senate,,DEM,Jack Daniel Foster Jr,1,0,0,1
San Jacinto,5,U.S. Senate,,DEM,Chris Bell,8,0,2,10
San Jacinto,5,U.S. Senate,,DEM,"Mary ""MJ"" Hegar",5,3,5,13
San Jacinto,5,U.S. Senate,,DEM,"Annie ""Mamá"" Garcia",5,0,0,5
San Jacinto,5,U.S. Senate,,DEM,Sema Hernandez,2,0,0,2
San Jacinto,5,U.S. Senate,,DEM,Victor Hugo Harris,1,0,0,1
San Jacinto,5,U.S. Senate,,DEM,Royce West,0,1,0,1
San Jacinto,5,U.S. Senate,,DEM,Amanda K. Edwards,0,0,1,1
San Jacinto,5,U.S. Senate,,DEM,D.R. Hunter,0,0,0,0
San Jacinto,5,U.S. Senate,,DEM,Cast Votes:,33,5,9,47
San Jacinto,5,U.S. Senate,,DEM,Under Votes,4,2,1,7
San Jacinto,5,U.S. Senate,,DEM,Over Votes,0,0,0,0
San Jacinto,5,U.S. House,8,DEM,Laura Jones,16,3,6,25
San Jacinto,5,U.S. House,8,DEM,Elizabeth Hernandez,13,2,3,18
San Jacinto,5,U.S. House,8,DEM,Cast Votes:,29,5,9,43
San Jacinto,5,U.S. House,8,DEM,Under Votes,8,2,1,11
San Jacinto,5,U.S. House,8,DEM,Over Votes,0,0,0,0
San Jacinto,5,Railroad Commissioner,,DEM,"Roberto R. ""Beto"" Alonzo",7,1,2,10
San Jacinto,5,Railroad Commissioner,,DEM,Chrysta Castañeda,3,0,2,5
San Jacinto,5,Railroad Commissioner,,DEM,Kelly Stone,10,1,3,14
San Jacinto,5,Railroad Commissioner,,DEM,Mark Watson,11,2,2,15
San Jacinto,5,Railroad Commissioner,,DEM,Cast Votes:,31,4,9,44
San Jacinto,5,Railroad Commissioner,,DEM,Under Votes,6,3,1,10
San Jacinto,5,Railroad Commissioner,,DEM,Over Votes,0,0,0,0
San Jacinto,5,"Chief Justice, Supreme Court",,DEM,Jerry Zimmerer,6,3,3,12
San Jacinto,5,"Chief Justice, Supreme Court",,DEM,Amy Clark Meachum,26,1,6,33
San Jacinto,5,"Chief Justice, Supreme Court",,DEM,Cast Votes:,32,4,9,45
San Jacinto,5,"Chief Justice, Supreme Court",,DEM,Under Votes,5,3,1,9
San Jacinto,5,"Chief Justice, Supreme Court",,DEM,Over Votes,0,0,0,0
San Jacinto,5,"Justice, Supreme Court, Place 6 Unexpired Term",,DEM,Kathy Cheng,16,1,7,24
San Jacinto,5,"Justice, Supreme Court, Place 6 Unexpired Term",,DEM,Larry Praeger,13,3,2,18
San Jacinto,5,"Justice, Supreme Court, Place 6 Unexpired Term",,DEM,Cast Votes:,29,4,9,42
San Jacinto,5,"Justice, Supreme Court, Place 6 Unexpired Term",,DEM,Under Votes,8,3,1,12
San Jacinto,5,"Justice, Supreme Court, Place 6 Unexpired Term",,DEM,Over Votes,0,0,0,0
San Jacinto,5,"Justice, Supreme Court, Place 7",,DEM,Brandy Voss,13,1,6,20
San Jacinto,5,"Justice, Supreme Court, Place 7",,DEM,Staci Williams,17,3,3,23
San Jacinto,5,"Justice, Supreme Court, Place 7",,DEM,Cast Votes:,30,4,9,43
San Jacinto,5,"Justice, Supreme Court, Place 7",,DEM,Under Votes,7,3,1,11
San Jacinto,5,"Justice, Supreme Court, Place 7",,DEM,Over Votes,0,0,0,0
San Jacinto,5,"Justice, Supreme Court, Place 8",,DEM,Gisela D. Triana,17,0,4,21
San Jacinto,5,"Justice, Supreme Court, Place 8",,DEM,Peter Kelly,13,4,5,22
San Jacinto,5,"Justice, Supreme Court, Place 8",,DEM,Cast Votes:,30,4,9,43
San Jacinto,5,"Justice, Supreme Court, Place 8",,DEM,Under Votes,7,3,1,11
San Jacinto,5,"Justice, Supreme Court, Place 8",,DEM,Over Votes,0,0,0,0
San Jacinto,5,"Judge, Court of Criminal Appeals, Place 3",,DEM,Dan Wood,7,2,2,11
San Jacinto,5,"Judge, Court of Criminal Appeals, Place 3",,DEM,William Pieratt Demond,4,1,0,5
San Jacinto,5,"Judge, Court of Criminal Appeals, Place 3",,DEM,Elizabeth Davis Frizell,20,1,7,28
San Jacinto,5,"Judge, Court of Criminal Appeals, Place 3",,DEM,Cast Votes:,31,4,9,44
San Jacinto,5,"Judge, Court of Criminal Appeals, Place 3",,DEM,Under Votes,6,3,1,10
San Jacinto,5,"Judge, Court of Criminal Appeals, Place 3",,DEM,Over Votes,0,0,0,0
San Jacinto,5,"Judge, Court of Criminal Appeals, Place 4",,DEM,Steven Miears,6,2,2,10
San Jacinto,5,"Judge, Court of Criminal Appeals, Place 4",,DEM,Tina Clinton,24,2,7,33
San Jacinto,5,"Judge, Court of Criminal Appeals, Place 4",,DEM,Cast Votes:,30,4,9,43
San Jacinto,5,"Judge, Court of Criminal Appeals, Place 4",,DEM,Under Votes,7,3,1,11
San Jacinto,5,"Judge, Court of Criminal Appeals, Place 4",,DEM,Over Votes,0,0,0,0
San Jacinto,5,"Judge, Court of Criminal Appeals, Place 9",,DEM,Brandon Birmingham,28,5,7,40
San Jacinto,5,"Judge, Court of Criminal Appeals, Place 9",,DEM,Cast Votes:,28,5,7,40
San Jacinto,5,"Judge, Court of Criminal Appeals, Place 9",,DEM,Under Votes,9,2,3,14
San Jacinto,5,"Judge, Court of Criminal Appeals, Place 9",,DEM,Over Votes,0,0,0,0
San Jacinto,5,San Jacinto County Chairman,,DEM,Jacqueline Mier,30,5,8,43
San Jacinto,5,San Jacinto County Chairman,,DEM,Cast Votes:,30,5,8,43
San Jacinto,5,San Jacinto County Chairman,,DEM,Under Votes,7,2,2,11
San Jacinto,5,San Jacinto County Chairman,,DEM,Over Votes,0,0,0,0
San Jacinto,5,President,,REP,"Roque ""Rocky"" De La Fuente Guerra",0,0,0,0
San Jacinto,5,President,,REP,Donald J. Trump,267,19,159,445
San Jacinto,5,President,,REP,Bill Weld,1,0,0,1
San Jacinto,5,President,,REP,Zoltan G. Istvan,0,0,0,0
San Jacinto,5,President,,REP,Matthew John Matern,1,0,0,1
San Jacinto,5,President,,REP,Bob Ely,0,0,0,0
San Jacinto,5,President,,REP,Joe Walsh,0,0,0,0
San Jacinto,5,President,,REP,Uncommitted,4,0,3,7
San Jacinto,5,Ballots Cast,,REP,,273,19,162,454
San Jacinto,5,President,,REP,Under Votes,1,0,2,3
San Jacinto,5,President,,REP,Over Votes,0,0,0,0
San Jacinto,5,U.S. Senate,,REP,John Cornyn,174,17,107,298
San Jacinto,5,U.S. Senate,,REP,John Anthony Castro,8,0,4,12
San Jacinto,5,U.S. Senate,,REP,Dwayne Stovall,56,2,38,96
San Jacinto,5,U.S. Senate,,REP,Mark Yancey,16,0,6,22
San Jacinto,5,U.S. Senate,,REP,Virgil Bierschwale,4,0,1,5
San Jacinto,5,U.S. Senate,,REP,Cast Votes:,258,19,156,433
San Jacinto,5,U.S. Senate,,REP,Under Votes,16,0,8,24
San Jacinto,5,U.S. Senate,,REP,Over Votes,0,0,0,0
San Jacinto,5,U.S. House,8,REP,Kirk Osborn,37,2,25,64
San Jacinto,5,U.S. House,8,REP,Melissa Esparza-Mathis,10,0,2,12
San Jacinto,5,U.S. House,8,REP,Kevin Brady,217,16,132,365
San Jacinto,5,U.S. House,8,REP,Cast Votes:,264,18,159,441
San Jacinto,5,U.S. House,8,REP,Under Votes,10,0,5,15
San Jacinto,5,U.S. House,8,REP,Over Votes,0,1,0,1
San Jacinto,5,Railroad Commissioner,,REP,"James ""Jim"" Wright",167,10,89,266
San Jacinto,5,Railroad Commissioner,,REP,Ryan Sitton,80,9,65,154
San Jacinto,5,Railroad Commissioner,,REP,Cast Votes:,247,19,154,420
San Jacinto,5,Railroad Commissioner,,REP,Under Votes,27,0,10,37
San Jacinto,5,Railroad Commissioner,,REP,Over Votes,0,0,0,0
San Jacinto,5,"Chief Justice, Supreme Court",,REP,Nathan Hecht,223,19,147,389
San Jacinto,5,"Chief Justice, Supreme Court",,REP,Cast Votes:,223,19,147,389
San Jacinto,5,"Chief Justice, Supreme Court",,REP,Under Votes,51,0,17,68
San Jacinto,5,"Chief Justice, Supreme Court",,REP,Over Votes,0,0,0,0
San Jacinto,5,"Justice, Supreme Court, Place 6 Unexpired Term",,REP,Jane Bland,219,19,143,381
San Jacinto,5,"Justice, Supreme Court, Place 6 Unexpired Term",,REP,Cast Votes:,219,19,143,381
San Jacinto,5,"Justice, Supreme Court, Place 6 Unexpired Term",,REP,Under Votes,55,0,21,76
San Jacinto,5,"Justice, Supreme Court, Place 6 Unexpired Term",,REP,Over Votes,0,0,0,0
San Jacinto,5,"Justice, Supreme Court, Place 7",,REP,Jeff Boyd,226,19,144,389
San Jacinto,5,"Justice, Supreme Court, Place 7",,REP,Cast Votes:,226,19,144,389
San Jacinto,5,"Justice, Supreme Court, Place 7",,REP,Under Votes,48,0,20,68
San Jacinto,5,"Justice, Supreme Court, Place 7",,REP,Over Votes,0,0,0,0
San Jacinto,5,"Justice, Supreme Court, Place 8",,REP,Brett Busby,221,19,142,382
San Jacinto,5,"Justice, Supreme Court, Place 8",,REP,Cast Votes:,221,19,142,382
San Jacinto,5,"Justice, Supreme Court, Place 8",,REP,Under Votes,53,0,22,75
San Jacinto,5,"Justice, Supreme Court, Place 8",,REP,Over Votes,0,0,0,0
San Jacinto,5,"Judge, Court of Criminal Appeals, Place 3",,REP,Gina Parker,121,7,62,190
San Jacinto,5,"Judge, Court of Criminal Appeals, Place 3",,REP,Bert Richardson,110,12,81,203
San Jacinto,5,"Judge, Court of Criminal Appeals, Place 3",,REP,Cast Votes:,231,19,143,393
San Jacinto,5,"Judge, Court of Criminal Appeals, Place 3",,REP,Under Votes,43,0,21,64
San Jacinto,5,"Judge, Court of Criminal Appeals, Place 3",,REP,Over Votes,0,0,0,0
San Jacinto,5,"Judge, Court of Criminal Appeals, Place 4",,REP,Kevin Patrick Yeary,216,19,146,381
San Jacinto,5,"Judge, Court of Criminal Appeals, Place 4",,REP,Cast Votes:,216,19,146,381
San Jacinto,5,"Judge, Court of Criminal Appeals, Place 4",,REP,Under Votes,58,0,18,76
San Jacinto,5,"Judge, Court of Criminal Appeals, Place 4",,REP,Over Votes,0,0,0,0
San Jacinto,5,"Judge, Court of Criminal Appeals, Place 9",,REP,David Newell,219,19,145,383
San Jacinto,5,"Judge, Court of Criminal Appeals, Place 9",,REP,Cast Votes:,219,19,145,383
San Jacinto,5,"Judge, Court of Criminal Appeals, Place 9",,REP,Under Votes,55,0,19,74
San Jacinto,5,"Judge, Court of Criminal Appeals, Place 9",,REP,Over Votes,0,0,0,0
San Jacinto,5,"Member, State Board of Education, District 8",,REP,Audrey Young,216,19,146,381
San Jacinto,5,"Member, State Board of Education, District 8",,REP,Cast Votes:,216,19,146,381
San Jacinto,5,"Member, State Board of Education, District 8",,REP,Under Votes,58,0,18,76
San Jacinto,5,"Member, State Board of Education, District 8",,REP,Over Votes,0,0,0,0
San Jacinto,5,State Representative,18,REP,Ernest Bailes,241,19,147,407
San Jacinto,5,State Representative,18,REP,Cast Votes:,241,19,147,407
San Jacinto,5,State Representative,18,REP,Under Votes,33,0,17,50
San Jacinto,5,State Representative,18,REP,Over Votes,0,0,0,0
San Jacinto,5,"Chief Justice, 9th Court of Appeals District",,REP,"Chuck ""Charles B"" Meyer",68,6,37,111
San Jacinto,5,"Chief Justice, 9th Court of Appeals District",,REP,Jay Wright,59,6,42,107
San Jacinto,5,"Chief Justice, 9th Court of Appeals District",,REP,Jarrod Lee Walker,36,4,11,51
San Jacinto,5,"Chief Justice, 9th Court of Appeals District",,REP,Colleen Cordts Rice,31,1,18,50
San Jacinto,5,"Chief Justice, 9th Court of Appeals District",,REP,Scott Golemon,37,2,32,71
San Jacinto,5,"Chief Justice, 9th Court of Appeals District",,REP,Cast Votes:,231,19,140,390
San Jacinto,5,"Chief Justice, 9th Court of Appeals District",,REP,Under Votes,43,0,24,67
San Jacinto,5,"Chief Justice, 9th Court of Appeals District",,REP,Over Votes,0,0,0,0
San Jacinto,5,"District Judge, 411th Judicial District",,REP,Kaycee L. Jones,91,9,47,147
San Jacinto,5,"District Judge, 411th Judicial District",,REP,John Wells,148,10,102,260
San Jacinto,5,"District Judge, 411th Judicial District",,REP,Cast Votes:,239,19,149,407
San Jacinto,5,"District Judge, 411th Judicial District",,REP,Under Votes,35,0,15,50
San Jacinto,5,"District Judge, 411th Judicial District",,REP,Over Votes,0,0,0,0
San Jacinto,5,Sheriff,,REP,Greg Capers,163,17,104,284
San Jacinto,5,Sheriff,,REP,Mike Flynt,95,2,56,153
San Jacinto,5,Sheriff,,REP,Cast Votes:,258,19,160,437
San Jacinto,5,Sheriff,,REP,Under Votes,16,0,4,20
San Jacinto,5,Sheriff,,REP,Over Votes,0,0,0,0
San Jacinto,5,County Tax Assessor-Collector,,REP,Betty Davis,236,19,144,399
San Jacinto,5,County Tax Assessor-Collector,,REP,Cast Votes:,236,19,144,399
San Jacinto,5,County Tax Assessor-Collector,,REP,Under Votes,38,0,20,58
San Jacinto,5,County Tax Assessor-Collector,,REP,Over Votes,0,0,0,0
San Jacinto,5,"County Commissioner, Precinct 3",,REP,David Brandon,166,15,104,285
San Jacinto,5,"County Commissioner, Precinct 3",,REP,James D Blair,86,2,46,134
San Jacinto,5,"County Commissioner, Precinct 3",,REP,Cast Votes:,252,17,150,419
San Jacinto,5,"County Commissioner, Precinct 3",,REP,Under Votes,22,2,14,38
San Jacinto,5,"County Commissioner, Precinct 3",,REP,Over Votes,0,0,0,0
San Jacinto,5,"Constable, Precinct 3",,REP,Sam Houston,250,18,146,414
San Jacinto,5,"Constable, Precinct 3",,REP,Cast Votes:,250,18,146,414
San Jacinto,5,"Constable, Precinct 3",,REP,Under Votes,24,1,18,43
San Jacinto,5,"Constable, Precinct 3",,REP,Over Votes,0,0,0,0
San Jacinto,5,San Jacinto County Chairman,,REP,Dwayne Wright,233,19,148,400
San Jacinto,5,San Jacinto County Chairman,,REP,Cast Votes:,233,19,148,400
San Jacinto,5,San Jacinto County Chairman,,REP,Under Votes,41,0,16,57
San Jacinto,5,San Jacinto County Chairman,,REP,Over Votes,0,0,0,0
San Jacinto,5,Proposition #1,,DEM,Yes,32,6,10,48
San Jacinto,5,Proposition #1,,DEM,No,4,0,0,4
San Jacinto,5,Proposition #1,,DEM,Cast Votes:,36,6,10,52
San Jacinto,5,Proposition #1,,DEM,Under Votes,1,1,0,2
San Jacinto,5,Proposition #1,,DEM,Over Votes,0,0,0,0
San Jacinto,5,Proposition #2,,DEM,Yes,33,6,10,49
San Jacinto,5,Proposition #2,,DEM,No,3,0,0,3
San Jacinto,5,Proposition #2,,DEM,Cast Votes:,36,6,10,52
San Jacinto,5,Proposition #2,,DEM,Under Votes,1,1,0,2
San Jacinto,5,Proposition #2,,DEM,Over Votes,0,0,0,0
San Jacinto,5,Proposition #3,,DEM,Yes,32,6,10,48
San Jacinto,5,Proposition #3,,DEM,No,4,0,0,4
San Jacinto,5,Proposition #3,,DEM,Cast Votes:,36,6,10,52
San Jacinto,5,Proposition #3,,DEM,Under Votes,1,1,0,2
San Jacinto,5,Proposition #3,,DEM,Over Votes,0,0,0,0
San Jacinto,5,Proposition #4,,DEM,Yes,29,6,10,45
San Jacinto,5,Proposition #4,,DEM,No,3,0,0,3
San Jacinto,5,Proposition #4,,DEM,Cast Votes:,32,6,10,48
San Jacinto,5,Proposition #4,,DEM,Under Votes,5,1,0,6
San Jacinto,5,Proposition #4,,DEM,Over Votes,0,0,0,0
San Jacinto,5,Proposition #5,,DEM,Yes,33,6,9,48
San Jacinto,5,Proposition #5,,DEM,No,3,0,0,3
San Jacinto,5,Proposition #5,,DEM,Cast Votes:,36,6,9,51
San Jacinto,5,Proposition #5,,DEM,Under Votes,1,1,1,3
San Jacinto,5,Proposition #5,,DEM,Over Votes,0,0,0,0
San Jacinto,5,Proposition #6,,DEM,Yes,33,6,9,48
San Jacinto,5,Proposition #6,,DEM,No,3,0,1,4
San Jacinto,5,Proposition #6,,DEM,Cast Votes:,36,6,10,52
San Jacinto,5,Proposition #6,,DEM,Under Votes,1,1,0,2
San Jacinto,5,Proposition #6,,DEM,Over Votes,0,0,0,0
San Jacinto,5,Proposition #7,,DEM,Yes,32,6,10,48
San Jacinto,5,Proposition #7,,DEM,No,4,0,0,4
San Jacinto,5,Proposition #7,,DEM,Cast Votes:,36,6,10,52
San Jacinto,5,Proposition #7,,DEM,Under Votes,1,1,0,2
San Jacinto,5,Proposition #7,,DEM,Over Votes,0,0,0,0
San Jacinto,5,Proposition #8,,DEM,Yes,30,6,10,46
San Jacinto,5,Proposition #8,,DEM,No,4,0,0,4
San Jacinto,5,Proposition #8,,DEM,Cast Votes:,34,6,10,50
San Jacinto,5,Proposition #8,,DEM,Under Votes,3,1,0,4
San Jacinto,5,Proposition #8,,DEM,Over Votes,0,0,0,0
San Jacinto,5,Proposition #9,,DEM,Yes,31,6,9,46
San Jacinto,5,Proposition #9,,DEM,No,2,0,1,3
San Jacinto,5,Proposition #9,,DEM,Cast Votes:,33,6,10,49
San Jacinto,5,Proposition #9,,DEM,Under Votes,4,1,0,5
San Jacinto,5,Proposition #9,,DEM,Over Votes,0,0,0,0
San Jacinto,5,Proposition #10,,DEM,Yes,31,5,9,45
San Jacinto,5,Proposition #10,,DEM,No,4,1,1,6
San Jacinto,5,Proposition #10,,DEM,Cast Votes:,35,6,10,51
San Jacinto,5,Proposition #10,,DEM,Under Votes,2,1,0,3
San Jacinto,5,Proposition #10,,DEM,Over Votes,0,0,0,0
San Jacinto,5,Proposition #11,,DEM,Yes,30,6,8,44
San Jacinto,5,Proposition #11,,DEM,No,5,0,1,6
San Jacinto,5,Proposition #11,,DEM,Cast Votes:,35,6,9,50
San Jacinto,5,Proposition #11,,DEM,Under Votes,2,1,1,4
San Jacinto,5,Proposition #11,,DEM,Over Votes,0,0,0,0
San Jacinto,5,Proposition 1,,REP,Yes,232,18,147,397
San Jacinto,5,Proposition 1,,REP,No,33,1,14,48
San Jacinto,5,Proposition 1,,REP,Cast Votes:,265,19,161,445
San Jacinto,5,Proposition 1,,REP,Under Votes,9,0,3,12
San Jacinto,5,Proposition 1,,REP,Over Votes,0,0,0,0
San Jacinto,5,Proposition 2,,REP,Yes,236,18,152,406
San Jacinto,5,Proposition 2,,REP,No,31,1,11,43
San Jacinto,5,Proposition 2,,REP,Cast Votes:,267,19,163,449
San Jacinto,5,Proposition 2,,REP,Under Votes,7,0,1,8
San Jacinto,5,Proposition 2,,REP,Over Votes,0,0,0,0
San Jacinto,5,Proposition 3,,REP,Yes,253,19,151,423
San Jacinto,5,Proposition 3,,REP,No,13,0,7,20
San Jacinto,5,Proposition 3,,REP,Cast Votes:,266,19,158,443
San Jacinto,5,Proposition 3,,REP,Under Votes,8,0,6,14
San Jacinto,5,Proposition 3,,REP,Over Votes,0,0,0,0
San Jacinto,5,Proposition 4,,REP,Yes,261,19,158,438
San Jacinto,5,Proposition 4,,REP,No,4,0,2,6
San Jacinto,5,Proposition 4,,REP,Cast Votes:,265,19,160,444
San Jacinto,5,Proposition 4,,REP,Under Votes,9,0,4,13
San Jacinto,5,Proposition 4,,REP,Over Votes,0,0,0,0
San Jacinto,5,Proposition 5,,REP,Yes,251,17,152,420
San Jacinto,5,Proposition 5,,REP,No,11,1,7,19
San Jacinto,5,Proposition 5,,REP,Cast Votes:,262,18,159,439
San Jacinto,5,Proposition 5,,REP,Under Votes,12,0,5,17
San Jacinto,5,Proposition 5,,REP,Over Votes,0,1,0,1
San Jacinto,5,Proposition 6,,REP,Yes,246,19,155,420
San Jacinto,5,Proposition 6,,REP,No,21,0,4,25
San Jacinto,5,Proposition 6,,REP,Cast Votes:,267,19,159,445
San Jacinto,5,Proposition 6,,REP,Under Votes,7,0,5,12
San Jacinto,5,Proposition 6,,REP,Over Votes,0,0,0,0
San Jacinto,5,Proposition 7,,REP,Yes,267,19,157,443
San Jacinto,5,Proposition 7,,REP,No,3,0,2,5
San Jacinto,5,Proposition 7,,REP,Cast Votes:,270,19,159,448
San Jacinto,5,Proposition 7,,REP,Under Votes,4,0,5,9
San Jacinto,5,Proposition 7,,REP,Over Votes,0,0,0,0
San Jacinto,5,Proposition 8,,REP,Yes,265,19,159,443
San Jacinto,5,Proposition 8,,REP,No,2,0,1,3
San Jacinto,5,Proposition 8,,REP,Cast Votes:,267,19,160,446
San Jacinto,5,Proposition 8,,REP,Under Votes,7,0,4,11
San Jacinto,5,Proposition 8,,REP,Over Votes,0,0,0,0
San Jacinto,5,Proposition 9,,REP,Yes,255,19,151,425
San Jacinto,5,Proposition 9,,REP,No,12,0,10,22
San Jacinto,5,Proposition 9,,REP,Cast Votes:,267,19,161,447
San Jacinto,5,Proposition 9,,REP,Under Votes,7,0,3,10
San Jacinto,5,Proposition 9,,REP,Over Votes,0,0,0,0
San Jacinto,5,Proposition 10,,REP,Yes,251,19,147,417
San Jacinto,5,Proposition 10,,REP,No,13,0,10,23
San Jacinto,5,Proposition 10,,REP,Cast Votes:,264,19,157,440
San Jacinto,5,Proposition 10,,REP,Under Votes,10,0,7,17
San Jacinto,5,Proposition 10,,REP,Over Votes,0,0,0,0
San Jacinto,6,President,,DEM,Andrew Yang,0,0,0,0
San Jacinto,6,President,,DEM,John K. Delaney,0,0,0,0
San Jacinto,6,President,,DEM,Robby Wells,0,0,0,0
San Jacinto,6,President,,DEM,Joseph R. Biden,40,3,16,59
San Jacinto,6,President,,DEM,"Roque ""Rocky"" De La Fuente",0,0,0,0
San Jacinto,6,President,,DEM,Marianne Williamson,0,0,0,0
San Jacinto,6,President,,DEM,Deval Patrick,0,0,0,0
San Jacinto,6,President,,DEM,Elizabeth Warren,3,0,3,6
San Jacinto,6,President,,DEM,Tulsi Gabbard,0,0,1,1
San Jacinto,6,President,,DEM,Julián Castro,0,0,0,0
San Jacinto,6,President,,DEM,Pete Buttigieg,0,0,2,2
San Jacinto,6,President,,DEM,Bernie Sanders,13,0,6,19
San Jacinto,6,President,,DEM,Tom Steyer,0,0,0,0
San Jacinto,6,President,,DEM,Michael Bennet,0,0,0,0
San Jacinto,6,President,,DEM,Michael R. Bloomberg,5,2,10,17
San Jacinto,6,President,,DEM,Cory Booker,0,0,0,0
San Jacinto,6,President,,DEM,Amy Klobuchar,0,0,3,3
San Jacinto,6,Ballots Cast,,DEM,,61,5,41,107
San Jacinto,6,President,,DEM,Under Votes,1,0,1,2
San Jacinto,6,President,,DEM,Over Votes,0,0,0,0
San Jacinto,6,U.S. Senate,,DEM,Michael Cooper,4,0,3,7
San Jacinto,6,U.S. Senate,,DEM,Cristina Tzintzun Ramirez,8,0,2,10
San Jacinto,6,U.S. Senate,,DEM,Adrian Ocegueda,0,0,0,0
San Jacinto,6,U.S. Senate,,DEM,Jack Daniel Foster Jr,0,0,0,0
San Jacinto,6,U.S. Senate,,DEM,Chris Bell,17,1,11,29
San Jacinto,6,U.S. Senate,,DEM,"Mary ""MJ"" Hegar",13,2,12,27
San Jacinto,6,U.S. Senate,,DEM,"Annie ""Mamá"" Garcia",3,0,3,6
San Jacinto,6,U.S. Senate,,DEM,Sema Hernandez,3,0,3,6
San Jacinto,6,U.S. Senate,,DEM,Victor Hugo Harris,0,0,0,0
San Jacinto,6,U.S. Senate,,DEM,Royce West,2,0,2,4
San Jacinto,6,U.S. Senate,,DEM,Amanda K. Edwards,1,0,4,5
San Jacinto,6,U.S. Senate,,DEM,D.R. Hunter,0,0,0,0
San Jacinto,6,U.S. Senate,,DEM,Cast Votes:,51,3,40,94
San Jacinto,6,U.S. Senate,,DEM,Under Votes,11,2,2,15
San Jacinto,6,U.S. Senate,,DEM,Over Votes,0,0,0,0
San Jacinto,6,U.S. House,8,DEM,Laura Jones,27,3,20,50
San Jacinto,6,U.S. House,8,DEM,Elizabeth Hernandez,21,0,17,38
San Jacinto,6,U.S. House,8,DEM,Cast Votes:,48,3,37,88
San Jacinto,6,U.S. House,8,DEM,Under Votes,14,2,5,21
San Jacinto,6,U.S. House,8,DEM,Over Votes,0,0,0,0
San Jacinto,6,Railroad Commissioner,,DEM,"Roberto R. ""Beto"" Alonzo",12,0,13,25
San Jacinto,6,Railroad Commissioner,,DEM,Chrysta Castañeda,10,0,5,15
San Jacinto,6,Railroad Commissioner,,DEM,Kelly Stone,20,1,13,34
San Jacinto,6,Railroad Commissioner,,DEM,Mark Watson,8,2,7,17
San Jacinto,6,Railroad Commissioner,,DEM,Cast Votes:,50,3,38,91
San Jacinto,6,Railroad Commissioner,,DEM,Under Votes,12,2,4,18
San Jacinto,6,Railroad Commissioner,,DEM,Over Votes,0,0,0,0
San Jacinto,6,"Chief Justice, Supreme Court",,DEM,Jerry Zimmerer,12,0,9,21
San Jacinto,6,"Chief Justice, Supreme Court",,DEM,Amy Clark Meachum,37,3,29,69
San Jacinto,6,"Chief Justice, Supreme Court",,DEM,Cast Votes:,49,3,38,90
San Jacinto,6,"Chief Justice, Supreme Court",,DEM,Under Votes,13,2,4,19
San Jacinto,6,"Chief Justice, Supreme Court",,DEM,Over Votes,0,0,0,0
San Jacinto,6,"Justice, Supreme Court, Place 6 Unexpired Term",,DEM,Kathy Cheng,33,1,33,67
San Jacinto,6,"Justice, Supreme Court, Place 6 Unexpired Term",,DEM,Larry Praeger,17,2,5,24
San Jacinto,6,"Justice, Supreme Court, Place 6 Unexpired Term",,DEM,Cast Votes:,50,3,38,91
San Jacinto,6,"Justice, Supreme Court, Place 6 Unexpired Term",,DEM,Under Votes,12,2,4,18
San Jacinto,6,"Justice, Supreme Court, Place 6 Unexpired Term",,DEM,Over Votes,0,0,0,0
San Jacinto,6,"Justice, Supreme Court, Place 7",,DEM,Brandy Voss,17,1,13,31
San Jacinto,6,"Justice, Supreme Court, Place 7",,DEM,Staci Williams,28,2,25,55
San Jacinto,6,"Justice, Supreme Court, Place 7",,DEM,Cast Votes:,45,3,38,86
San Jacinto,6,"Justice, Supreme Court, Place 7",,DEM,Under Votes,17,2,4,23
San Jacinto,6,"Justice, Supreme Court, Place 7",,DEM,Over Votes,0,0,0,0
San Jacinto,6,"Justice, Supreme Court, Place 8",,DEM,Gisela D. Triana,29,3,20,52
San Jacinto,6,"Justice, Supreme Court, Place 8",,DEM,Peter Kelly,18,0,17,35
San Jacinto,6,"Justice, Supreme Court, Place 8",,DEM,Cast Votes:,47,3,37,87
San Jacinto,6,"Justice, Supreme Court, Place 8",,DEM,Under Votes,15,2,5,22
San Jacinto,6,"Justice, Supreme Court, Place 8",,DEM,Over Votes,0,0,0,0
San Jacinto,6,"Judge, Court of Criminal Appeals, Place 3",,DEM,Dan Wood,10,1,8,19
San Jacinto,6,"Judge, Court of Criminal Appeals, Place 3",,DEM,William Pieratt Demond,2,0,2,4
San Jacinto,6,"Judge, Court of Criminal Appeals, Place 3",,DEM,Elizabeth Davis Frizell,33,2,28,63
San Jacinto,6,"Judge, Court of Criminal Appeals, Place 3",,DEM,Cast Votes:,45,3,38,86
San Jacinto,6,"Judge, Court of Criminal Appeals, Place 3",,DEM,Under Votes,17,2,4,23
San Jacinto,6,"Judge, Court of Criminal Appeals, Place 3",,DEM,Over Votes,0,0,0,0
San Jacinto,6,"Judge, Court of Criminal Appeals, Place 4",,DEM,Steven Miears,11,2,4,17
San Jacinto,6,"Judge, Court of Criminal Appeals, Place 4",,DEM,Tina Clinton,37,1,33,71
San Jacinto,6,"Judge, Court of Criminal Appeals, Place 4",,DEM,Cast Votes:,48,3,37,88
San Jacinto,6,"Judge, Court of Criminal Appeals, Place 4",,DEM,Under Votes,14,2,5,21
San Jacinto,6,"Judge, Court of Criminal Appeals, Place 4",,DEM,Over Votes,0,0,0,0
San Jacinto,6,"Judge, Court of Criminal Appeals, Place 9",,DEM,Brandon Birmingham,44,3,33,80
San Jacinto,6,"Judge, Court of Criminal Appeals, Place 9",,DEM,Cast Votes:,44,3,33,80
San Jacinto,6,"Judge, Court of Criminal Appeals, Place 9",,DEM,Under Votes,18,2,9,29
San Jacinto,6,"Judge, Court of Criminal Appeals, Place 9",,DEM,Over Votes,0,0,0,0
San Jacinto,6,"Constable, Precinct 4",,DEM,Alvin Wyatt,53,5,35,93
San Jacinto,6,"Constable, Precinct 4",,DEM,Cast Votes:,53,5,35,93
San Jacinto,6,"Constable, Precinct 4",,DEM,Under Votes,9,0,7,16
San Jacinto,6,"Constable, Precinct 4",,DEM,Over Votes,0,0,0,0
San Jacinto,6,San Jacinto County Chairman,,DEM,Jacqueline Mier,49,3,34,86
San Jacinto,6,San Jacinto County Chairman,,DEM,Cast Votes:,49,3,34,86
San Jacinto,6,San Jacinto County Chairman,,DEM,Under Votes,13,2,8,23
San Jacinto,6,San Jacinto County Chairman,,DEM,Over Votes,0,0,0,0
San Jacinto,6,President,,REP,"Roque ""Rocky"" De La Fuente Guerra",0,2,0,2
San Jacinto,6,President,,REP,Donald J. Trump,190,22,346,558
San Jacinto,6,President,,REP,Bill Weld,1,0,1,2
San Jacinto,6,President,,REP,Zoltan G. Istvan,0,0,0,0
San Jacinto,6,President,,REP,Matthew John Matern,0,0,0,0
San Jacinto,6,President,,REP,Bob Ely,0,0,0,0
San Jacinto,6,President,,REP,Joe Walsh,4,1,0,5
San Jacinto,6,President,,REP,Uncommitted,4,2,7,13
San Jacinto,6,Ballots Cast,,REP,,199,27,354,580
San Jacinto,6,President,,REP,Under Votes,1,0,2,3
San Jacinto,6,President,,REP,Over Votes,0,0,0,0
San Jacinto,6,U.S. Senate,,REP,John Cornyn,147,23,277,447
San Jacinto,6,U.S. Senate,,REP,John Anthony Castro,7,0,5,12
San Jacinto,6,U.S. Senate,,REP,Dwayne Stovall,17,4,41,62
San Jacinto,6,U.S. Senate,,REP,Mark Yancey,15,0,10,25
San Jacinto,6,U.S. Senate,,REP,Virgil Bierschwale,2,0,4,6
San Jacinto,6,U.S. Senate,,REP,Cast Votes:,188,27,337,552
San Jacinto,6,U.S. Senate,,REP,Under Votes,12,0,19,31
San Jacinto,6,U.S. Senate,,REP,Over Votes,0,0,0,0
San Jacinto,6,U.S. House,8,REP,Kirk Osborn,17,4,27,48
San Jacinto,6,U.S. House,8,REP,Melissa Esparza-Mathis,7,2,6,15
San Jacinto,6,U.S. House,8,REP,Kevin Brady,173,19,310,502
San Jacinto,6,U.S. House,8,REP,Cast Votes:,197,25,343,565
San Jacinto,6,U.S. House,8,REP,Under Votes,3,2,13,18
San Jacinto,6,U.S. House,8,REP,Over Votes,0,0,0,0
San Jacinto,6,Railroad Commissioner,,REP,"James ""Jim"" Wright",102,16,204,322
San Jacinto,6,Railroad Commissioner,,REP,Ryan Sitton,79,7,113,199
San Jacinto,6,Railroad Commissioner,,REP,Cast Votes:,181,23,317,521
San Jacinto,6,Railroad Commissioner,,REP,Under Votes,19,4,39,62
San Jacinto,6,Railroad Commissioner,,REP,Over Votes,0,0,0,0
San Jacinto,6,"Chief Justice, Supreme Court",,REP,Nathan Hecht,170,16,307,493
San Jacinto,6,"Chief Justice, Supreme Court",,REP,Cast Votes:,170,16,307,493
San Jacinto,6,"Chief Justice, Supreme Court",,REP,Under Votes,30,11,49,90
San Jacinto,6,"Chief Justice, Supreme Court",,REP,Over Votes,0,0,0,0
San Jacinto,6,"Justice, Supreme Court, Place 6 Unexpired Term",,REP,Jane Bland,168,16,300,484
San Jacinto,6,"Justice, Supreme Court, Place 6 Unexpired Term",,REP,Cast Votes:,168,16,300,484
San Jacinto,6,"Justice, Supreme Court, Place 6 Unexpired Term",,REP,Under Votes,32,11,56,99
San Jacinto,6,"Justice, Supreme Court, Place 6 Unexpired Term",,REP,Over Votes,0,0,0,0
San Jacinto,6,"Justice, Supreme Court, Place 7",,REP,Jeff Boyd,169,16,302,487
San Jacinto,6,"Justice, Supreme Court, Place 7",,REP,Cast Votes:,169,16,302,487
San Jacinto,6,"Justice, Supreme Court, Place 7",,REP,Under Votes,31,11,54,96
San Jacinto,6,"Justice, Supreme Court, Place 7",,REP,Over Votes,0,0,0,0
San Jacinto,6,"Justice, Supreme Court, Place 8",,REP,Brett Busby,168,16,302,486
San Jacinto,6,"Justice, Supreme Court, Place 8",,REP,Cast Votes:,168,16,302,486
San Jacinto,6,"Justice, Supreme Court, Place 8",,REP,Under Votes,32,11,54,97
San Jacinto,6,"Justice, Supreme Court, Place 8",,REP,Over Votes,0,0,0,0
San Jacinto,6,"Judge, Court of Criminal Appeals, Place 3",,REP,Gina Parker,83,13,154,250
San Jacinto,6,"Judge, Court of Criminal Appeals, Place 3",,REP,Bert Richardson,88,10,148,246
San Jacinto,6,"Judge, Court of Criminal Appeals, Place 3",,REP,Cast Votes:,171,23,302,496
San Jacinto,6,"Judge, Court of Criminal Appeals, Place 3",,REP,Under Votes,29,4,54,87
San Jacinto,6,"Judge, Court of Criminal Appeals, Place 3",,REP,Over Votes,0,0,0,0
San Jacinto,6,"Judge, Court of Criminal Appeals, Place 4",,REP,Kevin Patrick Yeary,164,15,296,475
San Jacinto,6,"Judge, Court of Criminal Appeals, Place 4",,REP,Cast Votes:,164,15,296,475
San Jacinto,6,"Judge, Court of Criminal Appeals, Place 4",,REP,Under Votes,36,12,60,108
San Jacinto,6,"Judge, Court of Criminal Appeals, Place 4",,REP,Over Votes,0,0,0,0
San Jacinto,6,"Judge, Court of Criminal Appeals, Place 9",,REP,David Newell,164,15,290,469
San Jacinto,6,"Judge, Court of Criminal Appeals, Place 9",,REP,Cast Votes:,164,15,290,469
San Jacinto,6,"Judge, Court of Criminal Appeals, Place 9",,REP,Under Votes,36,12,66,114
San Jacinto,6,"Judge, Court of Criminal Appeals, Place 9",,REP,Over Votes,0,0,0,0
San Jacinto,6,"Member, State Board of Education, District 8",,REP,Audrey Young,161,14,296,471
San Jacinto,6,"Member, State Board of Education, District 8",,REP,Cast Votes:,161,14,296,471
San Jacinto,6,"Member, State Board of Education, District 8",,REP,Under Votes,39,13,60,112
San Jacinto,6,"Member, State Board of Education, District 8",,REP,Over Votes,0,0,0,0
San Jacinto,6,State Representative,18,REP,Ernest Bailes,176,20,317,513
San Jacinto,6,State Representative,18,REP,Cast Votes:,176,20,317,513
San Jacinto,6,State Representative,18,REP,Under Votes,24,7,39,70
San Jacinto,6,State Representative,18,REP,Over Votes,0,0,0,0
San Jacinto,6,"Chief Justice, 9th Court of Appeals District",,REP,"Chuck ""Charles B"" Meyer",60,4,76,140
San Jacinto,6,"Chief Justice, 9th Court of Appeals District",,REP,Jay Wright,41,4,83,128
San Jacinto,6,"Chief Justice, 9th Court of Appeals District",,REP,Jarrod Lee Walker,22,1,25,48
San Jacinto,6,"Chief Justice, 9th Court of Appeals District",,REP,Colleen Cordts Rice,14,4,50,68
San Jacinto,6,"Chief Justice, 9th Court of Appeals District",,REP,Scott Golemon,31,5,73,109
San Jacinto,6,"Chief Justice, 9th Court of Appeals District",,REP,Cast Votes:,168,18,307,493
San Jacinto,6,"Chief Justice, 9th Court of Appeals District",,REP,Under Votes,32,9,49,90
San Jacinto,6,"Chief Justice, 9th Court of Appeals District",,REP,Over Votes,0,0,0,0
San Jacinto,6,"District Judge, 411th Judicial District",,REP,Kaycee L. Jones,73,4,117,194
San Jacinto,6,"District Judge, 411th Judicial District",,REP,John Wells,104,17,201,322
San Jacinto,6,"District Judge, 411th Judicial District",,REP,Cast Votes:,177,21,318,516
San Jacinto,6,"District Judge, 411th Judicial District",,REP,Under Votes,23,6,38,67
San Jacinto,6,"District Judge, 411th Judicial District",,REP,Over Votes,0,0,0,0
San Jacinto,6,Sheriff,,REP,Greg Capers,104,14,217,335
San Jacinto,6,Sheriff,,REP,Mike Flynt,90,9,126,225
San Jacinto,6,Sheriff,,REP,Cast Votes:,194,23,343,560
San Jacinto,6,Sheriff,,REP,Under Votes,6,4,13,23
San Jacinto,6,Sheriff,,REP,Over Votes,0,0,0,0
San Jacinto,6,County Tax Assessor-Collector,,REP,Betty Davis,172,18,311,501
San Jacinto,6,County Tax Assessor-Collector,,REP,Cast Votes:,172,18,311,501
San Jacinto,6,County Tax Assessor-Collector,,REP,Under Votes,28,9,45,82
San Jacinto,6,County Tax Assessor-Collector,,REP,Over Votes,0,0,0,0
San Jacinto,6,San Jacinto County Chairman,,REP,Dwayne Wright,173,15,306,494
San Jacinto,6,San Jacinto County Chairman,,REP,Cast Votes:,173,15,306,494
San Jacinto,6,San Jacinto County Chairman,,REP,Under Votes,27,12,50,89
San Jacinto,6,San Jacinto County Chairman,,REP,Over Votes,0,0,0,0
San Jacinto,6,Proposition #1,,DEM,Yes,51,4,34,89
San Jacinto,6,Proposition #1,,DEM,No,8,0,6,14
San Jacinto,6,Proposition #1,,DEM,Cast Votes:,59,4,40,103
San Jacinto,6,Proposition #1,,DEM,Under Votes,3,1,2,6
San Jacinto,6,Proposition #1,,DEM,Over Votes,0,0,0,0
San Jacinto,6,Proposition #2,,DEM,Yes,55,3,31,89
San Jacinto,6,Proposition #2,,DEM,No,4,0,10,14
San Jacinto,6,Proposition #2,,DEM,Cast Votes:,59,3,41,103
San Jacinto,6,Proposition #2,,DEM,Under Votes,3,2,1,6
San Jacinto,6,Proposition #2,,DEM,Over Votes,0,0,0,0
San Jacinto,6,Proposition #3,,DEM,Yes,58,3,38,99
San Jacinto,6,Proposition #3,,DEM,No,2,0,3,5
San Jacinto,6,Proposition #3,,DEM,Cast Votes:,60,3,41,104
San Jacinto,6,Proposition #3,,DEM,Under Votes,2,2,1,5
San Jacinto,6,Proposition #3,,DEM,Over Votes,0,0,0,0
San Jacinto,6,Proposition #4,,DEM,Yes,58,4,36,98
San Jacinto,6,Proposition #4,,DEM,No,2,0,5,7
San Jacinto,6,Proposition #4,,DEM,Cast Votes:,60,4,41,105
San Jacinto,6,Proposition #4,,DEM,Under Votes,2,1,1,4
San Jacinto,6,Proposition #4,,DEM,Over Votes,0,0,0,0
San Jacinto,6,Proposition #5,,DEM,Yes,59,4,38,101
San Jacinto,6,Proposition #5,,DEM,No,1,0,2,3
San Jacinto,6,Proposition #5,,DEM,Cast Votes:,60,4,40,104
San Jacinto,6,Proposition #5,,DEM,Under Votes,2,1,2,5
San Jacinto,6,Proposition #5,,DEM,Over Votes,0,0,0,0
San Jacinto,6,Proposition #6,,DEM,Yes,58,3,38,99
San Jacinto,6,Proposition #6,,DEM,No,1,0,2,3
San Jacinto,6,Proposition #6,,DEM,Cast Votes:,59,3,40,102
San Jacinto,6,Proposition #6,,DEM,Under Votes,3,2,2,7
San Jacinto,6,Proposition #6,,DEM,Over Votes,0,0,0,0
San Jacinto,6,Proposition #7,,DEM,Yes,56,4,36,96
San Jacinto,6,Proposition #7,,DEM,No,2,0,5,7
San Jacinto,6,Proposition #7,,DEM,Cast Votes:,58,4,41,103
San Jacinto,6,Proposition #7,,DEM,Under Votes,4,1,1,6
San Jacinto,6,Proposition #7,,DEM,Over Votes,0,0,0,0
San Jacinto,6,Proposition #8,,DEM,Yes,54,4,35,93
San Jacinto,6,Proposition #8,,DEM,No,3,0,6,9
San Jacinto,6,Proposition #8,,DEM,Cast Votes:,57,4,41,102
San Jacinto,6,Proposition #8,,DEM,Under Votes,5,1,1,7
San Jacinto,6,Proposition #8,,DEM,Over Votes,0,0,0,0
San Jacinto,6,Proposition #9,,DEM,Yes,58,3,34,95
San Jacinto,6,Proposition #9,,DEM,No,1,0,5,6
San Jacinto,6,Proposition #9,,DEM,Cast Votes:,59,3,39,101
San Jacinto,6,Proposition #9,,DEM,Under Votes,3,2,3,8
San Jacinto,6,Proposition #9,,DEM,Over Votes,0,0,0,0
San Jacinto,6,Proposition #10,,DEM,Yes,53,4,33,90
San Jacinto,6,Proposition #10,,DEM,No,4,0,7,11
San Jacinto,6,Proposition #10,,DEM,Cast Votes:,57,4,40,101
San Jacinto,6,Proposition #10,,DEM,Under Votes,5,1,2,8
San Jacinto,6,Proposition #10,,DEM,Over Votes,0,0,0,0
San Jacinto,6,Proposition #11,,DEM,Yes,54,4,30,88
San Jacinto,6,Proposition #11,,DEM,No,5,0,10,15
San Jacinto,6,Proposition #11,,DEM,Cast Votes:,59,4,40,103
San Jacinto,6,Proposition #11,,DEM,Under Votes,3,1,2,6
San Jacinto,6,Proposition #11,,DEM,Over Votes,0,0,0,0
San Jacinto,6,Proposition 1,,REP,Yes,165,20,317,502
San Jacinto,6,Proposition 1,,REP,No,29,3,33,65
San Jacinto,6,Proposition 1,,REP,Cast Votes:,194,23,350,567
San Jacinto,6,Proposition 1,,REP,Under Votes,6,4,6,16
San Jacinto,6,Proposition 1,,REP,Over Votes,0,0,0,0
San Jacinto,6,Proposition 2,,REP,Yes,172,19,311,502
San Jacinto,6,Proposition 2,,REP,No,25,4,38,67
San Jacinto,6,Proposition 2,,REP,Cast Votes:,197,23,349,569
San Jacinto,6,Proposition 2,,REP,Under Votes,3,4,7,14
San Jacinto,6,Proposition 2,,REP,Over Votes,0,0,0,0
San Jacinto,6,Proposition 3,,REP,Yes,185,23,330,538
San Jacinto,6,Proposition 3,,REP,No,11,0,18,29
San Jacinto,6,Proposition 3,,REP,Cast Votes:,196,23,348,567
San Jacinto,6,Proposition 3,,REP,Under Votes,4,4,8,16
San Jacinto,6,Proposition 3,,REP,Over Votes,0,0,0,0
San Jacinto,6,Proposition 4,,REP,Yes,191,21,336,548
San Jacinto,6,Proposition 4,,REP,No,5,2,11,18
San Jacinto,6,Proposition 4,,REP,Cast Votes:,196,23,347,566
San Jacinto,6,Proposition 4,,REP,Under Votes,4,4,9,17
San Jacinto,6,Proposition 4,,REP,Over Votes,0,0,0,0
San Jacinto,6,Proposition 5,,REP,Yes,171,20,316,507
San Jacinto,6,Proposition 5,,REP,No,24,3,31,58
San Jacinto,6,Proposition 5,,REP,Cast Votes:,195,23,347,565
San Jacinto,6,Proposition 5,,REP,Under Votes,5,4,9,18
San Jacinto,6,Proposition 5,,REP,Over Votes,0,0,0,0
San Jacinto,6,Proposition 6,,REP,Yes,183,20,320,523
San Jacinto,6,Proposition 6,,REP,No,12,4,22,38
San Jacinto,6,Proposition 6,,REP,Cast Votes:,195,24,342,561
San Jacinto,6,Proposition 6,,REP,Under Votes,5,3,14,22
San Jacinto,6,Proposition 6,,REP,Over Votes,0,0,0,0
San Jacinto,6,Proposition 7,,REP,Yes,193,21,343,557
San Jacinto,6,Proposition 7,,REP,No,4,3,6,13
San Jacinto,6,Proposition 7,,REP,Cast Votes:,197,24,349,570
San Jacinto,6,Proposition 7,,REP,Under Votes,3,3,7,13
San Jacinto,6,Proposition 7,,REP,Over Votes,0,0,0,0
San Jacinto,6,Proposition 8,,REP,Yes,192,23,343,558
San Jacinto,6,Proposition 8,,REP,No,3,1,2,6
San Jacinto,6,Proposition 8,,REP,Cast Votes:,195,24,345,564
San Jacinto,6,Proposition 8,,REP,Under Votes,5,3,11,19
San Jacinto,6,Proposition 8,,REP,Over Votes,0,0,0,0
San Jacinto,6,Proposition 9,,REP,Yes,180,21,323,524
San Jacinto,6,Proposition 9,,REP,No,15,3,22,40
San Jacinto,6,Proposition 9,,REP,Cast Votes:,195,24,345,564
San Jacinto,6,Proposition 9,,REP,Under Votes,5,3,11,19
San Jacinto,6,Proposition 9,,REP,Over Votes,0,0,0,0
San Jacinto,6,Proposition 10,,REP,Yes,176,20,327,523
San Jacinto,6,Proposition 10,,REP,No,19,3,20,42
San Jacinto,6,Proposition 10,,REP,Cast Votes:,195,23,347,565
San Jacinto,6,Proposition 10,,REP,Under Votes,5,4,9,18
San Jacinto,6,Proposition 10,,REP,Over Votes,0,0,0,0
San Jacinto,7,President,,DEM,Andrew Yang,0,0,0,0
San Jacinto,7,President,,DEM,John K. Delaney,0,0,0,0
San Jacinto,7,President,,DEM,Robby Wells,0,0,0,0
San Jacinto,7,President,,DEM,Joseph R. Biden,66,19,10,95
San Jacinto,7,President,,DEM,"Roque ""Rocky"" De La Fuente",0,0,0,0
San Jacinto,7,President,,DEM,Marianne Williamson,2,0,0,2
San Jacinto,7,President,,DEM,Deval Patrick,0,0,0,0
San Jacinto,7,President,,DEM,Elizabeth Warren,6,0,6,12
San Jacinto,7,President,,DEM,Tulsi Gabbard,0,0,0,0
San Jacinto,7,President,,DEM,Julián Castro,0,0,0,0
San Jacinto,7,President,,DEM,Pete Buttigieg,0,0,5,5
San Jacinto,7,President,,DEM,Bernie Sanders,18,2,8,28
San Jacinto,7,President,,DEM,Tom Steyer,0,1,3,4
San Jacinto,7,President,,DEM,Michael Bennet,0,0,0,0
San Jacinto,7,President,,DEM,Michael R. Bloomberg,14,6,1,21
San Jacinto,7,President,,DEM,Cory Booker,0,0,0,0
San Jacinto,7,President,,DEM,Amy Klobuchar,0,0,2,2
San Jacinto,7,Ballots Cast,,DEM,,106,28,35,169
San Jacinto,7,President,,DEM,Under Votes,1,0,0,1
San Jacinto,7,President,,DEM,Over Votes,0,0,0,0
San Jacinto,7,U.S. Senate,,DEM,Michael Cooper,8,3,1,12
San Jacinto,7,U.S. Senate,,DEM,Cristina Tzintzun Ramirez,6,2,3,11
San Jacinto,7,U.S. Senate,,DEM,Adrian Ocegueda,0,1,1,2
San Jacinto,7,U.S. Senate,,DEM,Jack Daniel Foster Jr,4,0,0,4
San Jacinto,7,U.S. Senate,,DEM,Chris Bell,25,5,3,33
San Jacinto,7,U.S. Senate,,DEM,"Mary ""MJ"" Hegar",17,5,13,35
San Jacinto,7,U.S. Senate,,DEM,"Annie ""Mamá"" Garcia",13,1,3,17
San Jacinto,7,U.S. Senate,,DEM,Sema Hernandez,8,1,0,9
San Jacinto,7,U.S. Senate,,DEM,Victor Hugo Harris,1,1,1,3
San Jacinto,7,U.S. Senate,,DEM,Royce West,4,2,0,6
San Jacinto,7,U.S. Senate,,DEM,Amanda K. Edwards,5,5,5,15
San Jacinto,7,U.S. Senate,,DEM,D.R. Hunter,0,0,0,0
San Jacinto,7,U.S. Senate,,DEM,Cast Votes:,91,26,30,147
San Jacinto,7,U.S. Senate,,DEM,Under Votes,16,2,5,23
San Jacinto,7,U.S. Senate,,DEM,Over Votes,0,0,0,0
San Jacinto,7,U.S. House,8,DEM,Laura Jones,41,15,17,73
San Jacinto,7,U.S. House,8,DEM,Elizabeth Hernandez,47,10,14,71
San Jacinto,7,U.S. House,8,DEM,Cast Votes:,88,25,31,144
San Jacinto,7,U.S. House,8,DEM,Under Votes,19,3,4,26
San Jacinto,7,U.S. House,8,DEM,Over Votes,0,0,0,0
San Jacinto,7,Railroad Commissioner,,DEM,"Roberto R. ""Beto"" Alonzo",22,10,8,40
San Jacinto,7,Railroad Commissioner,,DEM,Chrysta Castañeda,22,3,5,30
San Jacinto,7,Railroad Commissioner,,DEM,Kelly Stone,26,9,10,45
San Jacinto,7,Railroad Commissioner,,DEM,Mark Watson,18,3,8,29
San Jacinto,7,Railroad Commissioner,,DEM,Cast Votes:,88,25,31,144
San Jacinto,7,Railroad Commissioner,,DEM,Under Votes,19,3,4,26
San Jacinto,7,Railroad Commissioner,,DEM,Over Votes,0,0,0,0
San Jacinto,7,"Chief Justice, Supreme Court",,DEM,Jerry Zimmerer,20,5,5,30
San Jacinto,7,"Chief Justice, Supreme Court",,DEM,Amy Clark Meachum,72,21,27,120
San Jacinto,7,"Chief Justice, Supreme Court",,DEM,Cast Votes:,92,26,32,150
San Jacinto,7,"Chief Justice, Supreme Court",,DEM,Under Votes,15,2,3,20
San Jacinto,7,"Chief Justice, Supreme Court",,DEM,Over Votes,0,0,0,0
San Jacinto,7,"Justice, Supreme Court, Place 6 Unexpired Term",,DEM,Kathy Cheng,69,19,22,110
San Jacinto,7,"Justice, Supreme Court, Place 6 Unexpired Term",,DEM,Larry Praeger,20,6,9,35
San Jacinto,7,"Justice, Supreme Court, Place 6 Unexpired Term",,DEM,Cast Votes:,89,25,31,145
San Jacinto,7,"Justice, Supreme Court, Place 6 Unexpired Term",,DEM,Under Votes,18,3,4,25
San Jacinto,7,"Justice, Supreme Court, Place 6 Unexpired Term",,DEM,Over Votes,0,0,0,0
San Jacinto,7,"Justice, Supreme Court, Place 7",,DEM,Brandy Voss,22,5,12,39
San Jacinto,7,"Justice, Supreme Court, Place 7",,DEM,Staci Williams,63,20,19,102
San Jacinto,7,"Justice, Supreme Court, Place 7",,DEM,Cast Votes:,85,25,31,141
San Jacinto,7,"Justice, Supreme Court, Place 7",,DEM,Under Votes,22,3,4,29
San Jacinto,7,"Justice, Supreme Court, Place 7",,DEM,Over Votes,0,0,0,0
San Jacinto,7,"Justice, Supreme Court, Place 8",,DEM,Gisela D. Triana,51,13,20,84
San Jacinto,7,"Justice, Supreme Court, Place 8",,DEM,Peter Kelly,34,12,11,57
San Jacinto,7,"Justice, Supreme Court, Place 8",,DEM,Cast Votes:,85,25,31,141
San Jacinto,7,"Justice, Supreme Court, Place 8",,DEM,Under Votes,22,3,4,29
San Jacinto,7,"Justice, Supreme Court, Place 8",,DEM,Over Votes,0,0,0,0
San Jacinto,7,"Judge, Court of Criminal Appeals, Place 3",,DEM,Dan Wood,14,6,3,23
San Jacinto,7,"Judge, Court of Criminal Appeals, Place 3",,DEM,William Pieratt Demond,7,2,5,14
San Jacinto,7,"Judge, Court of Criminal Appeals, Place 3",,DEM,Elizabeth Davis Frizell,65,17,23,105
San Jacinto,7,"Judge, Court of Criminal Appeals, Place 3",,DEM,Cast Votes:,86,25,31,142
San Jacinto,7,"Judge, Court of Criminal Appeals, Place 3",,DEM,Under Votes,21,3,4,28
San Jacinto,7,"Judge, Court of Criminal Appeals, Place 3",,DEM,Over Votes,0,0,0,0
San Jacinto,7,"Judge, Court of Criminal Appeals, Place 4",,DEM,Steven Miears,15,8,10,33
San Jacinto,7,"Judge, Court of Criminal Appeals, Place 4",,DEM,Tina Clinton,71,17,21,109
San Jacinto,7,"Judge, Court of Criminal Appeals, Place 4",,DEM,Cast Votes:,86,25,31,142
San Jacinto,7,"Judge, Court of Criminal Appeals, Place 4",,DEM,Under Votes,21,3,4,28
San Jacinto,7,"Judge, Court of Criminal Appeals, Place 4",,DEM,Over Votes,0,0,0,0
San Jacinto,7,"Judge, Court of Criminal Appeals, Place 9",,DEM,Brandon Birmingham,77,25,29,131
San Jacinto,7,"Judge, Court of Criminal Appeals, Place 9",,DEM,Cast Votes:,77,25,29,131
San Jacinto,7,"Judge, Court of Criminal Appeals, Place 9",,DEM,Under Votes,30,3,6,39
San Jacinto,7,"Judge, Court of Criminal Appeals, Place 9",,DEM,Over Votes,0,0,0,0
San Jacinto,7,"Constable, Precinct 4",,DEM,Alvin Wyatt,96,26,29,151
San Jacinto,7,"Constable, Precinct 4",,DEM,Cast Votes:,96,26,29,151
San Jacinto,7,"Constable, Precinct 4",,DEM,Under Votes,11,2,6,19
San Jacinto,7,"Constable, Precinct 4",,DEM,Over Votes,0,0,0,0
San Jacinto,7,San Jacinto County Chairman,,DEM,Jacqueline Mier,86,24,28,138
San Jacinto,7,San Jacinto County Chairman,,DEM,Cast Votes:,86,24,28,138
San Jacinto,7,San Jacinto County Chairman,,DEM,Under Votes,21,4,7,32
San Jacinto,7,San Jacinto County Chairman,,DEM,Over Votes,0,0,0,0
San Jacinto,7,President,,REP,"Roque ""Rocky"" De La Fuente Guerra",2,0,0,2
San Jacinto,7,President,,REP,Donald J. Trump,254,41,184,479
San Jacinto,7,President,,REP,Bill Weld,0,0,1,1
San Jacinto,7,President,,REP,Zoltan G. Istvan,0,0,0,0
San Jacinto,7,President,,REP,Matthew John Matern,0,0,0,0
San Jacinto,7,President,,REP,Bob Ely,1,0,0,1
San Jacinto,7,President,,REP,Joe Walsh,3,0,0,3
San Jacinto,7,President,,REP,Uncommitted,8,0,6,14
San Jacinto,7,Ballots Cast,,REP,,268,41,191,500
San Jacinto,7,President,,REP,Under Votes,0,0,1,1
San Jacinto,7,President,,REP,Over Votes,0,0,0,0
San Jacinto,7,U.S. Senate,,REP,John Cornyn,207,38,140,385
San Jacinto,7,U.S. Senate,,REP,John Anthony Castro,11,0,6,17
San Jacinto,7,U.S. Senate,,REP,Dwayne Stovall,26,0,33,59
San Jacinto,7,U.S. Senate,,REP,Mark Yancey,14,1,5,20
San Jacinto,7,U.S. Senate,,REP,Virgil Bierschwale,1,0,0,1
San Jacinto,7,U.S. Senate,,REP,Cast Votes:,259,39,184,482
San Jacinto,7,U.S. Senate,,REP,Under Votes,9,2,8,19
San Jacinto,7,U.S. Senate,,REP,Over Votes,0,0,0,0
San Jacinto,7,U.S. House,8,REP,Kirk Osborn,22,1,30,53
San Jacinto,7,U.S. House,8,REP,Melissa Esparza-Mathis,8,0,4,12
San Jacinto,7,U.S. House,8,REP,Kevin Brady,229,38,149,416
San Jacinto,7,U.S. House,8,REP,Cast Votes:,259,39,183,481
San Jacinto,7,U.S. House,8,REP,Under Votes,9,2,9,20
San Jacinto,7,U.S. House,8,REP,Over Votes,0,0,0,0
San Jacinto,7,Railroad Commissioner,,REP,"James ""Jim"" Wright",178,24,115,317
San Jacinto,7,Railroad Commissioner,,REP,Ryan Sitton,67,13,62,142
San Jacinto,7,Railroad Commissioner,,REP,Cast Votes:,245,37,177,459
San Jacinto,7,Railroad Commissioner,,REP,Under Votes,23,4,15,42
San Jacinto,7,Railroad Commissioner,,REP,Over Votes,0,0,0,0
San Jacinto,7,"Chief Justice, Supreme Court",,REP,Nathan Hecht,231,38,170,439
San Jacinto,7,"Chief Justice, Supreme Court",,REP,Cast Votes:,231,38,170,439
San Jacinto,7,"Chief Justice, Supreme Court",,REP,Under Votes,37,3,22,62
San Jacinto,7,"Chief Justice, Supreme Court",,REP,Over Votes,0,0,0,0
San Jacinto,7,"Justice, Supreme Court, Place 6 Unexpired Term",,REP,Jane Bland,225,38,162,425
San Jacinto,7,"Justice, Supreme Court, Place 6 Unexpired Term",,REP,Cast Votes:,225,38,162,425
San Jacinto,7,"Justice, Supreme Court, Place 6 Unexpired Term",,REP,Under Votes,43,3,30,76
San Jacinto,7,"Justice, Supreme Court, Place 6 Unexpired Term",,REP,Over Votes,0,0,0,0
San Jacinto,7,"Justice, Supreme Court, Place 7",,REP,Jeff Boyd,226,38,165,429
San Jacinto,7,"Justice, Supreme Court, Place 7",,REP,Cast Votes:,226,38,165,429
San Jacinto,7,"Justice, Supreme Court, Place 7",,REP,Under Votes,42,3,27,72
San Jacinto,7,"Justice, Supreme Court, Place 7",,REP,Over Votes,0,0,0,0
San Jacinto,7,"Justice, Supreme Court, Place 8",,REP,Brett Busby,224,38,165,427
San Jacinto,7,"Justice, Supreme Court, Place 8",,REP,Cast Votes:,224,38,165,427
San Jacinto,7,"Justice, Supreme Court, Place 8",,REP,Under Votes,44,3,27,74
San Jacinto,7,"Justice, Supreme Court, Place 8",,REP,Over Votes,0,0,0,0
San Jacinto,7,"Judge, Court of Criminal Appeals, Place 3",,REP,Gina Parker,133,6,98,237
San Jacinto,7,"Judge, Court of Criminal Appeals, Place 3",,REP,Bert Richardson,107,30,76,213
San Jacinto,7,"Judge, Court of Criminal Appeals, Place 3",,REP,Cast Votes:,240,36,174,450
San Jacinto,7,"Judge, Court of Criminal Appeals, Place 3",,REP,Under Votes,28,5,18,51
San Jacinto,7,"Judge, Court of Criminal Appeals, Place 3",,REP,Over Votes,0,0,0,0
San Jacinto,7,"Judge, Court of Criminal Appeals, Place 4",,REP,Kevin Patrick Yeary,225,38,160,423
San Jacinto,7,"Judge, Court of Criminal Appeals, Place 4",,REP,Cast Votes:,225,38,160,423
San Jacinto,7,"Judge, Court of Criminal Appeals, Place 4",,REP,Under Votes,43,3,32,78
San Jacinto,7,"Judge, Court of Criminal Appeals, Place 4",,REP,Over Votes,0,0,0,0
San Jacinto,7,"Judge, Court of Criminal Appeals, Place 9",,REP,David Newell,224,37,160,421
San Jacinto,7,"Judge, Court of Criminal Appeals, Place 9",,REP,Cast Votes:,224,37,160,421
San Jacinto,7,"Judge, Court of Criminal Appeals, Place 9",,REP,Under Votes,44,4,32,80
San Jacinto,7,"Judge, Court of Criminal Appeals, Place 9",,REP,Over Votes,0,0,0,0
San Jacinto,7,"Member, State Board of Education, District 8",,REP,Audrey Young,223,36,159,418
San Jacinto,7,"Member, State Board of Education, District 8",,REP,Cast Votes:,223,36,159,418
San Jacinto,7,"Member, State Board of Education, District 8",,REP,Under Votes,45,5,33,83
San Jacinto,7,"Member, State Board of Education, District 8",,REP,Over Votes,0,0,0,0
San Jacinto,7,State Representative,18,REP,Ernest Bailes,230,36,166,432
San Jacinto,7,State Representative,18,REP,Cast Votes:,230,36,166,432
San Jacinto,7,State Representative,18,REP,Under Votes,38,5,26,69
San Jacinto,7,State Representative,18,REP,Over Votes,0,0,0,0
San Jacinto,7,"Chief Justice, 9th Court of Appeals District",,REP,"Chuck ""Charles B"" Meyer",72,10,47,129
San Jacinto,7,"Chief Justice, 9th Court of Appeals District",,REP,Jay Wright,55,9,47,111
San Jacinto,7,"Chief Justice, 9th Court of Appeals District",,REP,Jarrod Lee Walker,32,2,19,53
San Jacinto,7,"Chief Justice, 9th Court of Appeals District",,REP,Colleen Cordts Rice,35,3,31,69
San Jacinto,7,"Chief Justice, 9th Court of Appeals District",,REP,Scott Golemon,30,4,21,55
San Jacinto,7,"Chief Justice, 9th Court of Appeals District",,REP,Cast Votes:,224,28,165,417
San Jacinto,7,"Chief Justice, 9th Court of Appeals District",,REP,Under Votes,44,13,27,84
San Jacinto,7,"Chief Justice, 9th Court of Appeals District",,REP,Over Votes,0,0,0,0
San Jacinto,7,"District Judge, 411th Judicial District",,REP,Kaycee L. Jones,96,16,79,191
San Jacinto,7,"District Judge, 411th Judicial District",,REP,John Wells,137,17,98,252
San Jacinto,7,"District Judge, 411th Judicial District",,REP,Cast Votes:,233,33,177,443
San Jacinto,7,"District Judge, 411th Judicial District",,REP,Under Votes,35,8,15,58
San Jacinto,7,"District Judge, 411th Judicial District",,REP,Over Votes,0,0,0,0
San Jacinto,7,Sheriff,,REP,Greg Capers,121,29,103,253
San Jacinto,7,Sheriff,,REP,Mike Flynt,138,7,81,226
San Jacinto,7,Sheriff,,REP,Cast Votes:,259,36,184,479
San Jacinto,7,Sheriff,,REP,Under Votes,9,5,8,22
San Jacinto,7,Sheriff,,REP,Over Votes,0,0,0,0
San Jacinto,7,County Tax Assessor-Collector,,REP,Betty Davis,233,37,171,441
San Jacinto,7,County Tax Assessor-Collector,,REP,Cast Votes:,233,37,171,441
San Jacinto,7,County Tax Assessor-Collector,,REP,Under Votes,35,4,21,60
San Jacinto,7,County Tax Assessor-Collector,,REP,Over Votes,0,0,0,0
San Jacinto,7,San Jacinto County Chairman,,REP,Dwayne Wright,220,37,163,420
San Jacinto,7,San Jacinto County Chairman,,REP,Cast Votes:,220,37,163,420
San Jacinto,7,San Jacinto County Chairman,,REP,Under Votes,48,4,29,81
San Jacinto,7,San Jacinto County Chairman,,REP,Over Votes,0,0,0,0
San Jacinto,7,Proposition #1,,DEM,Yes,93,26,32,151
San Jacinto,7,Proposition #1,,DEM,No,9,2,2,13
San Jacinto,7,Proposition #1,,DEM,Cast Votes:,102,28,34,164
San Jacinto,7,Proposition #1,,DEM,Under Votes,5,0,1,6
San Jacinto,7,Proposition #1,,DEM,Over Votes,0,0,0,0
San Jacinto,7,Proposition #2,,DEM,Yes,93,27,33,153
San Jacinto,7,Proposition #2,,DEM,No,4,1,1,6
San Jacinto,7,Proposition #2,,DEM,Cast Votes:,97,28,34,159
San Jacinto,7,Proposition #2,,DEM,Under Votes,10,0,1,11
San Jacinto,7,Proposition #2,,DEM,Over Votes,0,0,0,0
San Jacinto,7,Proposition #3,,DEM,Yes,99,28,30,157
San Jacinto,7,Proposition #3,,DEM,No,1,0,1,2
San Jacinto,7,Proposition #3,,DEM,Cast Votes:,100,28,31,159
San Jacinto,7,Proposition #3,,DEM,Under Votes,7,0,4,11
San Jacinto,7,Proposition #3,,DEM,Over Votes,0,0,0,0
San Jacinto,7,Proposition #4,,DEM,Yes,97,27,34,158
San Jacinto,7,Proposition #4,,DEM,No,2,1,0,3
San Jacinto,7,Proposition #4,,DEM,Cast Votes:,99,28,34,161
San Jacinto,7,Proposition #4,,DEM,Under Votes,8,0,1,9
San Jacinto,7,Proposition #4,,DEM,Over Votes,0,0,0,0
San Jacinto,7,Proposition #5,,DEM,Yes,95,28,33,156
San Jacinto,7,Proposition #5,,DEM,No,2,0,1,3
San Jacinto,7,Proposition #5,,DEM,Cast Votes:,97,28,34,159
San Jacinto,7,Proposition #5,,DEM,Under Votes,10,0,1,11
San Jacinto,7,Proposition #5,,DEM,Over Votes,0,0,0,0
San Jacinto,7,Proposition #6,,DEM,Yes,97,28,33,158
San Jacinto,7,Proposition #6,,DEM,No,1,0,1,2
San Jacinto,7,Proposition #6,,DEM,Cast Votes:,98,28,34,160
San Jacinto,7,Proposition #6,,DEM,Under Votes,9,0,1,10
San Jacinto,7,Proposition #6,,DEM,Over Votes,0,0,0,0
San Jacinto,7,Proposition #7,,DEM,Yes,96,28,33,157
San Jacinto,7,Proposition #7,,DEM,No,3,0,1,4
San Jacinto,7,Proposition #7,,DEM,Cast Votes:,99,28,34,161
San Jacinto,7,Proposition #7,,DEM,Under Votes,8,0,1,9
San Jacinto,7,Proposition #7,,DEM,Over Votes,0,0,0,0
San Jacinto,7,Proposition #8,,DEM,Yes,93,28,31,152
San Jacinto,7,Proposition #8,,DEM,No,6,0,3,9
San Jacinto,7,Proposition #8,,DEM,Cast Votes:,99,28,34,161
San Jacinto,7,Proposition #8,,DEM,Under Votes,8,0,1,9
San Jacinto,7,Proposition #8,,DEM,Over Votes,0,0,0,0
San Jacinto,7,Proposition #9,,DEM,Yes,96,28,32,156
San Jacinto,7,Proposition #9,,DEM,No,2,0,2,4
San Jacinto,7,Proposition #9,,DEM,Cast Votes:,98,28,34,160
San Jacinto,7,Proposition #9,,DEM,Under Votes,9,0,1,10
San Jacinto,7,Proposition #9,,DEM,Over Votes,0,0,0,0
San Jacinto,7,Proposition #10,,DEM,Yes,93,25,31,149
San Jacinto,7,Proposition #10,,DEM,No,5,2,2,9
San Jacinto,7,Proposition #10,,DEM,Cast Votes:,98,27,33,158
San Jacinto,7,Proposition #10,,DEM,Under Votes,9,1,2,12
San Jacinto,7,Proposition #10,,DEM,Over Votes,0,0,0,0
San Jacinto,7,Proposition #11,,DEM,Yes,93,24,27,144
San Jacinto,7,Proposition #11,,DEM,No,6,3,6,15
San Jacinto,7,Proposition #11,,DEM,Cast Votes:,99,27,33,159
San Jacinto,7,Proposition #11,,DEM,Under Votes,8,1,2,11
San Jacinto,7,Proposition #11,,DEM,Over Votes,0,0,0,0
San Jacinto,7,Proposition 1,,REP,Yes,226,36,172,434
San Jacinto,7,Proposition 1,,REP,No,33,5,14,52
San Jacinto,7,Proposition 1,,REP,Cast Votes:,259,41,186,486
San Jacinto,7,Proposition 1,,REP,Under Votes,9,0,6,15
San Jacinto,7,Proposition 1,,REP,Over Votes,0,0,0,0
San Jacinto,7,Proposition 2,,REP,Yes,221,34,167,422
San Jacinto,7,Proposition 2,,REP,No,40,7,20,67
San Jacinto,7,Proposition 2,,REP,Cast Votes:,261,41,187,489
San Jacinto,7,Proposition 2,,REP,Under Votes,7,0,5,12
San Jacinto,7,Proposition 2,,REP,Over Votes,0,0,0,0
San Jacinto,7,Proposition 3,,REP,Yes,242,39,184,465
San Jacinto,7,Proposition 3,,REP,No,13,2,2,17
San Jacinto,7,Proposition 3,,REP,Cast Votes:,255,41,186,482
San Jacinto,7,Proposition 3,,REP,Under Votes,13,0,6,19
San Jacinto,7,Proposition 3,,REP,Over Votes,0,0,0,0
San Jacinto,7,Proposition 4,,REP,Yes,249,40,179,468
San Jacinto,7,Proposition 4,,REP,No,11,1,5,17
San Jacinto,7,Proposition 4,,REP,Cast Votes:,260,41,184,485
San Jacinto,7,Proposition 4,,REP,Under Votes,8,0,8,16
San Jacinto,7,Proposition 4,,REP,Over Votes,0,0,0,0
San Jacinto,7,Proposition 5,,REP,Yes,225,33,175,433
San Jacinto,7,Proposition 5,,REP,No,30,5,9,44
San Jacinto,7,Proposition 5,,REP,Cast Votes:,255,38,184,477
San Jacinto,7,Proposition 5,,REP,Under Votes,13,3,8,24
San Jacinto,7,Proposition 5,,REP,Over Votes,0,0,0,0
San Jacinto,7,Proposition 6,,REP,Yes,244,40,173,457
San Jacinto,7,Proposition 6,,REP,No,10,0,11,21
San Jacinto,7,Proposition 6,,REP,Cast Votes:,254,40,184,478
San Jacinto,7,Proposition 6,,REP,Under Votes,14,1,8,23
San Jacinto,7,Proposition 6,,REP,Over Votes,0,0,0,0
San Jacinto,7,Proposition 7,,REP,Yes,254,40,184,478
San Jacinto,7,Proposition 7,,REP,No,4,0,1,5
San Jacinto,7,Proposition 7,,REP,Cast Votes:,258,40,185,483
San Jacinto,7,Proposition 7,,REP,Under Votes,10,1,7,18
San Jacinto,7,Proposition 7,,REP,Over Votes,0,0,0,0
San Jacinto,7,Proposition 8,,REP,Yes,258,41,184,483
San Jacinto,7,Proposition 8,,REP,No,1,0,1,2
San Jacinto,7,Proposition 8,,REP,Cast Votes:,259,41,185,485
San Jacinto,7,Proposition 8,,REP,Under Votes,9,0,7,16
San Jacinto,7,Proposition 8,,REP,Over Votes,0,0,0,0
San Jacinto,7,Proposition 9,,REP,Yes,245,39,178,462
San Jacinto,7,Proposition 9,,REP,No,13,2,8,23
San Jacinto,7,Proposition 9,,REP,Cast Votes:,258,41,186,485
San Jacinto,7,Proposition 9,,REP,Under Votes,10,0,6,16
San Jacinto,7,Proposition 9,,REP,Over Votes,0,0,0,0
San Jacinto,7,Proposition 10,,REP,Yes,242,38,178,458
San Jacinto,7,Proposition 10,,REP,No,18,2,7,27
San Jacinto,7,Proposition 10,,REP,Cast Votes:,260,40,185,485
San Jacinto,7,Proposition 10,,REP,Under Votes,8,1,7,16
San Jacinto,7,Proposition 10,,REP,Over Votes,0,0,0,0
San Jacinto,8,President,,DEM,Andrew Yang,0,0,0,0
San Jacinto,8,President,,DEM,John K. Delaney,0,0,0,0
San Jacinto,8,President,,DEM,Robby Wells,1,0,0,1
San Jacinto,8,President,,DEM,Joseph R. Biden,44,9,3,56
San Jacinto,8,President,,DEM,"Roque ""Rocky"" De La Fuente",0,0,0,0
San Jacinto,8,President,,DEM,Marianne Williamson,0,0,0,0
San Jacinto,8,President,,DEM,Deval Patrick,0,0,0,0
San Jacinto,8,President,,DEM,Elizabeth Warren,4,2,1,7
San Jacinto,8,President,,DEM,Tulsi Gabbard,0,0,0,0
San Jacinto,8,President,,DEM,Julián Castro,0,0,0,0
San Jacinto,8,President,,DEM,Pete Buttigieg,0,0,1,1
San Jacinto,8,President,,DEM,Bernie Sanders,9,1,0,10
San Jacinto,8,President,,DEM,Tom Steyer,2,2,0,4
San Jacinto,8,President,,DEM,Michael Bennet,0,0,0,0
San Jacinto,8,President,,DEM,Michael R. Bloomberg,7,1,5,13
San Jacinto,8,President,,DEM,Cory Booker,0,0,0,0
San Jacinto,8,President,,DEM,Amy Klobuchar,0,0,0,0
San Jacinto,8,Ballots Cast,,DEM,,67,15,10,92
San Jacinto,8,President,,DEM,Under Votes,2,0,0,2
San Jacinto,8,President,,DEM,Over Votes,0,0,0,0
San Jacinto,8,U.S. Senate,,DEM,Michael Cooper,8,0,1,9
San Jacinto,8,U.S. Senate,,DEM,Cristina Tzintzun Ramirez,3,1,0,4
San Jacinto,8,U.S. Senate,,DEM,Adrian Ocegueda,1,1,0,2
San Jacinto,8,U.S. Senate,,DEM,Jack Daniel Foster Jr,3,0,1,4
San Jacinto,8,U.S. Senate,,DEM,Chris Bell,13,5,3,21
San Jacinto,8,U.S. Senate,,DEM,"Mary ""MJ"" Hegar",12,6,3,21
San Jacinto,8,U.S. Senate,,DEM,"Annie ""Mamá"" Garcia",8,0,1,9
San Jacinto,8,U.S. Senate,,DEM,Sema Hernandez,9,1,0,10
San Jacinto,8,U.S. Senate,,DEM,Victor Hugo Harris,1,0,0,1
San Jacinto,8,U.S. Senate,,DEM,Royce West,2,0,0,2
San Jacinto,8,U.S. Senate,,DEM,Amanda K. Edwards,1,0,0,1
San Jacinto,8,U.S. Senate,,DEM,D.R. Hunter,1,0,0,1
San Jacinto,8,U.S. Senate,,DEM,Cast Votes:,62,14,9,85
San Jacinto,8,U.S. Senate,,DEM,Under Votes,7,1,1,9
San Jacinto,8,U.S. Senate,,DEM,Over Votes,0,0,0,0
San Jacinto,8,U.S. House,8,DEM,Laura Jones,29,7,4,40
San Jacinto,8,U.S. House,8,DEM,Elizabeth Hernandez,32,7,6,45
San Jacinto,8,U.S. House,8,DEM,Cast Votes:,61,14,10,85
San Jacinto,8,U.S. House,8,DEM,Under Votes,8,1,0,9
San Jacinto,8,U.S. House,8,DEM,Over Votes,0,0,0,0
San Jacinto,8,Railroad Commissioner,,DEM,"Roberto R. ""Beto"" Alonzo",24,3,2,29
San Jacinto,8,Railroad Commissioner,,DEM,Chrysta Castañeda,7,5,1,13
San Jacinto,8,Railroad Commissioner,,DEM,Kelly Stone,13,1,2,16
San Jacinto,8,Railroad Commissioner,,DEM,Mark Watson,18,5,4,27
San Jacinto,8,Railroad Commissioner,,DEM,Cast Votes:,62,14,9,85
San Jacinto,8,Railroad Commissioner,,DEM,Under Votes,7,1,1,9
San Jacinto,8,Railroad Commissioner,,DEM,Over Votes,0,0,0,0
San Jacinto,8,"Chief Justice, Supreme Court",,DEM,Jerry Zimmerer,19,4,4,27
San Jacinto,8,"Chief Justice, Supreme Court",,DEM,Amy Clark Meachum,40,10,5,55
San Jacinto,8,"Chief Justice, Supreme Court",,DEM,Cast Votes:,59,14,9,82
San Jacinto,8,"Chief Justice, Supreme Court",,DEM,Under Votes,10,1,1,12
San Jacinto,8,"Chief Justice, Supreme Court",,DEM,Over Votes,0,0,0,0
San Jacinto,8,"Justice, Supreme Court, Place 6 Unexpired Term",,DEM,Kathy Cheng,39,5,5,49
San Jacinto,8,"Justice, Supreme Court, Place 6 Unexpired Term",,DEM,Larry Praeger,23,9,4,36
San Jacinto,8,"Justice, Supreme Court, Place 6 Unexpired Term",,DEM,Cast Votes:,62,14,9,85
San Jacinto,8,"Justice, Supreme Court, Place 6 Unexpired Term",,DEM,Under Votes,7,1,1,9
San Jacinto,8,"Justice, Supreme Court, Place 6 Unexpired Term",,DEM,Over Votes,0,0,0,0
San Jacinto,8,"Justice, Supreme Court, Place 7",,DEM,Brandy Voss,17,6,2,25
San Jacinto,8,"Justice, Supreme Court, Place 7",,DEM,Staci Williams,44,8,7,59
San Jacinto,8,"Justice, Supreme Court, Place 7",,DEM,Cast Votes:,61,14,9,84
San Jacinto,8,"Justice, Supreme Court, Place 7",,DEM,Under Votes,8,1,1,10
San Jacinto,8,"Justice, Supreme Court, Place 7",,DEM,Over Votes,0,0,0,0
San Jacinto,8,"Justice, Supreme Court, Place 8",,DEM,Gisela D. Triana,28,7,3,38
San Jacinto,8,"Justice, Supreme Court, Place 8",,DEM,Peter Kelly,31,7,6,44
San Jacinto,8,"Justice, Supreme Court, Place 8",,DEM,Cast Votes:,59,14,9,82
San Jacinto,8,"Justice, Supreme Court, Place 8",,DEM,Under Votes,10,1,1,12
San Jacinto,8,"Justice, Supreme Court, Place 8",,DEM,Over Votes,0,0,0,0
San Jacinto,8,"Judge, Court of Criminal Appeals, Place 3",,DEM,Dan Wood,17,5,2,24
San Jacinto,8,"Judge, Court of Criminal Appeals, Place 3",,DEM,William Pieratt Demond,5,1,1,7
San Jacinto,8,"Judge, Court of Criminal Appeals, Place 3",,DEM,Elizabeth Davis Frizell,39,8,6,53
San Jacinto,8,"Judge, Court of Criminal Appeals, Place 3",,DEM,Cast Votes:,61,14,9,84
San Jacinto,8,"Judge, Court of Criminal Appeals, Place 3",,DEM,Under Votes,8,1,1,10
San Jacinto,8,"Judge, Court of Criminal Appeals, Place 3",,DEM,Over Votes,0,0,0,0
San Jacinto,8,"Judge, Court of Criminal Appeals, Place 4",,DEM,Steven Miears,22,4,2,28
San Jacinto,8,"Judge, Court of Criminal Appeals, Place 4",,DEM,Tina Clinton,39,10,7,56
San Jacinto,8,"Judge, Court of Criminal Appeals, Place 4",,DEM,Cast Votes:,61,14,9,84
San Jacinto,8,"Judge, Court of Criminal Appeals, Place 4",,DEM,Under Votes,8,1,1,10
San Jacinto,8,"Judge, Court of Criminal Appeals, Place 4",,DEM,Over Votes,0,0,0,0
San Jacinto,8,"Judge, Court of Criminal Appeals, Place 9",,DEM,Brandon Birmingham,53,13,9,75
San Jacinto,8,"Judge, Court of Criminal Appeals, Place 9",,DEM,Cast Votes:,53,13,9,75
San Jacinto,8,"Judge, Court of Criminal Appeals, Place 9",,DEM,Under Votes,16,2,1,19
San Jacinto,8,"Judge, Court of Criminal Appeals, Place 9",,DEM,Over Votes,0,0,0,0
San Jacinto,8,"Constable, Precinct 4",,DEM,Alvin Wyatt,62,13,9,84
San Jacinto,8,"Constable, Precinct 4",,DEM,Cast Votes:,62,13,9,84
San Jacinto,8,"Constable, Precinct 4",,DEM,Under Votes,7,2,1,10
San Jacinto,8,"Constable, Precinct 4",,DEM,Over Votes,0,0,0,0
San Jacinto,8,San Jacinto County Chairman,,DEM,Jacqueline Mier,56,12,9,77
San Jacinto,8,San Jacinto County Chairman,,DEM,Cast Votes:,56,12,9,77
San Jacinto,8,San Jacinto County Chairman,,DEM,Under Votes,13,3,1,17
San Jacinto,8,San Jacinto County Chairman,,DEM,Over Votes,0,0,0,0
San Jacinto,8,President,,REP,"Roque ""Rocky"" De La Fuente Guerra",0,0,0,0
San Jacinto,8,President,,REP,Donald J. Trump,152,15,57,224
San Jacinto,8,President,,REP,Bill Weld,0,0,0,0
San Jacinto,8,President,,REP,Zoltan G. Istvan,0,0,0,0
San Jacinto,8,President,,REP,Matthew John Matern,0,0,0,0
San Jacinto,8,President,,REP,Bob Ely,0,0,0,0
San Jacinto,8,President,,REP,Joe Walsh,1,0,0,1
San Jacinto,8,President,,REP,Uncommitted,7,0,2,9
San Jacinto,8,Ballots Cast,,REP,,160,15,59,234
San Jacinto,8,President,,REP,Under Votes,5,0,0,5
San Jacinto,8,President,,REP,Over Votes,0,0,0,0
San Jacinto,8,U.S. Senate,,REP,John Cornyn,106,14,35,155
San Jacinto,8,U.S. Senate,,REP,John Anthony Castro,4,1,3,8
San Jacinto,8,U.S. Senate,,REP,Dwayne Stovall,25,0,11,36
San Jacinto,8,U.S. Senate,,REP,Mark Yancey,9,0,3,12
San Jacinto,8,U.S. Senate,,REP,Virgil Bierschwale,0,0,2,2
San Jacinto,8,U.S. Senate,,REP,Cast Votes:,144,15,54,213
San Jacinto,8,U.S. Senate,,REP,Under Votes,21,0,5,26
San Jacinto,8,U.S. Senate,,REP,Over Votes,0,0,0,0
San Jacinto,8,U.S. House,8,REP,Kirk Osborn,15,2,7,24
San Jacinto,8,U.S. House,8,REP,Melissa Esparza-Mathis,6,1,0,7
San Jacinto,8,U.S. House,8,REP,Kevin Brady,131,12,50,193
San Jacinto,8,U.S. House,8,REP,Cast Votes:,152,15,57,224
San Jacinto,8,U.S. House,8,REP,Under Votes,13,0,2,15
San Jacinto,8,U.S. House,8,REP,Over Votes,0,0,0,0
San Jacinto,8,Railroad Commissioner,,REP,"James ""Jim"" Wright",91,10,31,132
San Jacinto,8,Railroad Commissioner,,REP,Ryan Sitton,43,2,22,67
San Jacinto,8,Railroad Commissioner,,REP,Cast Votes:,134,12,53,199
San Jacinto,8,Railroad Commissioner,,REP,Under Votes,31,3,6,40
San Jacinto,8,Railroad Commissioner,,REP,Over Votes,0,0,0,0
San Jacinto,8,"Chief Justice, Supreme Court",,REP,Nathan Hecht,125,14,48,187
San Jacinto,8,"Chief Justice, Supreme Court",,REP,Cast Votes:,125,14,48,187
San Jacinto,8,"Chief Justice, Supreme Court",,REP,Under Votes,40,1,11,52
San Jacinto,8,"Chief Justice, Supreme Court",,REP,Over Votes,0,0,0,0
San Jacinto,8,"Justice, Supreme Court, Place 6 Unexpired Term",,REP,Jane Bland,119,14,50,183
San Jacinto,8,"Justice, Supreme Court, Place 6 Unexpired Term",,REP,Cast Votes:,119,14,50,183
San Jacinto,8,"Justice, Supreme Court, Place 6 Unexpired Term",,REP,Under Votes,46,1,9,56
San Jacinto,8,"Justice, Supreme Court, Place 6 Unexpired Term",,REP,Over Votes,0,0,0,0
San Jacinto,8,"Justice, Supreme Court, Place 7",,REP,Jeff Boyd,122,13,52,187
San Jacinto,8,"Justice, Supreme Court, Place 7",,REP,Cast Votes:,122,13,52,187
San Jacinto,8,"Justice, Supreme Court, Place 7",,REP,Under Votes,43,2,7,52
San Jacinto,8,"Justice, Supreme Court, Place 7",,REP,Over Votes,0,0,0,0
San Jacinto,8,"Justice, Supreme Court, Place 8",,REP,Brett Busby,119,13,50,182
San Jacinto,8,"Justice, Supreme Court, Place 8",,REP,Cast Votes:,119,13,50,182
San Jacinto,8,"Justice, Supreme Court, Place 8",,REP,Under Votes,46,2,9,57
San Jacinto,8,"Justice, Supreme Court, Place 8",,REP,Over Votes,0,0,0,0
San Jacinto,8,"Judge, Court of Criminal Appeals, Place 3",,REP,Gina Parker,72,5,23,100
San Jacinto,8,"Judge, Court of Criminal Appeals, Place 3",,REP,Bert Richardson,61,7,27,95
San Jacinto,8,"Judge, Court of Criminal Appeals, Place 3",,REP,Cast Votes:,133,12,50,195
San Jacinto,8,"Judge, Court of Criminal Appeals, Place 3",,REP,Under Votes,32,3,9,44
San Jacinto,8,"Judge, Court of Criminal Appeals, Place 3",,REP,Over Votes,0,0,0,0
San Jacinto,8,"Judge, Court of Criminal Appeals, Place 4",,REP,Kevin Patrick Yeary,120,13,49,182
San Jacinto,8,"Judge, Court of Criminal Appeals, Place 4",,REP,Cast Votes:,120,13,49,182
San Jacinto,8,"Judge, Court of Criminal Appeals, Place 4",,REP,Under Votes,45,2,10,57
San Jacinto,8,"Judge, Court of Criminal Appeals, Place 4",,REP,Over Votes,0,0,0,0
San Jacinto,8,"Judge, Court of Criminal Appeals, Place 9",,REP,David Newell,119,13,46,178
San Jacinto,8,"Judge, Court of Criminal Appeals, Place 9",,REP,Cast Votes:,119,13,46,178
San Jacinto,8,"Judge, Court of Criminal Appeals, Place 9",,REP,Under Votes,46,2,13,61
San Jacinto,8,"Judge, Court of Criminal Appeals, Place 9",,REP,Over Votes,0,0,0,0
San Jacinto,8,"Member, State Board of Education, District 8",,REP,Audrey Young,118,13,49,180
San Jacinto,8,"Member, State Board of Education, District 8",,REP,Cast Votes:,118,13,49,180
San Jacinto,8,"Member, State Board of Education, District 8",,REP,Under Votes,47,2,10,59
San Jacinto,8,"Member, State Board of Education, District 8",,REP,Over Votes,0,0,0,0
San Jacinto,8,State Representative,18,REP,Ernest Bailes,135,13,54,202
San Jacinto,8,State Representative,18,REP,Cast Votes:,135,13,54,202
San Jacinto,8,State Representative,18,REP,Under Votes,30,2,5,37
San Jacinto,8,State Representative,18,REP,Over Votes,0,0,0,0
San Jacinto,8,"Chief Justice, 9th Court of Appeals District",,REP,"Chuck ""Charles B"" Meyer",42,5,12,59
San Jacinto,8,"Chief Justice, 9th Court of Appeals District",,REP,Jay Wright,31,4,11,46
San Jacinto,8,"Chief Justice, 9th Court of Appeals District",,REP,Jarrod Lee Walker,13,1,4,18
San Jacinto,8,"Chief Justice, 9th Court of Appeals District",,REP,Colleen Cordts Rice,18,2,3,23
San Jacinto,8,"Chief Justice, 9th Court of Appeals District",,REP,Scott Golemon,12,0,15,27
San Jacinto,8,"Chief Justice, 9th Court of Appeals District",,REP,Cast Votes:,116,12,45,173
San Jacinto,8,"Chief Justice, 9th Court of Appeals District",,REP,Under Votes,49,3,14,66
San Jacinto,8,"Chief Justice, 9th Court of Appeals District",,REP,Over Votes,0,0,0,0
San Jacinto,8,"District Judge, 411th Judicial District",,REP,Kaycee L. Jones,53,2,24,79
San Jacinto,8,"District Judge, 411th Judicial District",,REP,John Wells,79,9,32,120
San Jacinto,8,"District Judge, 411th Judicial District",,REP,Cast Votes:,132,11,56,199
San Jacinto,8,"District Judge, 411th Judicial District",,REP,Under Votes,33,4,3,40
San Jacinto,8,"District Judge, 411th Judicial District",,REP,Over Votes,0,0,0,0
San Jacinto,8,Sheriff,,REP,Greg Capers,80,13,27,120
San Jacinto,8,Sheriff,,REP,Mike Flynt,75,1,31,107
San Jacinto,8,Sheriff,,REP,Cast Votes:,155,14,58,227
San Jacinto,8,Sheriff,,REP,Under Votes,10,1,1,12
San Jacinto,8,Sheriff,,REP,Over Votes,0,0,0,0
San Jacinto,8,County Tax Assessor-Collector,,REP,Betty Davis,135,13,52,200
San Jacinto,8,County Tax Assessor-Collector,,REP,Cast Votes:,135,13,52,200
San Jacinto,8,County Tax Assessor-Collector,,REP,Under Votes,30,2,7,39
San Jacinto,8,County Tax Assessor-Collector,,REP,Over Votes,0,0,0,0
San Jacinto,8,San Jacinto County Chairman,,REP,Dwayne Wright,127,13,50,190
San Jacinto,8,San Jacinto County Chairman,,REP,Cast Votes:,127,13,50,190
San Jacinto,8,San Jacinto County Chairman,,REP,Under Votes,38,2,9,49
San Jacinto,8,San Jacinto County Chairman,,REP,Over Votes,0,0,0,0
San Jacinto,8,Proposition #1,,DEM,Yes,59,13,9,81
San Jacinto,8,Proposition #1,,DEM,No,2,1,1,4
San Jacinto,8,Proposition #1,,DEM,Cast Votes:,61,14,10,85
San Jacinto,8,Proposition #1,,DEM,Under Votes,8,1,0,9
San Jacinto,8,Proposition #1,,DEM,Over Votes,0,0,0,0
San Jacinto,8,Proposition #2,,DEM,Yes,60,14,10,84
San Jacinto,8,Proposition #2,,DEM,No,3,0,0,3
San Jacinto,8,Proposition #2,,DEM,Cast Votes:,63,14,10,87
San Jacinto,8,Proposition #2,,DEM,Under Votes,6,1,0,7
San Jacinto,8,Proposition #2,,DEM,Over Votes,0,0,0,0
San Jacinto,8,Proposition #3,,DEM,Yes,63,14,10,87
San Jacinto,8,Proposition #3,,DEM,No,1,0,0,1
San Jacinto,8,Proposition #3,,DEM,Cast Votes:,64,14,10,88
San Jacinto,8,Proposition #3,,DEM,Under Votes,5,1,0,6
San Jacinto,8,Proposition #3,,DEM,Over Votes,0,0,0,0
San Jacinto,8,Proposition #4,,DEM,Yes,62,12,9,83
San Jacinto,8,Proposition #4,,DEM,No,1,1,0,2
San Jacinto,8,Proposition #4,,DEM,Cast Votes:,63,13,9,85
San Jacinto,8,Proposition #4,,DEM,Under Votes,6,1,1,8
San Jacinto,8,Proposition #4,,DEM,Over Votes,0,0,0,0
San Jacinto,8,Proposition #5,,DEM,Yes,62,13,8,83
San Jacinto,8,Proposition #5,,DEM,No,1,0,0,1
San Jacinto,8,Proposition #5,,DEM,Cast Votes:,63,13,8,84
San Jacinto,8,Proposition #5,,DEM,Under Votes,6,1,2,9
San Jacinto,8,Proposition #5,,DEM,Over Votes,0,0,0,0
San Jacinto,8,Proposition #6,,DEM,Yes,60,12,10,82
San Jacinto,8,Proposition #6,,DEM,No,2,1,0,3
San Jacinto,8,Proposition #6,,DEM,Cast Votes:,62,13,10,85
San Jacinto,8,Proposition #6,,DEM,Under Votes,7,1,0,8
San Jacinto,8,Proposition #6,,DEM,Over Votes,0,0,0,0
San Jacinto,8,Proposition #7,,DEM,Yes,59,12,10,81
San Jacinto,8,Proposition #7,,DEM,No,3,1,0,4
San Jacinto,8,Proposition #7,,DEM,Cast Votes:,62,13,10,85
San Jacinto,8,Proposition #7,,DEM,Under Votes,7,1,0,8
San Jacinto,8,Proposition #7,,DEM,Over Votes,0,0,0,0
San Jacinto,8,Proposition #8,,DEM,Yes,59,13,9,81
San Jacinto,8,Proposition #8,,DEM,No,3,0,1,4
San Jacinto,8,Proposition #8,,DEM,Cast Votes:,62,13,10,85
San Jacinto,8,Proposition #8,,DEM,Under Votes,7,1,0,8
San Jacinto,8,Proposition #8,,DEM,Over Votes,0,0,0,0
San Jacinto,8,Proposition #9,,DEM,Yes,58,13,9,80
San Jacinto,8,Proposition #9,,DEM,No,3,0,0,3
San Jacinto,8,Proposition #9,,DEM,Cast Votes:,61,13,9,83
San Jacinto,8,Proposition #9,,DEM,Under Votes,8,1,1,10
San Jacinto,8,Proposition #9,,DEM,Over Votes,0,0,0,0
San Jacinto,8,Proposition #10,,DEM,Yes,55,13,9,77
San Jacinto,8,Proposition #10,,DEM,No,7,0,0,7
San Jacinto,8,Proposition #10,,DEM,Cast Votes:,62,13,9,84
San Jacinto,8,Proposition #10,,DEM,Under Votes,7,1,1,9
San Jacinto,8,Proposition #10,,DEM,Over Votes,0,0,0,0
San Jacinto,8,Proposition #11,,DEM,Yes,60,9,10,79
San Jacinto,8,Proposition #11,,DEM,No,0,4,0,4
San Jacinto,8,Proposition #11,,DEM,Cast Votes:,60,13,10,83
San Jacinto,8,Proposition #11,,DEM,Under Votes,9,1,0,10
San Jacinto,8,Proposition #11,,DEM,Over Votes,0,0,0,0
San Jacinto,8,Proposition 1,,REP,Yes,128,13,51,192
San Jacinto,8,Proposition 1,,REP,No,30,1,7,38
San Jacinto,8,Proposition 1,,REP,Cast Votes:,158,14,58,230
San Jacinto,8,Proposition 1,,REP,Under Votes,7,1,1,9
San Jacinto,8,Proposition 1,,REP,Over Votes,0,0,0,0
San Jacinto,8,Proposition 2,,REP,Yes,131,14,51,196
San Jacinto,8,Proposition 2,,REP,No,27,0,5,32
San Jacinto,8,Proposition 2,,REP,Cast Votes:,158,14,56,228
San Jacinto,8,Proposition 2,,REP,Under Votes,7,1,3,11
San Jacinto,8,Proposition 2,,REP,Over Votes,0,0,0,0
San Jacinto,8,Proposition 3,,REP,Yes,143,13,53,209
San Jacinto,8,Proposition 3,,REP,No,7,1,1,9
San Jacinto,8,Proposition 3,,REP,Cast Votes:,150,14,54,218
San Jacinto,8,Proposition 3,,REP,Under Votes,15,1,5,21
San Jacinto,8,Proposition 3,,REP,Over Votes,0,0,0,0
San Jacinto,8,Proposition 4,,REP,Yes,144,14,54,212
San Jacinto,8,Proposition 4,,REP,No,12,0,2,14
San Jacinto,8,Proposition 4,,REP,Cast Votes:,156,14,56,226
San Jacinto,8,Proposition 4,,REP,Under Votes,9,1,3,13
San Jacinto,8,Proposition 4,,REP,Over Votes,0,0,0,0
San Jacinto,8,Proposition 5,,REP,Yes,147,15,53,215
San Jacinto,8,Proposition 5,,REP,No,8,0,4,12
San Jacinto,8,Proposition 5,,REP,Cast Votes:,155,15,57,227
San Jacinto,8,Proposition 5,,REP,Under Votes,10,0,2,12
San Jacinto,8,Proposition 5,,REP,Over Votes,0,0,0,0
San Jacinto,8,Proposition 6,,REP,Yes,146,15,53,214
San Jacinto,8,Proposition 6,,REP,No,7,0,4,11
San Jacinto,8,Proposition 6,,REP,Cast Votes:,153,15,57,225
San Jacinto,8,Proposition 6,,REP,Under Votes,12,0,2,14
San Jacinto,8,Proposition 6,,REP,Over Votes,0,0,0,0
San Jacinto,8,Proposition 7,,REP,Yes,151,15,56,222
San Jacinto,8,Proposition 7,,REP,No,1,0,0,1
San Jacinto,8,Proposition 7,,REP,Cast Votes:,152,15,56,223
San Jacinto,8,Proposition 7,,REP,Under Votes,13,0,3,16
San Jacinto,8,Proposition 7,,REP,Over Votes,0,0,0,0
San Jacinto,8,Proposition 8,,REP,Yes,147,15,55,217
San Jacinto,8,Proposition 8,,REP,No,3,0,1,4
San Jacinto,8,Proposition 8,,REP,Cast Votes:,150,15,56,221
San Jacinto,8,Proposition 8,,REP,Under Votes,15,0,3,18
San Jacinto,8,Proposition 8,,REP,Over Votes,0,0,0,0
San Jacinto,8,Proposition 9,,REP,Yes,146,15,55,216
San Jacinto,8,Proposition 9,,REP,No,7,0,2,9
San Jacinto,8,Proposition 9,,REP,Cast Votes:,153,15,57,225
San Jacinto,8,Proposition 9,,REP,Under Votes,12,0,2,14
San Jacinto,8,Proposition 9,,REP,Over Votes,0,0,0,0
San Jacinto,8,Proposition 10,,REP,Yes,140,13,52,205
San Jacinto,8,Proposition 10,,REP,No,14,2,5,21
San Jacinto,8,Proposition 10,,REP,Cast Votes:,154,15,57,226
San Jacinto,8,Proposition 10,,REP,Under Votes,11,0,2,13
San Jacinto,8,Proposition 10,,REP,Over Votes,0,0,0,0
San Jacinto,10,President,,DEM,Andrew Yang,0,0,0,0
San Jacinto,10,President,,DEM,John K. Delaney,0,0,0,0
San Jacinto,10,President,,DEM,Robby Wells,0,0,0,0
San Jacinto,10,President,,DEM,Joseph R. Biden,5,3,0,8
San Jacinto,10,President,,DEM,"Roque ""Rocky"" De La Fuente",0,0,0,0
San Jacinto,10,President,,DEM,Marianne Williamson,0,0,0,0
San Jacinto,10,President,,DEM,Deval Patrick,0,0,0,0
San Jacinto,10,President,,DEM,Elizabeth Warren,0,0,0,0
San Jacinto,10,President,,DEM,Tulsi Gabbard,0,0,0,0
San Jacinto,10,President,,DEM,Julián Castro,0,0,0,0
San Jacinto,10,President,,DEM,Pete Buttigieg,0,0,0,0
San Jacinto,10,President,,DEM,Bernie Sanders,3,0,0,3
San Jacinto,10,President,,DEM,Tom Steyer,0,0,0,0
San Jacinto,10,President,,DEM,Michael Bennet,0,0,0,0
San Jacinto,10,President,,DEM,Michael R. Bloomberg,0,0,2,2
San Jacinto,10,President,,DEM,Cory Booker,0,0,0,0
San Jacinto,10,President,,DEM,Amy Klobuchar,0,0,1,1
San Jacinto,10,Ballots Cast,,DEM,,8,3,3,14
San Jacinto,10,President,,DEM,Under Votes,0,0,1,1
San Jacinto,10,President,,DEM,Over Votes,0,0,0,0
San Jacinto,10,U.S. Senate,,DEM,Michael Cooper,1,1,0,2
San Jacinto,10,U.S. Senate,,DEM,Cristina Tzintzun Ramirez,1,1,0,2
San Jacinto,10,U.S. Senate,,DEM,Adrian Ocegueda,0,0,0,0
San Jacinto,10,U.S. Senate,,DEM,Jack Daniel Foster Jr,0,0,0,0
San Jacinto,10,U.S. Senate,,DEM,Chris Bell,2,1,1,4
San Jacinto,10,U.S. Senate,,DEM,"Mary ""MJ"" Hegar",2,0,1,3
San Jacinto,10,U.S. Senate,,DEM,"Annie ""Mamá"" Garcia",0,0,1,1
San Jacinto,10,U.S. Senate,,DEM,Sema Hernandez,1,0,0,1
San Jacinto,10,U.S. Senate,,DEM,Victor Hugo Harris,0,0,0,0
San Jacinto,10,U.S. Senate,,DEM,Royce West,0,0,0,0
San Jacinto,10,U.S. Senate,,DEM,Amanda K. Edwards,1,0,0,1
San Jacinto,10,U.S. Senate,,DEM,D.R. Hunter,0,0,0,0
San Jacinto,10,U.S. Senate,,DEM,Cast Votes:,8,3,3,14
San Jacinto,10,U.S. Senate,,DEM,Under Votes,0,0,1,1
San Jacinto,10,U.S. Senate,,DEM,Over Votes,0,0,0,0
San Jacinto,10,U.S. House,8,DEM,Laura Jones,4,3,2,9
San Jacinto,10,U.S. House,8,DEM,Elizabeth Hernandez,4,0,1,5
San Jacinto,10,U.S. House,8,DEM,Cast Votes:,8,3,3,14
San Jacinto,10,U.S. House,8,DEM,Under Votes,0,0,1,1
San Jacinto,10,U.S. House,8,DEM,Over Votes,0,0,0,0
San Jacinto,10,Railroad Commissioner,,DEM,"Roberto R. ""Beto"" Alonzo",2,0,0,2
San Jacinto,10,Railroad Commissioner,,DEM,Chrysta Castañeda,1,1,1,3
San Jacinto,10,Railroad Commissioner,,DEM,Kelly Stone,2,1,3,6
San Jacinto,10,Railroad Commissioner,,DEM,Mark Watson,2,1,0,3
San Jacinto,10,Railroad Commissioner,,DEM,Cast Votes:,7,3,4,14
San Jacinto,10,Railroad Commissioner,,DEM,Under Votes,1,0,0,1
San Jacinto,10,Railroad Commissioner,,DEM,Over Votes,0,0,0,0
San Jacinto,10,"Chief Justice, Supreme Court",,DEM,Jerry Zimmerer,2,1,1,4
San Jacinto,10,"Chief Justice, Supreme Court",,DEM,Amy Clark Meachum,5,2,3,10
San Jacinto,10,"Chief Justice, Supreme Court",,DEM,Cast Votes:,7,3,4,14
San Jacinto,10,"Chief Justice, Supreme Court",,DEM,Under Votes,1,0,0,1
San Jacinto,10,"Chief Justice, Supreme Court",,DEM,Over Votes,0,0,0,0
San Jacinto,10,"Justice, Supreme Court, Place 6 Unexpired Term",,DEM,Kathy Cheng,5,1,1,7
San Jacinto,10,"Justice, Supreme Court, Place 6 Unexpired Term",,DEM,Larry Praeger,2,1,3,6
San Jacinto,10,"Justice, Supreme Court, Place 6 Unexpired Term",,DEM,Cast Votes:,7,2,4,13
San Jacinto,10,"Justice, Supreme Court, Place 6 Unexpired Term",,DEM,Under Votes,1,1,0,2
San Jacinto,10,"Justice, Supreme Court, Place 6 Unexpired Term",,DEM,Over Votes,0,0,0,0
San Jacinto,10,"Justice, Supreme Court, Place 7",,DEM,Brandy Voss,2,1,1,4
San Jacinto,10,"Justice, Supreme Court, Place 7",,DEM,Staci Williams,6,2,3,11
San Jacinto,10,"Justice, Supreme Court, Place 7",,DEM,Cast Votes:,8,3,4,15
San Jacinto,10,"Justice, Supreme Court, Place 7",,DEM,Under Votes,0,0,0,0
San Jacinto,10,"Justice, Supreme Court, Place 7",,DEM,Over Votes,0,0,0,0
San Jacinto,10,"Justice, Supreme Court, Place 8",,DEM,Gisela D. Triana,6,1,1,8
San Jacinto,10,"Justice, Supreme Court, Place 8",,DEM,Peter Kelly,1,2,2,5
San Jacinto,10,"Justice, Supreme Court, Place 8",,DEM,Cast Votes:,7,3,3,13
San Jacinto,10,"Justice, Supreme Court, Place 8",,DEM,Under Votes,1,0,1,2
San Jacinto,10,"Justice, Supreme Court, Place 8",,DEM,Over Votes,0,0,0,0
San Jacinto,10,"Judge, Court of Criminal Appeals, Place 3",,DEM,Dan Wood,1,1,1,3
San Jacinto,10,"Judge, Court of Criminal Appeals, Place 3",,DEM,William Pieratt Demond,0,0,0,0
San Jacinto,10,"Judge, Court of Criminal Appeals, Place 3",,DEM,Elizabeth Davis Frizell,6,2,1,9
San Jacinto,10,"Judge, Court of Criminal Appeals, Place 3",,DEM,Cast Votes:,7,3,2,12
San Jacinto,10,"Judge, Court of Criminal Appeals, Place 3",,DEM,Under Votes,1,0,2,3
San Jacinto,10,"Judge, Court of Criminal Appeals, Place 3",,DEM,Over Votes,0,0,0,0
San Jacinto,10,"Judge, Court of Criminal Appeals, Place 4",,DEM,Steven Miears,0,0,1,1
San Jacinto,10,"Judge, Court of Criminal Appeals, Place 4",,DEM,Tina Clinton,7,3,2,12
San Jacinto,10,"Judge, Court of Criminal Appeals, Place 4",,DEM,Cast Votes:,7,3,3,13
San Jacinto,10,"Judge, Court of Criminal Appeals, Place 4",,DEM,Under Votes,1,0,1,2
San Jacinto,10,"Judge, Court of Criminal Appeals, Place 4",,DEM,Over Votes,0,0,0,0
San Jacinto,10,"Judge, Court of Criminal Appeals, Place 9",,DEM,Brandon Birmingham,5,3,3,11
San Jacinto,10,"Judge, Court of Criminal Appeals, Place 9",,DEM,Cast Votes:,5,3,3,11
San Jacinto,10,"Judge, Court of Criminal Appeals, Place 9",,DEM,Under Votes,3,0,1,4
San Jacinto,10,"Judge, Court of Criminal Appeals, Place 9",,DEM,Over Votes,0,0,0,0
San Jacinto,10,San Jacinto County Chairman,,DEM,Jacqueline Mier,7,3,3,13
San Jacinto,10,San Jacinto County Chairman,,DEM,Cast Votes:,7,3,3,13
San Jacinto,10,San Jacinto County Chairman,,DEM,Under Votes,1,0,1,2
San Jacinto,10,San Jacinto County Chairman,,DEM,Over Votes,0,0,0,0
San Jacinto,10,President,,REP,"Roque ""Rocky"" De La Fuente Guerra",3,0,0,3
San Jacinto,10,President,,REP,Donald J. Trump,86,12,87,185
San Jacinto,10,President,,REP,Bill Weld,0,0,3,3
San Jacinto,10,President,,REP,Zoltan G. Istvan,1,0,0,1
San Jacinto,10,President,,REP,Matthew John Matern,1,0,0,1
San Jacinto,10,President,,REP,Bob Ely,0,0,1,1
San Jacinto,10,President,,REP,Joe Walsh,1,1,2,4
San Jacinto,10,President,,REP,Uncommitted,6,0,5,11
San Jacinto,10,Ballots Cast,,REP,,98,13,98,209
San Jacinto,10,President,,REP,Under Votes,0,1,0,1
San Jacinto,10,President,,REP,Over Votes,0,0,0,0
San Jacinto,10,U.S. Senate,,REP,John Cornyn,55,12,53,120
San Jacinto,10,U.S. Senate,,REP,John Anthony Castro,8,0,8,16
San Jacinto,10,U.S. Senate,,REP,Dwayne Stovall,21,0,21,42
San Jacinto,10,U.S. Senate,,REP,Mark Yancey,3,0,5,8
San Jacinto,10,U.S. Senate,,REP,Virgil Bierschwale,0,0,0,0
San Jacinto,10,U.S. Senate,,REP,Cast Votes:,87,12,87,186
San Jacinto,10,U.S. Senate,,REP,Under Votes,11,2,11,24
San Jacinto,10,U.S. Senate,,REP,Over Votes,0,0,0,0
San Jacinto,10,U.S. House,8,REP,Kirk Osborn,13,0,16,29
San Jacinto,10,U.S. House,8,REP,Melissa Esparza-Mathis,4,0,5,9
San Jacinto,10,U.S. House,8,REP,Kevin Brady,72,13,68,153
San Jacinto,10,U.S. House,8,REP,Cast Votes:,89,13,89,191
San Jacinto,10,U.S. House,8,REP,Under Votes,9,1,9,19
San Jacinto,10,U.S. House,8,REP,Over Votes,0,0,0,0
San Jacinto,10,Railroad Commissioner,,REP,"James ""Jim"" Wright",55,7,51,113
San Jacinto,10,Railroad Commissioner,,REP,Ryan Sitton,27,3,27,57
San Jacinto,10,Railroad Commissioner,,REP,Cast Votes:,82,10,78,170
San Jacinto,10,Railroad Commissioner,,REP,Under Votes,16,4,20,40
San Jacinto,10,Railroad Commissioner,,REP,Over Votes,0,0,0,0
San Jacinto,10,"Chief Justice, Supreme Court",,REP,Nathan Hecht,76,9,74,159
San Jacinto,10,"Chief Justice, Supreme Court",,REP,Cast Votes:,76,9,74,159
San Jacinto,10,"Chief Justice, Supreme Court",,REP,Under Votes,22,5,24,51
San Jacinto,10,"Chief Justice, Supreme Court",,REP,Over Votes,0,0,0,0
San Jacinto,10,"Justice, Supreme Court, Place 6 Unexpired Term",,REP,Jane Bland,77,8,73,158
San Jacinto,10,"Justice, Supreme Court, Place 6 Unexpired Term",,REP,Cast Votes:,77,8,73,158
San Jacinto,10,"Justice, Supreme Court, Place 6 Unexpired Term",,REP,Under Votes,21,6,25,52
San Jacinto,10,"Justice, Supreme Court, Place 6 Unexpired Term",,REP,Over Votes,0,0,0,0
San Jacinto,10,"Justice, Supreme Court, Place 7",,REP,Jeff Boyd,75,8,73,156
San Jacinto,10,"Justice, Supreme Court, Place 7",,REP,Cast Votes:,75,8,73,156
San Jacinto,10,"Justice, Supreme Court, Place 7",,REP,Under Votes,23,6,25,54
San Jacinto,10,"Justice, Supreme Court, Place 7",,REP,Over Votes,0,0,0,0
San Jacinto,10,"Justice, Supreme Court, Place 8",,REP,Brett Busby,77,8,75,160
San Jacinto,10,"Justice, Supreme Court, Place 8",,REP,Cast Votes:,77,8,75,160
San Jacinto,10,"Justice, Supreme Court, Place 8",,REP,Under Votes,21,6,23,50
San Jacinto,10,"Justice, Supreme Court, Place 8",,REP,Over Votes,0,0,0,0
San Jacinto,10,"Judge, Court of Criminal Appeals, Place 3",,REP,Gina Parker,37,1,37,75
San Jacinto,10,"Judge, Court of Criminal Appeals, Place 3",,REP,Bert Richardson,45,9,41,95
San Jacinto,10,"Judge, Court of Criminal Appeals, Place 3",,REP,Cast Votes:,82,10,78,170
San Jacinto,10,"Judge, Court of Criminal Appeals, Place 3",,REP,Under Votes,16,4,20,40
San Jacinto,10,"Judge, Court of Criminal Appeals, Place 3",,REP,Over Votes,0,0,0,0
San Jacinto,10,"Judge, Court of Criminal Appeals, Place 4",,REP,Kevin Patrick Yeary,77,9,71,157
San Jacinto,10,"Judge, Court of Criminal Appeals, Place 4",,REP,Cast Votes:,77,9,71,157
San Jacinto,10,"Judge, Court of Criminal Appeals, Place 4",,REP,Under Votes,21,5,27,53
San Jacinto,10,"Judge, Court of Criminal Appeals, Place 4",,REP,Over Votes,0,0,0,0
San Jacinto,10,"Judge, Court of Criminal Appeals, Place 9",,REP,David Newell,77,9,68,154
San Jacinto,10,"Judge, Court of Criminal Appeals, Place 9",,REP,Cast Votes:,77,9,68,154
San Jacinto,10,"Judge, Court of Criminal Appeals, Place 9",,REP,Under Votes,21,5,30,56
San Jacinto,10,"Judge, Court of Criminal Appeals, Place 9",,REP,Over Votes,0,0,0,0
San Jacinto,10,"Member, State Board of Education, District 8",,REP,Audrey Young,72,9,70,151
San Jacinto,10,"Member, State Board of Education, District 8",,REP,Cast Votes:,72,9,70,151
San Jacinto,10,"Member, State Board of Education, District 8",,REP,Under Votes,26,5,28,59
San Jacinto,10,"Member, State Board of Education, District 8",,REP,Over Votes,0,0,0,0
San Jacinto,10,State Representative,18,REP,Ernest Bailes,87,13,84,184
San Jacinto,10,State Representative,18,REP,Cast Votes:,87,13,84,184
San Jacinto,10,State Representative,18,REP,Under Votes,11,1,14,26
San Jacinto,10,State Representative,18,REP,Over Votes,0,0,0,0
San Jacinto,10,"Chief Justice, 9th Court of Appeals District",,REP,"Chuck ""Charles B"" Meyer",21,1,11,33
San Jacinto,10,"Chief Justice, 9th Court of Appeals District",,REP,Jay Wright,23,2,25,50
San Jacinto,10,"Chief Justice, 9th Court of Appeals District",,REP,Jarrod Lee Walker,9,5,10,24
San Jacinto,10,"Chief Justice, 9th Court of Appeals District",,REP,Colleen Cordts Rice,7,1,7,15
San Jacinto,10,"Chief Justice, 9th Court of Appeals District",,REP,Scott Golemon,14,1,19,34
San Jacinto,10,"Chief Justice, 9th Court of Appeals District",,REP,Cast Votes:,74,10,72,156
San Jacinto,10,"Chief Justice, 9th Court of Appeals District",,REP,Under Votes,24,4,26,54
San Jacinto,10,"Chief Justice, 9th Court of Appeals District",,REP,Over Votes,0,0,0,0
San Jacinto,10,"District Judge, 411th Judicial District",,REP,Kaycee L. Jones,38,4,46,88
San Jacinto,10,"District Judge, 411th Judicial District",,REP,John Wells,46,7,38,91
San Jacinto,10,"District Judge, 411th Judicial District",,REP,Cast Votes:,84,11,84,179
San Jacinto,10,"District Judge, 411th Judicial District",,REP,Under Votes,14,3,14,31
San Jacinto,10,"District Judge, 411th Judicial District",,REP,Over Votes,0,0,0,0
San Jacinto,10,Sheriff,,REP,Greg Capers,73,10,73,156
San Jacinto,10,Sheriff,,REP,Mike Flynt,24,3,23,50
San Jacinto,10,Sheriff,,REP,Cast Votes:,97,13,96,206
San Jacinto,10,Sheriff,,REP,Under Votes,1,1,2,4
San Jacinto,10,Sheriff,,REP,Over Votes,0,0,0,0
San Jacinto,10,County Tax Assessor-Collector,,REP,Betty Davis,87,10,86,183
San Jacinto,10,County Tax Assessor-Collector,,REP,Cast Votes:,87,10,86,183
San Jacinto,10,County Tax Assessor-Collector,,REP,Under Votes,11,4,12,27
San Jacinto,10,County Tax Assessor-Collector,,REP,Over Votes,0,0,0,0
San Jacinto,10,"County Commissioner, Precinct 3",,REP,David Brandon,56,7,49,112
San Jacinto,10,"County Commissioner, Precinct 3",,REP,James D Blair,39,6,46,91
San Jacinto,10,"County Commissioner, Precinct 3",,REP,Cast Votes:,95,13,95,203
San Jacinto,10,"County Commissioner, Precinct 3",,REP,Under Votes,3,1,3,7
San Jacinto,10,"County Commissioner, Precinct 3",,REP,Over Votes,0,0,0,0
San Jacinto,10,"Constable, Precinct 3",,REP,Sam Houston,93,11,90,194
San Jacinto,10,"Constable, Precinct 3",,REP,Cast Votes:,93,11,90,194
San Jacinto,10,"Constable, Precinct 3",,REP,Under Votes,5,3,8,16
San Jacinto,10,"Constable, Precinct 3",,REP,Over Votes,0,0,0,0
San Jacinto,10,San Jacinto County Chairman,,REP,Dwayne Wright,82,9,84,175
San Jacinto,10,San Jacinto County Chairman,,REP,Cast Votes:,82,9,84,175
San Jacinto,10,San Jacinto County Chairman,,REP,Under Votes,16,5,14,35
San Jacinto,10,San Jacinto County Chairman,,REP,Over Votes,0,0,0,0
San Jacinto,10,Proposition #1,,DEM,Yes,6,2,3,11
San Jacinto,10,Proposition #1,,DEM,No,1,1,0,2
San Jacinto,10,Proposition #1,,DEM,Cast Votes:,7,3,3,13
San Jacinto,10,Proposition #1,,DEM,Under Votes,1,0,1,2
San Jacinto,10,Proposition #1,,DEM,Over Votes,0,0,0,0
San Jacinto,10,Proposition #2,,DEM,Yes,8,3,3,14
San Jacinto,10,Proposition #2,,DEM,No,0,0,0,0
San Jacinto,10,Proposition #2,,DEM,Cast Votes:,8,3,3,14
San Jacinto,10,Proposition #2,,DEM,Under Votes,0,0,1,1
San Jacinto,10,Proposition #2,,DEM,Over Votes,0,0,0,0
San Jacinto,10,Proposition #3,,DEM,Yes,8,3,4,15
San Jacinto,10,Proposition #3,,DEM,No,0,0,0,0
San Jacinto,10,Proposition #3,,DEM,Cast Votes:,8,3,4,15
San Jacinto,10,Proposition #3,,DEM,Under Votes,0,0,0,0
San Jacinto,10,Proposition #3,,DEM,Over Votes,0,0,0,0
San Jacinto,10,Proposition #4,,DEM,Yes,8,3,3,14
San Jacinto,10,Proposition #4,,DEM,No,0,0,0,0
San Jacinto,10,Proposition #4,,DEM,Cast Votes:,8,3,3,14
San Jacinto,10,Proposition #4,,DEM,Under Votes,0,0,1,1
San Jacinto,10,Proposition #4,,DEM,Over Votes,0,0,0,0
San Jacinto,10,Proposition #5,,DEM,Yes,8,3,3,14
San Jacinto,10,Proposition #5,,DEM,No,0,0,0,0
San Jacinto,10,Proposition #5,,DEM,Cast Votes:,8,3,3,14
San Jacinto,10,Proposition #5,,DEM,Under Votes,0,0,1,1
San Jacinto,10,Proposition #5,,DEM,Over Votes,0,0,0,0
San Jacinto,10,Proposition #6,,DEM,Yes,8,3,3,14
San Jacinto,10,Proposition #6,,DEM,No,0,0,0,0
San Jacinto,10,Proposition #6,,DEM,Cast Votes:,8,3,3,14
San Jacinto,10,Proposition #6,,DEM,Under Votes,0,0,1,1
San Jacinto,10,Proposition #6,,DEM,Over Votes,0,0,0,0
San Jacinto,10,Proposition #7,,DEM,Yes,8,3,3,14
San Jacinto,10,Proposition #7,,DEM,No,0,0,0,0
San Jacinto,10,Proposition #7,,DEM,Cast Votes:,8,3,3,14
San Jacinto,10,Proposition #7,,DEM,Under Votes,0,0,1,1
San Jacinto,10,Proposition #7,,DEM,Over Votes,0,0,0,0
San Jacinto,10,Proposition #8,,DEM,Yes,8,3,3,14
San Jacinto,10,Proposition #8,,DEM,No,0,0,0,0
San Jacinto,10,Proposition #8,,DEM,Cast Votes:,8,3,3,14
San Jacinto,10,Proposition #8,,DEM,Under Votes,0,0,1,1
San Jacinto,10,Proposition #8,,DEM,Over Votes,0,0,0,0
San Jacinto,10,Proposition #9,,DEM,Yes,8,3,3,14
San Jacinto,10,Proposition #9,,DEM,No,0,0,0,0
San Jacinto,10,Proposition #9,,DEM,Cast Votes:,8,3,3,14
San Jacinto,10,Proposition #9,,DEM,Under Votes,0,0,1,1
San Jacinto,10,Proposition #9,,DEM,Over Votes,0,0,0,0
San Jacinto,10,Proposition #10,,DEM,Yes,8,3,2,13
San Jacinto,10,Proposition #10,,DEM,No,0,0,0,0
San Jacinto,10,Proposition #10,,DEM,Cast Votes:,8,3,2,13
San Jacinto,10,Proposition #10,,DEM,Under Votes,0,0,2,2
San Jacinto,10,Proposition #10,,DEM,Over Votes,0,0,0,0
San Jacinto,10,Proposition #11,,DEM,Yes,8,3,1,12
San Jacinto,10,Proposition #11,,DEM,No,0,0,2,2
San Jacinto,10,Proposition #11,,DEM,Cast Votes:,8,3,3,14
San Jacinto,10,Proposition #11,,DEM,Under Votes,0,0,1,1
San Jacinto,10,Proposition #11,,DEM,Over Votes,0,0,0,0
San Jacinto,10,Proposition 1,,REP,Yes,81,13,85,179
San Jacinto,10,Proposition 1,,REP,No,13,1,12,26
San Jacinto,10,Proposition 1,,REP,Cast Votes:,94,14,97,205
San Jacinto,10,Proposition 1,,REP,Under Votes,4,0,1,5
San Jacinto,10,Proposition 1,,REP,Over Votes,0,0,0,0
San Jacinto,10,Proposition 2,,REP,Yes,87,13,84,184
San Jacinto,10,Proposition 2,,REP,No,9,1,12,22
San Jacinto,10,Proposition 2,,REP,Cast Votes:,96,14,96,206
San Jacinto,10,Proposition 2,,REP,Under Votes,2,0,2,4
San Jacinto,10,Proposition 2,,REP,Over Votes,0,0,0,0
San Jacinto,10,Proposition 3,,REP,Yes,86,13,89,188
San Jacinto,10,Proposition 3,,REP,No,6,0,4,10
San Jacinto,10,Proposition 3,,REP,Cast Votes:,92,13,93,198
San Jacinto,10,Proposition 3,,REP,Under Votes,6,1,5,12
San Jacinto,10,Proposition 3,,REP,Over Votes,0,0,0,0
San Jacinto,10,Proposition 4,,REP,Yes,86,13,83,182
San Jacinto,10,Proposition 4,,REP,No,7,0,11,18
San Jacinto,10,Proposition 4,,REP,Cast Votes:,93,13,94,200
San Jacinto,10,Proposition 4,,REP,Under Votes,5,1,4,10
San Jacinto,10,Proposition 4,,REP,Over Votes,0,0,0,0
San Jacinto,10,Proposition 5,,REP,Yes,91,13,85,189
San Jacinto,10,Proposition 5,,REP,No,2,1,10,13
San Jacinto,10,Proposition 5,,REP,Cast Votes:,93,14,95,202
San Jacinto,10,Proposition 5,,REP,Under Votes,5,0,3,8
San Jacinto,10,Proposition 5,,REP,Over Votes,0,0,0,0
San Jacinto,10,Proposition 6,,REP,Yes,85,14,85,184
San Jacinto,10,Proposition 6,,REP,No,7,0,8,15
San Jacinto,10,Proposition 6,,REP,Cast Votes:,92,14,93,199
San Jacinto,10,Proposition 6,,REP,Under Votes,6,0,5,11
San Jacinto,10,Proposition 6,,REP,Over Votes,0,0,0,0
San Jacinto,10,Proposition 7,,REP,Yes,94,13,94,201
San Jacinto,10,Proposition 7,,REP,No,1,0,1,2
San Jacinto,10,Proposition 7,,REP,Cast Votes:,95,13,95,203
San Jacinto,10,Proposition 7,,REP,Under Votes,3,1,3,7
San Jacinto,10,Proposition 7,,REP,Over Votes,0,0,0,0
San Jacinto,10,Proposition 8,,REP,Yes,90,14,89,193
San Jacinto,10,Proposition 8,,REP,No,2,0,5,7
San Jacinto,10,Proposition 8,,REP,Cast Votes:,92,14,94,200
San Jacinto,10,Proposition 8,,REP,Under Votes,6,0,4,10
San Jacinto,10,Proposition 8,,REP,Over Votes,0,0,0,0
San Jacinto,10,Proposition 9,,REP,Yes,92,14,90,196
San Jacinto,10,Proposition 9,,REP,No,1,0,4,5
San Jacinto,10,Proposition 9,,REP,Cast Votes:,93,14,94,201
San Jacinto,10,Proposition 9,,REP,Under Votes,5,0,4,9
San Jacinto,10,Proposition 9,,REP,Over Votes,0,0,0,0
San Jacinto,10,Proposition 10,,REP,Yes,87,12,87,186
San Jacinto,10,Proposition 10,,REP,No,4,1,6,11
San Jacinto,10,Proposition 10,,REP,Cast Votes:,91,13,93,197
San Jacinto,10,Proposition 10,,REP,Under Votes,7,1,5,13
San Jacinto,10,Proposition 10,,REP,Over Votes,0,0,0,0
San Jacinto,13,President,,DEM,Andrew Yang,0,0,0,0
San Jacinto,13,President,,DEM,John K. Delaney,0,0,0,0
San Jacinto,13,President,,DEM,Robby Wells,0,0,0,0
San Jacinto,13,President,,DEM,Joseph R. Biden,13,0,2,15
San Jacinto,13,President,,DEM,"Roque ""Rocky"" De La Fuente",0,0,0,0
San Jacinto,13,President,,DEM,Marianne Williamson,0,0,0,0
San Jacinto,13,President,,DEM,Deval Patrick,0,0,0,0
San Jacinto,13,President,,DEM,Elizabeth Warren,2,0,0,2
San Jacinto,13,President,,DEM,Tulsi Gabbard,0,0,0,0
San Jacinto,13,President,,DEM,Julián Castro,0,0,0,0
San Jacinto,13,President,,DEM,Pete Buttigieg,0,0,1,1
San Jacinto,13,President,,DEM,Bernie Sanders,7,0,1,8
San Jacinto,13,President,,DEM,Tom Steyer,0,0,0,0
San Jacinto,13,President,,DEM,Michael Bennet,0,0,0,0
San Jacinto,13,President,,DEM,Michael R. Bloomberg,1,0,2,3
San Jacinto,13,President,,DEM,Cory Booker,0,0,0,0
San Jacinto,13,President,,DEM,Amy Klobuchar,0,0,0,0
San Jacinto,13,Ballots Cast,,DEM,,23,0,6,29
San Jacinto,13,President,,DEM,Under Votes,0,0,0,0
San Jacinto,13,President,,DEM,Over Votes,0,0,0,0
San Jacinto,13,U.S. Senate,,DEM,Michael Cooper,2,0,0,2
San Jacinto,13,U.S. Senate,,DEM,Cristina Tzintzun Ramirez,7,0,0,7
San Jacinto,13,U.S. Senate,,DEM,Adrian Ocegueda,0,0,0,0
San Jacinto,13,U.S. Senate,,DEM,Jack Daniel Foster Jr,1,0,0,1
San Jacinto,13,U.S. Senate,,DEM,Chris Bell,3,0,1,4
San Jacinto,13,U.S. Senate,,DEM,"Mary ""MJ"" Hegar",1,0,4,5
San Jacinto,13,U.S. Senate,,DEM,"Annie ""Mamá"" Garcia",2,0,0,2
San Jacinto,13,U.S. Senate,,DEM,Sema Hernandez,0,0,0,0
San Jacinto,13,U.S. Senate,,DEM,Victor Hugo Harris,0,0,1,1
San Jacinto,13,U.S. Senate,,DEM,Royce West,1,0,0,1
San Jacinto,13,U.S. Senate,,DEM,Amanda K. Edwards,1,0,0,1
San Jacinto,13,U.S. Senate,,DEM,D.R. Hunter,0,0,0,0
San Jacinto,13,U.S. Senate,,DEM,Cast Votes:,18,0,6,24
San Jacinto,13,U.S. Senate,,DEM,Under Votes,5,0,0,5
San Jacinto,13,U.S. Senate,,DEM,Over Votes,0,0,0,0
San Jacinto,13,U.S. House,8,DEM,Laura Jones,11,0,6,17
San Jacinto,13,U.S. House,8,DEM,Elizabeth Hernandez,6,0,0,6
San Jacinto,13,U.S. House,8,DEM,Cast Votes:,17,0,6,23
San Jacinto,13,U.S. House,8,DEM,Under Votes,6,0,0,6
San Jacinto,13,U.S. House,8,DEM,Over Votes,0,0,0,0
San Jacinto,13,Railroad Commissioner,,DEM,"Roberto R. ""Beto"" Alonzo",4,0,0,4
San Jacinto,13,Railroad Commissioner,,DEM,Chrysta Castañeda,5,0,0,5
San Jacinto,13,Railroad Commissioner,,DEM,Kelly Stone,4,0,4,8
San Jacinto,13,Railroad Commissioner,,DEM,Mark Watson,4,0,2,6
San Jacinto,13,Railroad Commissioner,,DEM,Cast Votes:,17,0,6,23
San Jacinto,13,Railroad Commissioner,,DEM,Under Votes,6,0,0,6
San Jacinto,13,Railroad Commissioner,,DEM,Over Votes,0,0,0,0
San Jacinto,13,"Chief Justice, Supreme Court",,DEM,Jerry Zimmerer,6,0,2,8
San Jacinto,13,"Chief Justice, Supreme Court",,DEM,Amy Clark Meachum,11,0,4,15
San Jacinto,13,"Chief Justice, Supreme Court",,DEM,Cast Votes:,17,0,6,23
San Jacinto,13,"Chief Justice, Supreme Court",,DEM,Under Votes,6,0,0,6
San Jacinto,13,"Chief Justice, Supreme Court",,DEM,Over Votes,0,0,0,0
San Jacinto,13,"Justice, Supreme Court, Place 6 Unexpired Term",,DEM,Kathy Cheng,10,0,5,15
San Jacinto,13,"Justice, Supreme Court, Place 6 Unexpired Term",,DEM,Larry Praeger,7,0,1,8
San Jacinto,13,"Justice, Supreme Court, Place 6 Unexpired Term",,DEM,Cast Votes:,17,0,6,23
San Jacinto,13,"Justice, Supreme Court, Place 6 Unexpired Term",,DEM,Under Votes,6,0,0,6
San Jacinto,13,"Justice, Supreme Court, Place 6 Unexpired Term",,DEM,Over Votes,0,0,0,0
San Jacinto,13,"Justice, Supreme Court, Place 7",,DEM,Brandy Voss,11,0,1,12
San Jacinto,13,"Justice, Supreme Court, Place 7",,DEM,Staci Williams,7,0,5,12
San Jacinto,13,"Justice, Supreme Court, Place 7",,DEM,Cast Votes:,18,0,6,24
San Jacinto,13,"Justice, Supreme Court, Place 7",,DEM,Under Votes,5,0,0,5
San Jacinto,13,"Justice, Supreme Court, Place 7",,DEM,Over Votes,0,0,0,0
San Jacinto,13,"Justice, Supreme Court, Place 8",,DEM,Gisela D. Triana,8,0,4,12
San Jacinto,13,"Justice, Supreme Court, Place 8",,DEM,Peter Kelly,10,0,2,12
San Jacinto,13,"Justice, Supreme Court, Place 8",,DEM,Cast Votes:,18,0,6,24
San Jacinto,13,"Justice, Supreme Court, Place 8",,DEM,Under Votes,5,0,0,5
San Jacinto,13,"Justice, Supreme Court, Place 8",,DEM,Over Votes,0,0,0,0
San Jacinto,13,"Judge, Court of Criminal Appeals, Place 3",,DEM,Dan Wood,3,0,2,5
San Jacinto,13,"Judge, Court of Criminal Appeals, Place 3",,DEM,William Pieratt Demond,4,0,1,5
San Jacinto,13,"Judge, Court of Criminal Appeals, Place 3",,DEM,Elizabeth Davis Frizell,11,0,3,14
San Jacinto,13,"Judge, Court of Criminal Appeals, Place 3",,DEM,Cast Votes:,18,0,6,24
San Jacinto,13,"Judge, Court of Criminal Appeals, Place 3",,DEM,Under Votes,5,0,0,5
San Jacinto,13,"Judge, Court of Criminal Appeals, Place 3",,DEM,Over Votes,0,0,0,0
San Jacinto,13,"Judge, Court of Criminal Appeals, Place 4",,DEM,Steven Miears,5,0,2,7
San Jacinto,13,"Judge, Court of Criminal Appeals, Place 4",,DEM,Tina Clinton,13,0,4,17
San Jacinto,13,"Judge, Court of Criminal Appeals, Place 4",,DEM,Cast Votes:,18,0,6,24
San Jacinto,13,"Judge, Court of Criminal Appeals, Place 4",,DEM,Under Votes,5,0,0,5
San Jacinto,13,"Judge, Court of Criminal Appeals, Place 4",,DEM,Over Votes,0,0,0,0
San Jacinto,13,"Judge, Court of Criminal Appeals, Place 9",,DEM,Brandon Birmingham,15,0,5,20
San Jacinto,13,"Judge, Court of Criminal Appeals, Place 9",,DEM,Cast Votes:,15,0,5,20
San Jacinto,13,"Judge, Court of Criminal Appeals, Place 9",,DEM,Under Votes,8,0,1,9
San Jacinto,13,"Judge, Court of Criminal Appeals, Place 9",,DEM,Over Votes,0,0,0,0
San Jacinto,13,San Jacinto County Chairman,,DEM,Jacqueline Mier,17,0,5,22
San Jacinto,13,San Jacinto County Chairman,,DEM,Cast Votes:,17,0,5,22
San Jacinto,13,San Jacinto County Chairman,,DEM,Under Votes,6,0,1,7
San Jacinto,13,San Jacinto County Chairman,,DEM,Over Votes,0,0,0,0
San Jacinto,13,President,,REP,"Roque ""Rocky"" De La Fuente Guerra",0,0,0,0
San Jacinto,13,President,,REP,Donald J. Trump,82,8,67,157
San Jacinto,13,President,,REP,Bill Weld,1,0,0,1
San Jacinto,13,President,,REP,Zoltan G. Istvan,0,0,0,0
San Jacinto,13,President,,REP,Matthew John Matern,1,0,0,1
San Jacinto,13,President,,REP,Bob Ely,0,0,0,0
San Jacinto,13,President,,REP,Joe Walsh,0,0,0,0
San Jacinto,13,President,,REP,Uncommitted,0,1,1,2
San Jacinto,13,Ballots Cast,,REP,,84,9,68,161
San Jacinto,13,President,,REP,Under Votes,0,0,1,1
San Jacinto,13,President,,REP,Over Votes,0,0,0,0
San Jacinto,13,U.S. Senate,,REP,John Cornyn,45,8,48,101
San Jacinto,13,U.S. Senate,,REP,John Anthony Castro,3,0,2,5
San Jacinto,13,U.S. Senate,,REP,Dwayne Stovall,26,1,16,43
San Jacinto,13,U.S. Senate,,REP,Mark Yancey,7,0,0,7
San Jacinto,13,U.S. Senate,,REP,Virgil Bierschwale,1,0,1,2
San Jacinto,13,U.S. Senate,,REP,Cast Votes:,82,9,67,158
San Jacinto,13,U.S. Senate,,REP,Under Votes,2,0,2,4
San Jacinto,13,U.S. Senate,,REP,Over Votes,0,0,0,0
San Jacinto,13,U.S. House,8,REP,Kirk Osborn,13,1,5,19
San Jacinto,13,U.S. House,8,REP,Melissa Esparza-Mathis,7,0,2,9
San Jacinto,13,U.S. House,8,REP,Kevin Brady,62,8,59,129
San Jacinto,13,U.S. House,8,REP,Cast Votes:,82,9,66,157
San Jacinto,13,U.S. House,8,REP,Under Votes,2,0,3,5
San Jacinto,13,U.S. House,8,REP,Over Votes,0,0,0,0
San Jacinto,13,Railroad Commissioner,,REP,"James ""Jim"" Wright",57,7,39,103
San Jacinto,13,Railroad Commissioner,,REP,Ryan Sitton,19,2,28,49
San Jacinto,13,Railroad Commissioner,,REP,Cast Votes:,76,9,67,152
San Jacinto,13,Railroad Commissioner,,REP,Under Votes,8,0,2,10
San Jacinto,13,Railroad Commissioner,,REP,Over Votes,0,0,0,0
San Jacinto,13,"Chief Justice, Supreme Court",,REP,Nathan Hecht,74,7,58,139
San Jacinto,13,"Chief Justice, Supreme Court",,REP,Cast Votes:,74,7,58,139
San Jacinto,13,"Chief Justice, Supreme Court",,REP,Under Votes,10,2,11,23
San Jacinto,13,"Chief Justice, Supreme Court",,REP,Over Votes,0,0,0,0
San Jacinto,13,"Justice, Supreme Court, Place 6 Unexpired Term",,REP,Jane Bland,71,7,57,135
San Jacinto,13,"Justice, Supreme Court, Place 6 Unexpired Term",,REP,Cast Votes:,71,7,57,135
San Jacinto,13,"Justice, Supreme Court, Place 6 Unexpired Term",,REP,Under Votes,13,2,12,27
San Jacinto,13,"Justice, Supreme Court, Place 6 Unexpired Term",,REP,Over Votes,0,0,0,0
San Jacinto,13,"Justice, Supreme Court, Place 7",,REP,Jeff Boyd,72,7,58,137
San Jacinto,13,"Justice, Supreme Court, Place 7",,REP,Cast Votes:,72,7,58,137
San Jacinto,13,"Justice, Supreme Court, Place 7",,REP,Under Votes,12,2,11,25
San Jacinto,13,"Justice, Supreme Court, Place 7",,REP,Over Votes,0,0,0,0
San Jacinto,13,"Justice, Supreme Court, Place 8",,REP,Brett Busby,71,7,56,134
San Jacinto,13,"Justice, Supreme Court, Place 8",,REP,Cast Votes:,71,7,56,134
San Jacinto,13,"Justice, Supreme Court, Place 8",,REP,Under Votes,13,2,13,28
San Jacinto,13,"Justice, Supreme Court, Place 8",,REP,Over Votes,0,0,0,0
San Jacinto,13,"Judge, Court of Criminal Appeals, Place 3",,REP,Gina Parker,34,5,31,70
San Jacinto,13,"Judge, Court of Criminal Appeals, Place 3",,REP,Bert Richardson,42,4,29,75
San Jacinto,13,"Judge, Court of Criminal Appeals, Place 3",,REP,Cast Votes:,76,9,60,145
San Jacinto,13,"Judge, Court of Criminal Appeals, Place 3",,REP,Under Votes,8,0,9,17
San Jacinto,13,"Judge, Court of Criminal Appeals, Place 3",,REP,Over Votes,0,0,0,0
San Jacinto,13,"Judge, Court of Criminal Appeals, Place 4",,REP,Kevin Patrick Yeary,72,7,58,137
San Jacinto,13,"Judge, Court of Criminal Appeals, Place 4",,REP,Cast Votes:,72,7,58,137
San Jacinto,13,"Judge, Court of Criminal Appeals, Place 4",,REP,Under Votes,12,2,11,25
San Jacinto,13,"Judge, Court of Criminal Appeals, Place 4",,REP,Over Votes,0,0,0,0
San Jacinto,13,"Judge, Court of Criminal Appeals, Place 9",,REP,David Newell,73,7,56,136
San Jacinto,13,"Judge, Court of Criminal Appeals, Place 9",,REP,Cast Votes:,73,7,56,136
San Jacinto,13,"Judge, Court of Criminal Appeals, Place 9",,REP,Under Votes,11,2,13,26
San Jacinto,13,"Judge, Court of Criminal Appeals, Place 9",,REP,Over Votes,0,0,0,0
San Jacinto,13,"Member, State Board of Education, District 8",,REP,Audrey Young,72,6,55,133
San Jacinto,13,"Member, State Board of Education, District 8",,REP,Cast Votes:,72,6,55,133
San Jacinto,13,"Member, State Board of Education, District 8",,REP,Under Votes,12,3,14,29
San Jacinto,13,"Member, State Board of Education, District 8",,REP,Over Votes,0,0,0,0
San Jacinto,13,State Representative,18,REP,Ernest Bailes,77,9,65,151
San Jacinto,13,State Representative,18,REP,Cast Votes:,77,9,65,151
San Jacinto,13,State Representative,18,REP,Under Votes,7,0,4,11
San Jacinto,13,State Representative,18,REP,Over Votes,0,0,0,0
San Jacinto,13,"Chief Justice, 9th Court of Appeals District",,REP,"Chuck ""Charles B"" Meyer",22,5,17,44
San Jacinto,13,"Chief Justice, 9th Court of Appeals District",,REP,Jay Wright,29,1,15,45
San Jacinto,13,"Chief Justice, 9th Court of Appeals District",,REP,Jarrod Lee Walker,8,0,3,11
San Jacinto,13,"Chief Justice, 9th Court of Appeals District",,REP,Colleen Cordts Rice,5,3,9,17
San Jacinto,13,"Chief Justice, 9th Court of Appeals District",,REP,Scott Golemon,9,0,12,21
San Jacinto,13,"Chief Justice, 9th Court of Appeals District",,REP,Cast Votes:,73,9,56,138
San Jacinto,13,"Chief Justice, 9th Court of Appeals District",,REP,Under Votes,11,0,13,24
San Jacinto,13,"Chief Justice, 9th Court of Appeals District",,REP,Over Votes,0,0,0,0
San Jacinto,13,"District Judge, 411th Judicial District",,REP,Kaycee L. Jones,30,1,17,48
San Jacinto,13,"District Judge, 411th Judicial District",,REP,John Wells,41,8,46,95
San Jacinto,13,"District Judge, 411th Judicial District",,REP,Cast Votes:,71,9,63,143
San Jacinto,13,"District Judge, 411th Judicial District",,REP,Under Votes,13,0,6,19
San Jacinto,13,"District Judge, 411th Judicial District",,REP,Over Votes,0,0,0,0
San Jacinto,13,Sheriff,,REP,Greg Capers,47,4,45,96
San Jacinto,13,Sheriff,,REP,Mike Flynt,34,5,21,60
San Jacinto,13,Sheriff,,REP,Cast Votes:,81,9,66,156
San Jacinto,13,Sheriff,,REP,Under Votes,3,0,3,6
San Jacinto,13,Sheriff,,REP,Over Votes,0,0,0,0
San Jacinto,13,County Tax Assessor-Collector,,REP,Betty Davis,71,9,60,140
San Jacinto,13,County Tax Assessor-Collector,,REP,Cast Votes:,71,9,60,140
San Jacinto,13,County Tax Assessor-Collector,,REP,Under Votes,13,0,9,22
San Jacinto,13,County Tax Assessor-Collector,,REP,Over Votes,0,0,0,0
San Jacinto,13,"County Commissioner, Precinct 1",,REP,Laddie McAnally,74,9,61,144
San Jacinto,13,"County Commissioner, Precinct 1",,REP,Cast Votes:,74,9,61,144
San Jacinto,13,"County Commissioner, Precinct 1",,REP,Under Votes,10,0,8,18
San Jacinto,13,"County Commissioner, Precinct 1",,REP,Over Votes,0,0,0,0
San Jacinto,13,"Constable, Precinct 1",,REP,Roy Rogers,75,7,58,140
San Jacinto,13,"Constable, Precinct 1",,REP,Cast Votes:,75,7,58,140
San Jacinto,13,"Constable, Precinct 1",,REP,Under Votes,9,2,11,22
San Jacinto,13,"Constable, Precinct 1",,REP,Over Votes,0,0,0,0
San Jacinto,13,San Jacinto County Chairman,,REP,Dwayne Wright,74,9,58,141
San Jacinto,13,San Jacinto County Chairman,,REP,Cast Votes:,74,9,58,141
San Jacinto,13,San Jacinto County Chairman,,REP,Under Votes,10,0,11,21
San Jacinto,13,San Jacinto County Chairman,,REP,Over Votes,0,0,0,0
San Jacinto,13,Proposition #1,,DEM,Yes,20,0,5,25
San Jacinto,13,Proposition #1,,DEM,No,2,0,1,3
San Jacinto,13,Proposition #1,,DEM,Cast Votes:,22,0,6,28
San Jacinto,13,Proposition #1,,DEM,Under Votes,1,0,0,1
San Jacinto,13,Proposition #1,,DEM,Over Votes,0,0,0,0
San Jacinto,13,Proposition #2,,DEM,Yes,19,0,6,25
San Jacinto,13,Proposition #2,,DEM,No,3,0,0,3
San Jacinto,13,Proposition #2,,DEM,Cast Votes:,22,0,6,28
San Jacinto,13,Proposition #2,,DEM,Under Votes,1,0,0,1
San Jacinto,13,Proposition #2,,DEM,Over Votes,0,0,0,0
San Jacinto,13,Proposition #3,,DEM,Yes,21,0,6,27
San Jacinto,13,Proposition #3,,DEM,No,1,0,0,1
San Jacinto,13,Proposition #3,,DEM,Cast Votes:,22,0,6,28
San Jacinto,13,Proposition #3,,DEM,Under Votes,1,0,0,1
San Jacinto,13,Proposition #3,,DEM,Over Votes,0,0,0,0
San Jacinto,13,Proposition #4,,DEM,Yes,20,0,6,26
San Jacinto,13,Proposition #4,,DEM,No,2,0,0,2
San Jacinto,13,Proposition #4,,DEM,Cast Votes:,22,0,6,28
San Jacinto,13,Proposition #4,,DEM,Under Votes,1,0,0,1
San Jacinto,13,Proposition #4,,DEM,Over Votes,0,0,0,0
San Jacinto,13,Proposition #5,,DEM,Yes,21,0,6,27
San Jacinto,13,Proposition #5,,DEM,No,0,0,0,0
San Jacinto,13,Proposition #5,,DEM,Cast Votes:,21,0,6,27
San Jacinto,13,Proposition #5,,DEM,Under Votes,2,0,0,2
San Jacinto,13,Proposition #5,,DEM,Over Votes,0,0,0,0
San Jacinto,13,Proposition #6,,DEM,Yes,22,0,6,28
San Jacinto,13,Proposition #6,,DEM,No,0,0,0,0
San Jacinto,13,Proposition #6,,DEM,Cast Votes:,22,0,6,28
San Jacinto,13,Proposition #6,,DEM,Under Votes,1,0,0,1
San Jacinto,13,Proposition #6,,DEM,Over Votes,0,0,0,0
San Jacinto,13,Proposition #7,,DEM,Yes,20,0,6,26
San Jacinto,13,Proposition #7,,DEM,No,1,0,0,1
San Jacinto,13,Proposition #7,,DEM,Cast Votes:,21,0,6,27
San Jacinto,13,Proposition #7,,DEM,Under Votes,2,0,0,2
San Jacinto,13,Proposition #7,,DEM,Over Votes,0,0,0,0
San Jacinto,13,Proposition #8,,DEM,Yes,20,0,5,25
San Jacinto,13,Proposition #8,,DEM,No,1,0,1,2
San Jacinto,13,Proposition #8,,DEM,Cast Votes:,21,0,6,27
San Jacinto,13,Proposition #8,,DEM,Under Votes,2,0,0,2
San Jacinto,13,Proposition #8,,DEM,Over Votes,0,0,0,0
San Jacinto,13,Proposition #9,,DEM,Yes,21,0,6,27
San Jacinto,13,Proposition #9,,DEM,No,0,0,0,0
San Jacinto,13,Proposition #9,,DEM,Cast Votes:,21,0,6,27
San Jacinto,13,Proposition #9,,DEM,Under Votes,2,0,0,2
San Jacinto,13,Proposition #9,,DEM,Over Votes,0,0,0,0
San Jacinto,13,Proposition #10,,DEM,Yes,18,0,6,24
San Jacinto,13,Proposition #10,,DEM,No,3,0,0,3
San Jacinto,13,Proposition #10,,DEM,Cast Votes:,21,0,6,27
San Jacinto,13,Proposition #10,,DEM,Under Votes,2,0,0,2
San Jacinto,13,Proposition #10,,DEM,Over Votes,0,0,0,0
San Jacinto,13,Proposition #11,,DEM,Yes,18,0,5,23
San Jacinto,13,Proposition #11,,DEM,No,3,0,1,4
San Jacinto,13,Proposition #11,,DEM,Cast Votes:,21,0,6,27
San Jacinto,13,Proposition #11,,DEM,Under Votes,2,0,0,2
San Jacinto,13,Proposition #11,,DEM,Over Votes,0,0,0,0
San Jacinto,13,Proposition 1,,REP,Yes,71,4,59,134
San Jacinto,13,Proposition 1,,REP,No,9,5,8,22
San Jacinto,13,Proposition 1,,REP,Cast Votes:,80,9,67,156
San Jacinto,13,Proposition 1,,REP,Under Votes,4,0,2,6
San Jacinto,13,Proposition 1,,REP,Over Votes,0,0,0,0
San Jacinto,13,Proposition 2,,REP,Yes,71,9,61,141
San Jacinto,13,Proposition 2,,REP,No,12,0,4,16
San Jacinto,13,Proposition 2,,REP,Cast Votes:,83,9,65,157
San Jacinto,13,Proposition 2,,REP,Under Votes,1,0,4,5
San Jacinto,13,Proposition 2,,REP,Over Votes,0,0,0,0
San Jacinto,13,Proposition 3,,REP,Yes,77,9,63,149
San Jacinto,13,Proposition 3,,REP,No,4,0,3,7
San Jacinto,13,Proposition 3,,REP,Cast Votes:,81,9,66,156
San Jacinto,13,Proposition 3,,REP,Under Votes,3,0,3,6
San Jacinto,13,Proposition 3,,REP,Over Votes,0,0,0,0
San Jacinto,13,Proposition 4,,REP,Yes,79,9,64,152
San Jacinto,13,Proposition 4,,REP,No,2,0,1,3
San Jacinto,13,Proposition 4,,REP,Cast Votes:,81,9,65,155
San Jacinto,13,Proposition 4,,REP,Under Votes,3,0,4,7
San Jacinto,13,Proposition 4,,REP,Over Votes,0,0,0,0
San Jacinto,13,Proposition 5,,REP,Yes,81,8,57,146
San Jacinto,13,Proposition 5,,REP,No,3,1,9,13
San Jacinto,13,Proposition 5,,REP,Cast Votes:,84,9,66,159
San Jacinto,13,Proposition 5,,REP,Under Votes,0,0,3,3
San Jacinto,13,Proposition 5,,REP,Over Votes,0,0,0,0
San Jacinto,13,Proposition 6,,REP,Yes,78,9,63,150
San Jacinto,13,Proposition 6,,REP,No,4,0,4,8
San Jacinto,13,Proposition 6,,REP,Cast Votes:,82,9,67,158
San Jacinto,13,Proposition 6,,REP,Under Votes,2,0,2,4
San Jacinto,13,Proposition 6,,REP,Over Votes,0,0,0,0
San Jacinto,13,Proposition 7,,REP,Yes,84,9,67,160
San Jacinto,13,Proposition 7,,REP,No,0,0,0,0
San Jacinto,13,Proposition 7,,REP,Cast Votes:,84,9,67,160
San Jacinto,13,Proposition 7,,REP,Under Votes,0,0,2,2
San Jacinto,13,Proposition 7,,REP,Over Votes,0,0,0,0
San Jacinto,13,Proposition 8,,REP,Yes,83,9,67,159
San Jacinto,13,Proposition 8,,REP,No,0,0,0,0
San Jacinto,13,Proposition 8,,REP,Cast Votes:,83,9,67,159
San Jacinto,13,Proposition 8,,REP,Under Votes,1,0,2,3
San Jacinto,13,Proposition 8,,REP,Over Votes,0,0,0,0
San Jacinto,13,Proposition 9,,REP,Yes,79,9,65,153
San Jacinto,13,Proposition 9,,REP,No,4,0,2,6
San Jacinto,13,Proposition 9,,REP,Cast Votes:,83,9,67,159
San Jacinto,13,Proposition 9,,REP,Under Votes,1,0,2,3
San Jacinto,13,Proposition 9,,REP,Over Votes,0,0,0,0
San Jacinto,13,Proposition 10,,REP,Yes,78,9,57,144
San Jacinto,13,Proposition 10,,REP,No,4,0,8,12
San Jacinto,13,Proposition 10,,REP,Cast Votes:,82,9,65,156
San Jacinto,13,Proposition 10,,REP,Under Votes,2,0,4,6
San Jacinto,13,Proposition 10,,REP,Over Votes,0,0,0,0
San Jacinto,14,President,,DEM,Andrew Yang,0,0,0,0
San Jacinto,14,President,,DEM,John K. Delaney,0,0,0,0
San Jacinto,14,President,,DEM,Robby Wells,0,0,0,0
San Jacinto,14,President,,DEM,Joseph R. Biden,23,3,3,29
San Jacinto,14,President,,DEM,"Roque ""Rocky"" De La Fuente",0,0,0,0
San Jacinto,14,President,,DEM,Marianne Williamson,0,0,0,0
San Jacinto,14,President,,DEM,Deval Patrick,0,0,0,0
San Jacinto,14,President,,DEM,Elizabeth Warren,2,0,1,3
San Jacinto,14,President,,DEM,Tulsi Gabbard,0,0,0,0
San Jacinto,14,President,,DEM,Julián Castro,0,0,0,0
San Jacinto,14,President,,DEM,Pete Buttigieg,0,0,2,2
San Jacinto,14,President,,DEM,Bernie Sanders,2,1,0,3
San Jacinto,14,President,,DEM,Tom Steyer,0,0,0,0
San Jacinto,14,President,,DEM,Michael Bennet,0,0,0,0
San Jacinto,14,President,,DEM,Michael R. Bloomberg,2,3,2,7
San Jacinto,14,President,,DEM,Cory Booker,0,0,0,0
San Jacinto,14,President,,DEM,Amy Klobuchar,0,0,0,0
San Jacinto,14,Ballots Cast,,DEM,,29,7,8,44
San Jacinto,14,President,,DEM,Under Votes,0,0,0,0
San Jacinto,14,President,,DEM,Over Votes,0,0,0,0
San Jacinto,14,U.S. Senate,,DEM,Michael Cooper,3,1,0,4
San Jacinto,14,U.S. Senate,,DEM,Cristina Tzintzun Ramirez,0,1,1,2
San Jacinto,14,U.S. Senate,,DEM,Adrian Ocegueda,0,0,0,0
San Jacinto,14,U.S. Senate,,DEM,Jack Daniel Foster Jr,1,0,0,1
San Jacinto,14,U.S. Senate,,DEM,Chris Bell,8,1,2,11
San Jacinto,14,U.S. Senate,,DEM,"Mary ""MJ"" Hegar",6,2,4,12
San Jacinto,14,U.S. Senate,,DEM,"Annie ""Mamá"" Garcia",0,0,0,0
San Jacinto,14,U.S. Senate,,DEM,Sema Hernandez,2,0,0,2
San Jacinto,14,U.S. Senate,,DEM,Victor Hugo Harris,0,0,0,0
San Jacinto,14,U.S. Senate,,DEM,Royce West,1,2,0,3
San Jacinto,14,U.S. Senate,,DEM,Amanda K. Edwards,1,0,1,2
San Jacinto,14,U.S. Senate,,DEM,D.R. Hunter,0,0,0,0
San Jacinto,14,U.S. Senate,,DEM,Cast Votes:,22,7,8,37
San Jacinto,14,U.S. Senate,,DEM,Under Votes,7,0,0,7
San Jacinto,14,U.S. Senate,,DEM,Over Votes,0,0,0,0
San Jacinto,14,U.S. House,8,DEM,Laura Jones,14,2,6,22
San Jacinto,14,U.S. House,8,DEM,Elizabeth Hernandez,8,2,1,11
San Jacinto,14,U.S. House,8,DEM,Cast Votes:,22,4,7,33
San Jacinto,14,U.S. House,8,DEM,Under Votes,7,3,1,11
San Jacinto,14,U.S. House,8,DEM,Over Votes,0,0,0,0
San Jacinto,14,Railroad Commissioner,,DEM,"Roberto R. ""Beto"" Alonzo",10,1,0,11
San Jacinto,14,Railroad Commissioner,,DEM,Chrysta Castañeda,1,0,3,4
San Jacinto,14,Railroad Commissioner,,DEM,Kelly Stone,4,2,3,9
San Jacinto,14,Railroad Commissioner,,DEM,Mark Watson,6,1,2,9
San Jacinto,14,Railroad Commissioner,,DEM,Cast Votes:,21,4,8,33
San Jacinto,14,Railroad Commissioner,,DEM,Under Votes,8,3,0,11
San Jacinto,14,Railroad Commissioner,,DEM,Over Votes,0,0,0,0
San Jacinto,14,"Chief Justice, Supreme Court",,DEM,Jerry Zimmerer,4,2,0,6
San Jacinto,14,"Chief Justice, Supreme Court",,DEM,Amy Clark Meachum,16,2,8,26
San Jacinto,14,"Chief Justice, Supreme Court",,DEM,Cast Votes:,20,4,8,32
San Jacinto,14,"Chief Justice, Supreme Court",,DEM,Under Votes,9,3,0,12
San Jacinto,14,"Chief Justice, Supreme Court",,DEM,Over Votes,0,0,0,0
San Jacinto,14,"Justice, Supreme Court, Place 6 Unexpired Term",,DEM,Kathy Cheng,15,4,7,26
San Jacinto,14,"Justice, Supreme Court, Place 6 Unexpired Term",,DEM,Larry Praeger,6,0,1,7
San Jacinto,14,"Justice, Supreme Court, Place 6 Unexpired Term",,DEM,Cast Votes:,21,4,8,33
San Jacinto,14,"Justice, Supreme Court, Place 6 Unexpired Term",,DEM,Under Votes,8,3,0,11
San Jacinto,14,"Justice, Supreme Court, Place 6 Unexpired Term",,DEM,Over Votes,0,0,0,0
San Jacinto,14,"Justice, Supreme Court, Place 7",,DEM,Brandy Voss,8,0,3,11
San Jacinto,14,"Justice, Supreme Court, Place 7",,DEM,Staci Williams,12,4,5,21
San Jacinto,14,"Justice, Supreme Court, Place 7",,DEM,Cast Votes:,20,4,8,32
San Jacinto,14,"Justice, Supreme Court, Place 7",,DEM,Under Votes,9,3,0,12
San Jacinto,14,"Justice, Supreme Court, Place 7",,DEM,Over Votes,0,0,0,0
San Jacinto,14,"Justice, Supreme Court, Place 8",,DEM,Gisela D. Triana,8,4,6,18
San Jacinto,14,"Justice, Supreme Court, Place 8",,DEM,Peter Kelly,12,0,2,14
San Jacinto,14,"Justice, Supreme Court, Place 8",,DEM,Cast Votes:,20,4,8,32
San Jacinto,14,"Justice, Supreme Court, Place 8",,DEM,Under Votes,9,3,0,12
San Jacinto,14,"Justice, Supreme Court, Place 8",,DEM,Over Votes,0,0,0,0
San Jacinto,14,"Judge, Court of Criminal Appeals, Place 3",,DEM,Dan Wood,6,0,3,9
San Jacinto,14,"Judge, Court of Criminal Appeals, Place 3",,DEM,William Pieratt Demond,2,0,0,2
San Jacinto,14,"Judge, Court of Criminal Appeals, Place 3",,DEM,Elizabeth Davis Frizell,14,4,5,23
San Jacinto,14,"Judge, Court of Criminal Appeals, Place 3",,DEM,Cast Votes:,22,4,8,34
San Jacinto,14,"Judge, Court of Criminal Appeals, Place 3",,DEM,Under Votes,7,3,0,10
San Jacinto,14,"Judge, Court of Criminal Appeals, Place 3",,DEM,Over Votes,0,0,0,0
San Jacinto,14,"Judge, Court of Criminal Appeals, Place 4",,DEM,Steven Miears,5,1,3,9
San Jacinto,14,"Judge, Court of Criminal Appeals, Place 4",,DEM,Tina Clinton,14,3,5,22
San Jacinto,14,"Judge, Court of Criminal Appeals, Place 4",,DEM,Cast Votes:,19,4,8,31
San Jacinto,14,"Judge, Court of Criminal Appeals, Place 4",,DEM,Under Votes,10,3,0,13
San Jacinto,14,"Judge, Court of Criminal Appeals, Place 4",,DEM,Over Votes,0,0,0,0
San Jacinto,14,"Judge, Court of Criminal Appeals, Place 9",,DEM,Brandon Birmingham,17,4,8,29
San Jacinto,14,"Judge, Court of Criminal Appeals, Place 9",,DEM,Cast Votes:,17,4,8,29
San Jacinto,14,"Judge, Court of Criminal Appeals, Place 9",,DEM,Under Votes,12,3,0,15
San Jacinto,14,"Judge, Court of Criminal Appeals, Place 9",,DEM,Over Votes,0,0,0,0
San Jacinto,14,San Jacinto County Chairman,,DEM,Jacqueline Mier,19,4,8,31
San Jacinto,14,San Jacinto County Chairman,,DEM,Cast Votes:,19,4,8,31
San Jacinto,14,San Jacinto County Chairman,,DEM,Under Votes,10,3,0,13
San Jacinto,14,San Jacinto County Chairman,,DEM,Over Votes,0,0,0,0
San Jacinto,14,President,,REP,"Roque ""Rocky"" De La Fuente Guerra",0,0,0,0
San Jacinto,14,President,,REP,Donald J. Trump,69,8,59,136
San Jacinto,14,President,,REP,Bill Weld,0,0,1,1
San Jacinto,14,President,,REP,Zoltan G. Istvan,0,0,0,0
San Jacinto,14,President,,REP,Matthew John Matern,0,0,0,0
San Jacinto,14,President,,REP,Bob Ely,0,0,0,0
San Jacinto,14,President,,REP,Joe Walsh,0,0,0,0
San Jacinto,14,President,,REP,Uncommitted,0,0,0,0
San Jacinto,14,Ballots Cast,,REP,,69,8,60,137
San Jacinto,14,President,,REP,Under Votes,1,0,0,1
San Jacinto,14,President,,REP,Over Votes,0,0,0,0
San Jacinto,14,U.S. Senate,,REP,John Cornyn,53,8,43,104
San Jacinto,14,U.S. Senate,,REP,John Anthony Castro,1,0,0,1
San Jacinto,14,U.S. Senate,,REP,Dwayne Stovall,9,0,9,18
San Jacinto,14,U.S. Senate,,REP,Mark Yancey,2,0,3,5
San Jacinto,14,U.S. Senate,,REP,Virgil Bierschwale,0,0,1,1
San Jacinto,14,U.S. Senate,,REP,Cast Votes:,65,8,56,129
San Jacinto,14,U.S. Senate,,REP,Under Votes,5,0,4,9
San Jacinto,14,U.S. Senate,,REP,Over Votes,0,0,0,0
San Jacinto,14,U.S. House,8,REP,Kirk Osborn,8,1,5,14
San Jacinto,14,U.S. House,8,REP,Melissa Esparza-Mathis,3,0,0,3
San Jacinto,14,U.S. House,8,REP,Kevin Brady,58,7,51,116
San Jacinto,14,U.S. House,8,REP,Cast Votes:,69,8,56,133
San Jacinto,14,U.S. House,8,REP,Under Votes,1,0,4,5
San Jacinto,14,U.S. House,8,REP,Over Votes,0,0,0,0
San Jacinto,14,Railroad Commissioner,,REP,"James ""Jim"" Wright",39,7,28,74
San Jacinto,14,Railroad Commissioner,,REP,Ryan Sitton,21,1,24,46
San Jacinto,14,Railroad Commissioner,,REP,Cast Votes:,60,8,52,120
San Jacinto,14,Railroad Commissioner,,REP,Under Votes,10,0,8,18
San Jacinto,14,Railroad Commissioner,,REP,Over Votes,0,0,0,0
San Jacinto,14,"Chief Justice, Supreme Court",,REP,Nathan Hecht,60,8,49,117
San Jacinto,14,"Chief Justice, Supreme Court",,REP,Cast Votes:,60,8,49,117
San Jacinto,14,"Chief Justice, Supreme Court",,REP,Under Votes,10,0,11,21
San Jacinto,14,"Chief Justice, Supreme Court",,REP,Over Votes,0,0,0,0
San Jacinto,14,"Justice, Supreme Court, Place 6 Unexpired Term",,REP,Jane Bland,59,8,49,116
San Jacinto,14,"Justice, Supreme Court, Place 6 Unexpired Term",,REP,Cast Votes:,59,8,49,116
San Jacinto,14,"Justice, Supreme Court, Place 6 Unexpired Term",,REP,Under Votes,11,0,11,22
San Jacinto,14,"Justice, Supreme Court, Place 6 Unexpired Term",,REP,Over Votes,0,0,0,0
San Jacinto,14,"Justice, Supreme Court, Place 7",,REP,Jeff Boyd,59,8,50,117
San Jacinto,14,"Justice, Supreme Court, Place 7",,REP,Cast Votes:,59,8,50,117
San Jacinto,14,"Justice, Supreme Court, Place 7",,REP,Under Votes,11,0,10,21
San Jacinto,14,"Justice, Supreme Court, Place 7",,REP,Over Votes,0,0,0,0
San Jacinto,14,"Justice, Supreme Court, Place 8",,REP,Brett Busby,59,8,49,116
San Jacinto,14,"Justice, Supreme Court, Place 8",,REP,Cast Votes:,59,8,49,116
San Jacinto,14,"Justice, Supreme Court, Place 8",,REP,Under Votes,11,0,11,22
San Jacinto,14,"Justice, Supreme Court, Place 8",,REP,Over Votes,0,0,0,0
San Jacinto,14,"Judge, Court of Criminal Appeals, Place 3",,REP,Gina Parker,28,2,25,55
San Jacinto,14,"Judge, Court of Criminal Appeals, Place 3",,REP,Bert Richardson,30,5,21,56
San Jacinto,14,"Judge, Court of Criminal Appeals, Place 3",,REP,Cast Votes:,58,7,46,111
San Jacinto,14,"Judge, Court of Criminal Appeals, Place 3",,REP,Under Votes,12,1,14,27
San Jacinto,14,"Judge, Court of Criminal Appeals, Place 3",,REP,Over Votes,0,0,0,0
San Jacinto,14,"Judge, Court of Criminal Appeals, Place 4",,REP,Kevin Patrick Yeary,56,7,48,111
San Jacinto,14,"Judge, Court of Criminal Appeals, Place 4",,REP,Cast Votes:,56,7,48,111
San Jacinto,14,"Judge, Court of Criminal Appeals, Place 4",,REP,Under Votes,14,1,12,27
San Jacinto,14,"Judge, Court of Criminal Appeals, Place 4",,REP,Over Votes,0,0,0,0
San Jacinto,14,"Judge, Court of Criminal Appeals, Place 9",,REP,David Newell,57,7,48,112
San Jacinto,14,"Judge, Court of Criminal Appeals, Place 9",,REP,Cast Votes:,57,7,48,112
San Jacinto,14,"Judge, Court of Criminal Appeals, Place 9",,REP,Under Votes,13,1,12,26
San Jacinto,14,"Judge, Court of Criminal Appeals, Place 9",,REP,Over Votes,0,0,0,0
San Jacinto,14,"Member, State Board of Education, District 8",,REP,Audrey Young,56,7,47,110
San Jacinto,14,"Member, State Board of Education, District 8",,REP,Cast Votes:,56,7,47,110
San Jacinto,14,"Member, State Board of Education, District 8",,REP,Under Votes,14,1,13,28
San Jacinto,14,"Member, State Board of Education, District 8",,REP,Over Votes,0,0,0,0
San Jacinto,14,State Representative,18,REP,Ernest Bailes,63,7,53,123
San Jacinto,14,State Representative,18,REP,Cast Votes:,63,7,53,123
San Jacinto,14,State Representative,18,REP,Under Votes,7,1,7,15
San Jacinto,14,State Representative,18,REP,Over Votes,0,0,0,0
San Jacinto,14,"Chief Justice, 9th Court of Appeals District",,REP,"Chuck ""Charles B"" Meyer",15,4,14,33
San Jacinto,14,"Chief Justice, 9th Court of Appeals District",,REP,Jay Wright,12,1,8,21
San Jacinto,14,"Chief Justice, 9th Court of Appeals District",,REP,Jarrod Lee Walker,12,1,4,17
San Jacinto,14,"Chief Justice, 9th Court of Appeals District",,REP,Colleen Cordts Rice,6,0,10,16
San Jacinto,14,"Chief Justice, 9th Court of Appeals District",,REP,Scott Golemon,7,0,8,15
San Jacinto,14,"Chief Justice, 9th Court of Appeals District",,REP,Cast Votes:,52,6,44,102
San Jacinto,14,"Chief Justice, 9th Court of Appeals District",,REP,Under Votes,18,2,16,36
San Jacinto,14,"Chief Justice, 9th Court of Appeals District",,REP,Over Votes,0,0,0,0
San Jacinto,14,"District Judge, 411th Judicial District",,REP,Kaycee L. Jones,21,1,17,39
San Jacinto,14,"District Judge, 411th Judicial District",,REP,John Wells,36,7,30,73
San Jacinto,14,"District Judge, 411th Judicial District",,REP,Cast Votes:,57,8,47,112
San Jacinto,14,"District Judge, 411th Judicial District",,REP,Under Votes,13,0,13,26
San Jacinto,14,"District Judge, 411th Judicial District",,REP,Over Votes,0,0,0,0
San Jacinto,14,Sheriff,,REP,Greg Capers,42,7,34,83
San Jacinto,14,Sheriff,,REP,Mike Flynt,20,1,22,43
San Jacinto,14,Sheriff,,REP,Cast Votes:,62,8,56,126
San Jacinto,14,Sheriff,,REP,Under Votes,8,0,4,12
San Jacinto,14,Sheriff,,REP,Over Votes,0,0,0,0
San Jacinto,14,County Tax Assessor-Collector,,REP,Betty Davis,61,7,50,118
San Jacinto,14,County Tax Assessor-Collector,,REP,Cast Votes:,61,7,50,118
San Jacinto,14,County Tax Assessor-Collector,,REP,Under Votes,9,1,10,20
San Jacinto,14,County Tax Assessor-Collector,,REP,Over Votes,0,0,0,0
San Jacinto,14,"County Commissioner, Precinct 3",,REP,David Brandon,33,6,31,70
San Jacinto,14,"County Commissioner, Precinct 3",,REP,James D Blair,30,2,20,52
San Jacinto,14,"County Commissioner, Precinct 3",,REP,Cast Votes:,63,8,51,122
San Jacinto,14,"County Commissioner, Precinct 3",,REP,Under Votes,7,0,9,16
San Jacinto,14,"County Commissioner, Precinct 3",,REP,Over Votes,0,0,0,0
San Jacinto,14,"Constable, Precinct 3",,REP,Sam Houston,60,7,54,121
San Jacinto,14,"Constable, Precinct 3",,REP,Cast Votes:,60,7,54,121
San Jacinto,14,"Constable, Precinct 3",,REP,Under Votes,10,1,6,17
San Jacinto,14,"Constable, Precinct 3",,REP,Over Votes,0,0,0,0
San Jacinto,14,San Jacinto County Chairman,,REP,Dwayne Wright,57,7,50,114
San Jacinto,14,San Jacinto County Chairman,,REP,Cast Votes:,57,7,50,114
San Jacinto,14,San Jacinto County Chairman,,REP,Under Votes,13,1,10,24
San Jacinto,14,San Jacinto County Chairman,,REP,Over Votes,0,0,0,0
San Jacinto,14,Proposition #1,,DEM,Yes,26,5,7,38
San Jacinto,14,Proposition #1,,DEM,No,0,1,1,2
San Jacinto,14,Proposition #1,,DEM,Cast Votes:,26,6,8,40
San Jacinto,14,Proposition #1,,DEM,Under Votes,3,1,0,4
San Jacinto,14,Proposition #1,,DEM,Over Votes,0,0,0,0
San Jacinto,14,Proposition #2,,DEM,Yes,22,5,7,34
San Jacinto,14,Proposition #2,,DEM,No,3,1,1,5
San Jacinto,14,Proposition #2,,DEM,Cast Votes:,25,6,8,39
San Jacinto,14,Proposition #2,,DEM,Under Votes,4,1,0,5
San Jacinto,14,Proposition #2,,DEM,Over Votes,0,0,0,0
San Jacinto,14,Proposition #3,,DEM,Yes,26,6,8,40
San Jacinto,14,Proposition #3,,DEM,No,1,0,0,1
San Jacinto,14,Proposition #3,,DEM,Cast Votes:,27,6,8,41
San Jacinto,14,Proposition #3,,DEM,Under Votes,2,1,0,3
San Jacinto,14,Proposition #3,,DEM,Over Votes,0,0,0,0
San Jacinto,14,Proposition #4,,DEM,Yes,23,6,7,36
San Jacinto,14,Proposition #4,,DEM,No,3,1,1,5
San Jacinto,14,Proposition #4,,DEM,Cast Votes:,26,7,8,41
San Jacinto,14,Proposition #4,,DEM,Under Votes,3,0,0,3
San Jacinto,14,Proposition #4,,DEM,Over Votes,0,0,0,0
San Jacinto,14,Proposition #5,,DEM,Yes,24,7,7,38
San Jacinto,14,Proposition #5,,DEM,No,4,0,1,5
San Jacinto,14,Proposition #5,,DEM,Cast Votes:,28,7,8,43
San Jacinto,14,Proposition #5,,DEM,Under Votes,1,0,0,1
San Jacinto,14,Proposition #5,,DEM,Over Votes,0,0,0,0
San Jacinto,14,Proposition #6,,DEM,Yes,26,7,8,41
San Jacinto,14,Proposition #6,,DEM,No,2,0,0,2
San Jacinto,14,Proposition #6,,DEM,Cast Votes:,28,7,8,43
San Jacinto,14,Proposition #6,,DEM,Under Votes,1,0,0,1
San Jacinto,14,Proposition #6,,DEM,Over Votes,0,0,0,0
San Jacinto,14,Proposition #7,,DEM,Yes,25,6,5,36
San Jacinto,14,Proposition #7,,DEM,No,2,1,3,6
San Jacinto,14,Proposition #7,,DEM,Cast Votes:,27,7,8,42
San Jacinto,14,Proposition #7,,DEM,Under Votes,2,0,0,2
San Jacinto,14,Proposition #7,,DEM,Over Votes,0,0,0,0
San Jacinto,14,Proposition #8,,DEM,Yes,25,7,8,40
San Jacinto,14,Proposition #8,,DEM,No,3,0,0,3
San Jacinto,14,Proposition #8,,DEM,Cast Votes:,28,7,8,43
San Jacinto,14,Proposition #8,,DEM,Under Votes,1,0,0,1
San Jacinto,14,Proposition #8,,DEM,Over Votes,0,0,0,0
San Jacinto,14,Proposition #9,,DEM,Yes,26,7,7,40
San Jacinto,14,Proposition #9,,DEM,No,1,0,1,2
San Jacinto,14,Proposition #9,,DEM,Cast Votes:,27,7,8,42
San Jacinto,14,Proposition #9,,DEM,Under Votes,2,0,0,2
San Jacinto,14,Proposition #9,,DEM,Over Votes,0,0,0,0
San Jacinto,14,Proposition #10,,DEM,Yes,24,6,7,37
San Jacinto,14,Proposition #10,,DEM,No,4,1,1,6
San Jacinto,14,Proposition #10,,DEM,Cast Votes:,28,7,8,43
San Jacinto,14,Proposition #10,,DEM,Under Votes,1,0,0,1
San Jacinto,14,Proposition #10,,DEM,Over Votes,0,0,0,0
San Jacinto,14,Proposition #11,,DEM,Yes,26,7,7,40
San Jacinto,14,Proposition #11,,DEM,No,1,0,1,2
San Jacinto,14,Proposition #11,,DEM,Cast Votes:,27,7,8,42
San Jacinto,14,Proposition #11,,DEM,Under Votes,2,0,0,2
San Jacinto,14,Proposition #11,,DEM,Over Votes,0,0,0,0
San Jacinto,14,Proposition 1,,REP,Yes,62,8,55,125
San Jacinto,14,Proposition 1,,REP,No,5,0,4,9
San Jacinto,14,Proposition 1,,REP,Cast Votes:,67,8,59,134
San Jacinto,14,Proposition 1,,REP,Under Votes,3,0,1,4
San Jacinto,14,Proposition 1,,REP,Over Votes,0,0,0,0
San Jacinto,14,Proposition 2,,REP,Yes,62,8,55,125
San Jacinto,14,Proposition 2,,REP,No,7,0,5,12
San Jacinto,14,Proposition 2,,REP,Cast Votes:,69,8,60,137
San Jacinto,14,Proposition 2,,REP,Under Votes,1,0,0,1
San Jacinto,14,Proposition 2,,REP,Over Votes,0,0,0,0
San Jacinto,14,Proposition 3,,REP,Yes,65,8,59,132
San Jacinto,14,Proposition 3,,REP,No,3,0,0,3
San Jacinto,14,Proposition 3,,REP,Cast Votes:,68,8,59,135
San Jacinto,14,Proposition 3,,REP,Under Votes,2,0,1,3
San Jacinto,14,Proposition 3,,REP,Over Votes,0,0,0,0
San Jacinto,14,Proposition 4,,REP,Yes,68,8,60,136
San Jacinto,14,Proposition 4,,REP,No,1,0,0,1
San Jacinto,14,Proposition 4,,REP,Cast Votes:,69,8,60,137
San Jacinto,14,Proposition 4,,REP,Under Votes,1,0,0,1
San Jacinto,14,Proposition 4,,REP,Over Votes,0,0,0,0
San Jacinto,14,Proposition 5,,REP,Yes,64,8,54,126
San Jacinto,14,Proposition 5,,REP,No,5,0,4,9
San Jacinto,14,Proposition 5,,REP,Cast Votes:,69,8,58,135
San Jacinto,14,Proposition 5,,REP,Under Votes,1,0,2,3
San Jacinto,14,Proposition 5,,REP,Over Votes,0,0,0,0
San Jacinto,14,Proposition 6,,REP,Yes,65,8,60,133
San Jacinto,14,Proposition 6,,REP,No,4,0,0,4
San Jacinto,14,Proposition 6,,REP,Cast Votes:,69,8,60,137
San Jacinto,14,Proposition 6,,REP,Under Votes,1,0,0,1
San Jacinto,14,Proposition 6,,REP,Over Votes,0,0,0,0
San Jacinto,14,Proposition 7,,REP,Yes,66,8,60,134
San Jacinto,14,Proposition 7,,REP,No,1,0,0,1
San Jacinto,14,Proposition 7,,REP,Cast Votes:,67,8,60,135
San Jacinto,14,Proposition 7,,REP,Under Votes,3,0,0,3
San Jacinto,14,Proposition 7,,REP,Over Votes,0,0,0,0
San Jacinto,14,Proposition 8,,REP,Yes,69,8,59,136
San Jacinto,14,Proposition 8,,REP,No,0,0,1,1
San Jacinto,14,Proposition 8,,REP,Cast Votes:,69,8,60,137
San Jacinto,14,Proposition 8,,REP,Under Votes,1,0,0,1
San Jacinto,14,Proposition 8,,REP,Over Votes,0,0,0,0
San Jacinto,14,Proposition 9,,REP,Yes,66,8,58,132
San Jacinto,14,Proposition 9,,REP,No,2,0,0,2
San Jacinto,14,Proposition 9,,REP,Cast Votes:,68,8,58,134
San Jacinto,14,Proposition 9,,REP,Under Votes,2,0,2,4
San Jacinto,14,Proposition 9,,REP,Over Votes,0,0,0,0
San Jacinto,14,Proposition 10,,REP,Yes,64,8,53,125
San Jacinto,14,Proposition 10,,REP,No,4,0,3,7
San Jacinto,14,Proposition 10,,REP,Cast Votes:,68,8,56,132
San Jacinto,14,Proposition 10,,REP,Under Votes,2,0,4,6
San Jacinto,14,Proposition 10,,REP,Over Votes,0,0,0,0