county,precinct,office,district,party,candidate,mail,early_voting,election_day,votes
Rains,101,President,,REP,Matthew John Matern,1,0,0,1
Rains,101,President,,REP,Bob Ely,0,0,0,0
Rains,101,President,,REP,Bill Weld,1,0,0,1
Rains,101,President,,REP,"Roque ""Rocky"" De La Fuente Guerra",0,0,0,0
Rains,101,President,,REP,Joe Walsh,1,0,2,3
Rains,101,President,,REP,Zoltan G. Istvan,0,0,0,0
Rains,101,President,,REP,Donald J. Trump,179,15,246,440
Rains,101,President,,REP,Uncommitted,7,0,10,17
Rains,101,President,,REP,Ballots Cast,189,15,258,462
Rains,101,President,,REP,Under Votes,0,0,0,0
Rains,101,President,,REP,Over Votes,0,0,0,0
Rains,101,U.S. Senate,,REP,John Anthony Castro,9,0,13,22
Rains,101,U.S. Senate,,REP,Virgil Bierschwale,0,0,2,2
Rains,101,U.S. Senate,,REP,Dwayne Stovall,28,2,26,56
Rains,101,U.S. Senate,,REP,John Cornyn,119,12,183,314
Rains,101,U.S. Senate,,REP,Mark Yancey,11,0,11,22
Rains,101,U.S. Senate,,REP,Ballots Cast,167,14,235,416
Rains,101,U.S. Senate,,REP,Under Votes,22,1,23,46
Rains,101,U.S. Senate,,REP,Over Votes,0,0,0,0
Rains,101,U.S. House,4,REP,John Ratcliffe,165,15,234,414
Rains,101,U.S. House,4,REP,Ballots Cast,165,15,234,414
Rains,101,U.S. House,4,REP,Under Votes,24,0,24,48
Rains,101,U.S. House,4,REP,Over Votes,0,0,0,0
Rains,101,Railroad Commissioner,,REP,Ryan Sitton,47,5,67,119
Rains,101,Railroad Commissioner,,REP,"James ""Jim"" Wright",113,7,145,265
Rains,101,Railroad Commissioner,,REP,Ballots Cast,160,12,212,384
Rains,101,Railroad Commissioner,,REP,Under Votes,29,3,46,78
Rains,101,Railroad Commissioner,,REP,Over Votes,0,0,0,0
Rains,101,"Chief Justice, Supreme Court",,REP,Nathan Hecht,154,14,211,379
Rains,101,"Chief Justice, Supreme Court",,REP,Ballots Cast,154,14,211,379
Rains,101,"Chief Justice, Supreme Court",,REP,Under Votes,35,1,47,83
Rains,101,"Chief Justice, Supreme Court",,REP,Over Votes,0,0,0,0
Rains,101,"Justice, Supreme Court, Place 6",,REP,Jane Bland,149,14,209,372
Rains,101,"Justice, Supreme Court, Place 6",,REP,Ballots Cast,149,14,209,372
Rains,101,"Justice, Supreme Court, Place 6",,REP,Under Votes,40,1,49,90
Rains,101,"Justice, Supreme Court, Place 6",,REP,Over Votes,0,0,0,0
Rains,101,"Justice, Supreme Court, Place 7",,REP,Jeff Boyd,152,14,208,374
Rains,101,"Justice, Supreme Court, Place 7",,REP,Ballots Cast,152,14,208,374
Rains,101,"Justice, Supreme Court, Place 7",,REP,Under Votes,37,1,50,88
Rains,101,"Justice, Supreme Court, Place 7",,REP,Over Votes,0,0,0,0
Rains,101,"Justice, Supreme Court, Place 8",,REP,Brett Busby,151,14,203,368
Rains,101,"Justice, Supreme Court, Place 8",,REP,Ballots Cast,151,14,203,368
Rains,101,"Justice, Supreme Court, Place 8",,REP,Under Votes,38,1,55,94
Rains,101,"Justice, Supreme Court, Place 8",,REP,Over Votes,0,0,0,0
Rains,101,"Judge, Court of Criminal Appeals, Place 3",,REP,Gina Parker,72,7,98,177
Rains,101,"Judge, Court of Criminal Appeals, Place 3",,REP,Bert Richardson,80,5,101,186
Rains,101,"Judge, Court of Criminal Appeals, Place 3",,REP,Ballots Cast,152,12,199,363
Rains,101,"Judge, Court of Criminal Appeals, Place 3",,REP,Under Votes,37,3,59,99
Rains,101,"Judge, Court of Criminal Appeals, Place 3",,REP,Over Votes,0,0,0,0
Rains,101,"Judge, Court of Criminal Appeals, Place 4",,REP,Kevin Patrick Yeary,151,14,200,365
Rains,101,"Judge, Court of Criminal Appeals, Place 4",,REP,Ballots Cast,151,14,200,365
Rains,101,"Judge, Court of Criminal Appeals, Place 4",,REP,Under Votes,38,1,58,97
Rains,101,"Judge, Court of Criminal Appeals, Place 4",,REP,Over Votes,0,0,0,0
Rains,101,"Judge, Court of Criminal Appeals, Place 9",,REP,David Newell,149,14,201,364
Rains,101,"Judge, Court of Criminal Appeals, Place 9",,REP,Ballots Cast,149,14,201,364
Rains,101,"Judge, Court of Criminal Appeals, Place 9",,REP,Under Votes,40,1,57,98
Rains,101,"Judge, Court of Criminal Appeals, Place 9",,REP,Over Votes,0,0,0,0
Rains,101,"Member, State Board of Education, District 9",,REP,Keven M. Ellis,149,14,195,358
Rains,101,"Member, State Board of Education, District 9",,REP,Ballots Cast,149,14,195,358
Rains,101,"Member, State Board of Education, District 9",,REP,Under Votes,40,1,63,104
Rains,101,"Member, State Board of Education, District 9",,REP,Over Votes,0,0,0,0
Rains,101,State Representative,5,REP,Cole Hefner,156,14,217,387
Rains,101,State Representative,5,REP,Ballots Cast,156,14,217,387
Rains,101,State Representative,5,REP,Under Votes,33,1,41,75
Rains,101,State Representative,5,REP,Over Votes,0,0,0,0
Rains,101,"Chief Justice, 12th Court of Appeals District",,REP,Jim Worthen,148,14,200,362
Rains,101,"Chief Justice, 12th Court of Appeals District",,REP,Ballots Cast,148,14,200,362
Rains,101,"Chief Justice, 12th Court of Appeals District",,REP,Under Votes,41,1,58,100
Rains,101,"Chief Justice, 12th Court of Appeals District",,REP,Over Votes,0,0,0,0
Rains,101,"District Judge, 8th Judicial District",,REP,Eddie Northcutt,156,14,220,390
Rains,101,"District Judge, 8th Judicial District",,REP,Ballots Cast,156,14,220,390
Rains,101,"District Judge, 8th Judicial District",,REP,Under Votes,33,1,38,72
Rains,101,"District Judge, 8th Judicial District",,REP,Over Votes,0,0,0,0
Rains,101,"District Judge, 354th Judicial District",,REP,Keli M. Aiken,148,14,208,370
Rains,101,"District Judge, 354th Judicial District",,REP,Ballots Cast,148,14,208,370
Rains,101,"District Judge, 354th Judicial District",,REP,Under Votes,41,1,50,92
Rains,101,"District Judge, 354th Judicial District",,REP,Over Votes,0,0,0,0
Rains,101,County Attorney,,REP,Robert F. Vititow,150,14,217,381
Rains,101,County Attorney,,REP,Ballots Cast,150,14,217,381
Rains,101,County Attorney,,REP,Under Votes,39,1,41,81
Rains,101,County Attorney,,REP,Over Votes,0,0,0,0
Rains,101,Sheriff,,REP,David Traylor,87,9,134,230
Rains,101,Sheriff,,REP,Jenkins Franklin,97,6,118,221
Rains,101,Sheriff,,REP,Ballots Cast,184,15,252,451
Rains,101,Sheriff,,REP,Under Votes,5,0,6,11
Rains,101,Sheriff,,REP,Over Votes,0,0,0,0
Rains,101,County Tax Assessor-Collector,,REP,Sheila Floyd,159,14,235,408
Rains,101,County Tax Assessor-Collector,,REP,Ballots Cast,159,14,235,408
Rains,101,County Tax Assessor-Collector,,REP,Under Votes,30,1,23,54
Rains,101,County Tax Assessor-Collector,,REP,Over Votes,0,0,0,0
Rains,101,"County Commissioner, Precinct 1",,REP,Gary D. Stone,52,3,58,113
Rains,101,"County Commissioner, Precinct 1",,REP,Matt Smith,29,2,33,64
Rains,101,"County Commissioner, Precinct 1",,REP,Patsy Marshall,23,4,35,62
Rains,101,"County Commissioner, Precinct 1",,REP,Jeremy A. Cook,77,4,124,205
Rains,101,"County Commissioner, Precinct 1",,REP,Ballots Cast,181,13,250,444
Rains,101,"County Commissioner, Precinct 1",,REP,Under Votes,8,2,8,18
Rains,101,"County Commissioner, Precinct 1",,REP,Over Votes,0,0,0,0
Rains,101,Constable,,REP,Allen Wayne Davis,154,14,213,381
Rains,101,Constable,,REP,Ballots Cast,154,14,213,381
Rains,101,Constable,,REP,Under Votes,35,1,45,81
Rains,101,Constable,,REP,Over Votes,0,0,0,0
Rains,101,County Chairman,,REP,Kristi R. Ratliff,159,14,224,397
Rains,101,County Chairman,,REP,Ballots Cast,159,14,224,397
Rains,101,County Chairman,,REP,Under Votes,30,1,34,65
Rains,101,County Chairman,,REP,Over Votes,0,0,0,0
Rains,101,Proposition 1,,REP,Yes,151,14,211,376
Rains,101,Proposition 1,,REP,No,31,1,40,72
Rains,101,Proposition 1,,REP,Ballots Cast,182,15,251,448
Rains,101,Proposition 1,,REP,Under Votes,7,0,7,14
Rains,101,Proposition 1,,REP,Over Votes,0,0,0,0
Rains,101,Proposition 2,,REP,Yes,158,14,203,375
Rains,101,Proposition 2,,REP,No,26,1,42,69
Rains,101,Proposition 2,,REP,Ballots Cast,184,15,245,444
Rains,101,Proposition 2,,REP,Under Votes,5,0,13,18
Rains,101,Proposition 2,,REP,Over Votes,0,0,0,0
Rains,101,Proposition 3,,REP,Yes,171,14,234,419
Rains,101,Proposition 3,,REP,No,11,0,8,19
Rains,101,Proposition 3,,REP,Ballots Cast,182,14,242,438
Rains,101,Proposition 3,,REP,Under Votes,7,1,16,24
Rains,101,Proposition 3,,REP,Over Votes,0,0,0,0
Rains,101,Proposition 4,,REP,Yes,181,15,225,421
Rains,101,Proposition 4,,REP,No,4,0,16,20
Rains,101,Proposition 4,,REP,Ballots Cast,185,15,241,441
Rains,101,Proposition 4,,REP,Under Votes,4,0,17,21
Rains,101,Proposition 4,,REP,Over Votes,0,0,0,0
Rains,101,Proposition 5,,REP,Yes,168,15,220,403
Rains,101,Proposition 5,,REP,No,12,0,16,28
Rains,101,Proposition 5,,REP,Ballots Cast,180,15,236,431
Rains,101,Proposition 5,,REP,Under Votes,9,0,22,31
Rains,101,Proposition 5,,REP,Over Votes,0,0,0,0
Rains,101,Proposition 6,,REP,Yes,167,15,220,402
Rains,101,Proposition 6,,REP,No,12,0,15,27
Rains,101,Proposition 6,,REP,Ballots Cast,179,15,235,429
Rains,101,Proposition 6,,REP,Under Votes,10,0,23,33
Rains,101,Proposition 6,,REP,Over Votes,0,0,0,0
Rains,101,Proposition 7,,REP,Yes,178,15,239,432
Rains,101,Proposition 7,,REP,No,2,0,3,5
Rains,101,Proposition 7,,REP,Ballots Cast,180,15,242,437
Rains,101,Proposition 7,,REP,Under Votes,9,0,16,25
Rains,101,Proposition 7,,REP,Over Votes,0,0,0,0
Rains,101,Proposition 8,,REP,Yes,178,15,239,432
Rains,101,Proposition 8,,REP,No,1,0,2,3
Rains,101,Proposition 8,,REP,Ballots Cast,179,15,241,435
Rains,101,Proposition 8,,REP,Under Votes,10,0,17,27
Rains,101,Proposition 8,,REP,Over Votes,0,0,0,0
Rains,101,Proposition 9,,REP,Yes,166,13,223,402
Rains,101,Proposition 9,,REP,No,12,2,16,30
Rains,101,Proposition 9,,REP,Ballots Cast,178,15,239,432
Rains,101,Proposition 9,,REP,Under Votes,11,0,19,30
Rains,101,Proposition 9,,REP,Over Votes,0,0,0,0
Rains,101,Proposition 10,,REP,Yes,170,7,235,412
Rains,101,Proposition 10,,REP,No,11,4,9,24
Rains,101,Proposition 10,,REP,Ballots Cast,181,11,244,436
Rains,101,Proposition 10,,REP,Under Votes,8,4,14,26
Rains,101,Proposition 10,,REP,Over Votes,0,0,0,0
Rains,102,President,,REP,Matthew John Matern,0,0,0,0
Rains,102,President,,REP,Bob Ely,1,1,0,2
Rains,102,President,,REP,Bill Weld,0,0,0,0
Rains,102,President,,REP,"Roque ""Rocky"" De La Fuente Guerra",1,0,0,1
Rains,102,President,,REP,Joe Walsh,0,0,0,0
Rains,102,President,,REP,Zoltan G. Istvan,0,0,0,0
Rains,102,President,,REP,Donald J. Trump,140,4,58,202
Rains,102,President,,REP,Uncommitted,2,0,3,5
Rains,102,President,,REP,Ballots Cast,144,5,61,210
Rains,102,President,,REP,Under Votes,0,2,0,2
Rains,102,President,,REP,Over Votes,0,0,0,0
Rains,102,U.S. Senate,,REP,John Anthony Castro,8,0,1,9
Rains,102,U.S. Senate,,REP,Virgil Bierschwale,0,0,0,0
Rains,102,U.S. Senate,,REP,Dwayne Stovall,18,1,2,21
Rains,102,U.S. Senate,,REP,John Cornyn,98,4,47,149
Rains,102,U.S. Senate,,REP,Mark Yancey,4,0,6,10
Rains,102,U.S. Senate,,REP,Ballots Cast,128,5,56,189
Rains,102,U.S. Senate,,REP,Under Votes,16,2,5,23
Rains,102,U.S. Senate,,REP,Over Votes,0,0,0,0
Rains,102,U.S. House,4,REP,John Ratcliffe,128,5,53,186
Rains,102,U.S. House,4,REP,Ballots Cast,128,5,53,186
Rains,102,U.S. House,4,REP,Under Votes,16,2,8,26
Rains,102,U.S. House,4,REP,Over Votes,0,0,0,0
Rains,102,Railroad Commissioner,,REP,Ryan Sitton,48,2,20,70
Rains,102,Railroad Commissioner,,REP,"James ""Jim"" Wright",71,3,32,106
Rains,102,Railroad Commissioner,,REP,Ballots Cast,119,5,52,176
Rains,102,Railroad Commissioner,,REP,Under Votes,25,2,9,36
Rains,102,Railroad Commissioner,,REP,Over Votes,0,0,0,0
Rains,102,"Chief Justice, Supreme Court",,REP,Nathan Hecht,119,5,48,172
Rains,102,"Chief Justice, Supreme Court",,REP,Ballots Cast,119,5,48,172
Rains,102,"Chief Justice, Supreme Court",,REP,Under Votes,25,2,13,40
Rains,102,"Chief Justice, Supreme Court",,REP,Over Votes,0,0,0,0
Rains,102,"Justice, Supreme Court, Place 6",,REP,Jane Bland,117,5,50,172
Rains,102,"Justice, Supreme Court, Place 6",,REP,Ballots Cast,117,5,50,172
Rains,102,"Justice, Supreme Court, Place 6",,REP,Under Votes,27,2,11,40
Rains,102,"Justice, Supreme Court, Place 6",,REP,Over Votes,0,0,0,0
Rains,102,"Justice, Supreme Court, Place 7",,REP,Jeff Boyd,119,5,52,176
Rains,102,"Justice, Supreme Court, Place 7",,REP,Ballots Cast,119,5,52,176
Rains,102,"Justice, Supreme Court, Place 7",,REP,Under Votes,25,2,9,36
Rains,102,"Justice, Supreme Court, Place 7",,REP,Over Votes,0,0,0,0
Rains,102,"Justice, Supreme Court, Place 8",,REP,Brett Busby,117,5,51,173
Rains,102,"Justice, Supreme Court, Place 8",,REP,Ballots Cast,117,5,51,173
Rains,102,"Justice, Supreme Court, Place 8",,REP,Under Votes,27,2,10,39
Rains,102,"Justice, Supreme Court, Place 8",,REP,Over Votes,0,0,0,0
Rains,102,"Judge, Court of Criminal Appeals, Place 3",,REP,Gina Parker,69,4,34,107
Rains,102,"Judge, Court of Criminal Appeals, Place 3",,REP,Bert Richardson,45,1,17,63
Rains,102,"Judge, Court of Criminal Appeals, Place 3",,REP,Ballots Cast,114,5,51,170
Rains,102,"Judge, Court of Criminal Appeals, Place 3",,REP,Under Votes,30,2,10,42
Rains,102,"Judge, Court of Criminal Appeals, Place 3",,REP,Over Votes,0,0,0,0
Rains,102,"Judge, Court of Criminal Appeals, Place 4",,REP,Kevin Patrick Yeary,114,5,48,167
Rains,102,"Judge, Court of Criminal Appeals, Place 4",,REP,Ballots Cast,114,5,48,167
Rains,102,"Judge, Court of Criminal Appeals, Place 4",,REP,Under Votes,30,2,13,45
Rains,102,"Judge, Court of Criminal Appeals, Place 4",,REP,Over Votes,0,0,0,0
Rains,102,"Judge, Court of Criminal Appeals, Place 9",,REP,David Newell,115,5,49,169
Rains,102,"Judge, Court of Criminal Appeals, Place 9",,REP,Ballots Cast,115,5,49,169
Rains,102,"Judge, Court of Criminal Appeals, Place 9",,REP,Under Votes,29,2,12,43
Rains,102,"Judge, Court of Criminal Appeals, Place 9",,REP,Over Votes,0,0,0,0
Rains,102,"Member, State Board of Education, District 9",,REP,Keven M. Ellis,114,5,49,168
Rains,102,"Member, State Board of Education, District 9",,REP,Ballots Cast,114,5,49,168
Rains,102,"Member, State Board of Education, District 9",,REP,Under Votes,30,2,12,44
Rains,102,"Member, State Board of Education, District 9",,REP,Over Votes,0,0,0,0
Rains,102,State Representative,5,REP,Cole Hefner,112,5,51,168
Rains,102,State Representative,5,REP,Ballots Cast,112,5,51,168
Rains,102,State Representative,5,REP,Under Votes,32,2,10,44
Rains,102,State Representative,5,REP,Over Votes,0,0,0,0
Rains,102,"Chief Justice, 12th Court of Appeals District",,REP,Jim Worthen,113,5,48,166
Rains,102,"Chief Justice, 12th Court of Appeals District",,REP,Ballots Cast,113,5,48,166
Rains,102,"Chief Justice, 12th Court of Appeals District",,REP,Under Votes,31,2,13,46
Rains,102,"Chief Justice, 12th Court of Appeals District",,REP,Over Votes,0,0,0,0
Rains,102,"District Judge, 8th Judicial District",,REP,Eddie Northcutt,115,5,51,171
Rains,102,"District Judge, 8th Judicial District",,REP,Ballots Cast,115,5,51,171
Rains,102,"District Judge, 8th Judicial District",,REP,Under Votes,29,2,10,41
Rains,102,"District Judge, 8th Judicial District",,REP,Over Votes,0,0,0,0
Rains,102,"District Judge, 354th Judicial District",,REP,Keli M. Aiken,115,5,51,171
Rains,102,"District Judge, 354th Judicial District",,REP,Ballots Cast,115,5,51,171
Rains,102,"District Judge, 354th Judicial District",,REP,Under Votes,29,2,10,41
Rains,102,"District Judge, 354th Judicial District",,REP,Over Votes,0,0,0,0
Rains,102,County Attorney,,REP,Robert F. Vititow,115,5,51,171
Rains,102,County Attorney,,REP,Ballots Cast,115,5,51,171
Rains,102,County Attorney,,REP,Under Votes,29,2,10,41
Rains,102,County Attorney,,REP,Over Votes,0,0,0,0
Rains,102,Sheriff,,REP,David Traylor,85,4,32,121
Rains,102,Sheriff,,REP,Jenkins Franklin,52,3,26,81
Rains,102,Sheriff,,REP,Ballots Cast,137,7,58,202
Rains,102,Sheriff,,REP,Under Votes,7,0,3,10
Rains,102,Sheriff,,REP,Over Votes,0,0,0,0
Rains,102,County Tax Assessor-Collector,,REP,Sheila Floyd,123,5,51,179
Rains,102,County Tax Assessor-Collector,,REP,Ballots Cast,123,5,51,179
Rains,102,County Tax Assessor-Collector,,REP,Under Votes,21,2,10,33
Rains,102,County Tax Assessor-Collector,,REP,Over Votes,0,0,0,0
Rains,102,"County Commissioner, Precinct 1",,REP,Gary D. Stone,22,0,8,30
Rains,102,"County Commissioner, Precinct 1",,REP,Matt Smith,7,0,7,14
Rains,102,"County Commissioner, Precinct 1",,REP,Patsy Marshall,70,7,27,104
Rains,102,"County Commissioner, Precinct 1",,REP,Jeremy A. Cook,38,0,17,55
Rains,102,"County Commissioner, Precinct 1",,REP,Ballots Cast,137,7,59,203
Rains,102,"County Commissioner, Precinct 1",,REP,Under Votes,7,0,2,9
Rains,102,"County Commissioner, Precinct 1",,REP,Over Votes,0,0,0,0
Rains,102,Constable,,REP,Allen Wayne Davis,118,5,50,173
Rains,102,Constable,,REP,Ballots Cast,118,5,50,173
Rains,102,Constable,,REP,Under Votes,26,2,11,39
Rains,102,Constable,,REP,Over Votes,0,0,0,0
Rains,102,County Chairman,,REP,Kristi R. Ratliff,117,5,50,172
Rains,102,County Chairman,,REP,Ballots Cast,117,5,50,172
Rains,102,County Chairman,,REP,Under Votes,27,2,11,40
Rains,102,County Chairman,,REP,Over Votes,0,0,0,0
Rains,102,Proposition 1,,REP,Yes,120,5,47,172
Rains,102,Proposition 1,,REP,No,22,0,8,30
Rains,102,Proposition 1,,REP,Ballots Cast,142,5,55,202
Rains,102,Proposition 1,,REP,Under Votes,2,2,6,10
Rains,102,Proposition 1,,REP,Over Votes,0,0,0,0
Rains,102,Proposition 2,,REP,Yes,116,3,47,166
Rains,102,Proposition 2,,REP,No,26,2,11,39
Rains,102,Proposition 2,,REP,Ballots Cast,142,5,58,205
Rains,102,Proposition 2,,REP,Under Votes,2,2,3,7
Rains,102,Proposition 2,,REP,Over Votes,0,0,0,0
Rains,102,Proposition 3,,REP,Yes,126,5,51,182
Rains,102,Proposition 3,,REP,No,12,0,4,16
Rains,102,Proposition 3,,REP,Ballots Cast,138,5,55,198
Rains,102,Proposition 3,,REP,Under Votes,6,2,6,14
Rains,102,Proposition 3,,REP,Over Votes,0,0,0,0
Rains,102,Proposition 4,,REP,Yes,133,4,53,190
Rains,102,Proposition 4,,REP,No,6,1,2,9
Rains,102,Proposition 4,,REP,Ballots Cast,139,5,55,199
Rains,102,Proposition 4,,REP,Under Votes,5,2,6,13
Rains,102,Proposition 4,,REP,Over Votes,0,0,0,0
Rains,102,Proposition 5,,REP,Yes,118,4,49,171
Rains,102,Proposition 5,,REP,No,22,1,3,26
Rains,102,Proposition 5,,REP,Ballots Cast,140,5,52,197
Rains,102,Proposition 5,,REP,Under Votes,4,2,9,15
Rains,102,Proposition 5,,REP,Over Votes,0,0,0,0
Rains,102,Proposition 6,,REP,Yes,128,5,49,182
Rains,102,Proposition 6,,REP,No,11,0,5,16
Rains,102,Proposition 6,,REP,Ballots Cast,139,5,54,198
Rains,102,Proposition 6,,REP,Under Votes,5,2,7,14
Rains,102,Proposition 6,,REP,Over Votes,0,0,0,0
Rains,102,Proposition 7,,REP,Yes,142,5,55,202
Rains,102,Proposition 7,,REP,No,1,0,2,3
Rains,102,Proposition 7,,REP,Ballots Cast,143,5,57,205
Rains,102,Proposition 7,,REP,Under Votes,1,2,4,7
Rains,102,Proposition 7,,REP,Over Votes,0,0,0,0
Rains,102,Proposition 8,,REP,Yes,139,5,56,200
Rains,102,Proposition 8,,REP,No,2,0,0,2
Rains,102,Proposition 8,,REP,Ballots Cast,141,5,56,202
Rains,102,Proposition 8,,REP,Under Votes,3,2,5,10
Rains,102,Proposition 8,,REP,Over Votes,0,0,0,0
Rains,102,Proposition 9,,REP,Yes,130,5,55,190
Rains,102,Proposition 9,,REP,No,11,0,1,12
Rains,102,Proposition 9,,REP,Ballots Cast,141,5,56,202
Rains,102,Proposition 9,,REP,Under Votes,3,2,5,10
Rains,102,Proposition 9,,REP,Over Votes,0,0,0,0
Rains,102,Proposition 10,,REP,Yes,128,5,55,188
Rains,102,Proposition 10,,REP,No,7,0,1,8
Rains,102,Proposition 10,,REP,Ballots Cast,135,5,56,196
Rains,102,Proposition 10,,REP,Under Votes,9,2,5,16
Rains,102,Proposition 10,,REP,Over Votes,0,0,0,0
Rains,203,President,,REP,Matthew John Matern,2,0,0,2
Rains,203,President,,REP,Bob Ely,1,0,0,1
Rains,203,President,,REP,Bill Weld,0,0,5,5
Rains,203,President,,REP,"Roque ""Rocky"" De La Fuente Guerra",0,0,1,1
Rains,203,President,,REP,Joe Walsh,1,0,0,1
Rains,203,President,,REP,Zoltan G. Istvan,0,0,0,0
Rains,203,President,,REP,Donald J. Trump,202,5,201,408
Rains,203,President,,REP,Uncommitted,4,0,3,7
Rains,203,President,,REP,Ballots Cast,210,5,210,425
Rains,203,President,,REP,Under Votes,0,1,1,2
Rains,203,President,,REP,Over Votes,0,0,0,0
Rains,203,U.S. Senate,,REP,John Anthony Castro,14,0,6,20
Rains,203,U.S. Senate,,REP,Virgil Bierschwale,0,0,3,3
Rains,203,U.S. Senate,,REP,Dwayne Stovall,23,0,20,43
Rains,203,U.S. Senate,,REP,John Cornyn,138,6,148,292
Rains,203,U.S. Senate,,REP,Mark Yancey,17,0,10,27
Rains,203,U.S. Senate,,REP,Ballots Cast,192,6,187,385
Rains,203,U.S. Senate,,REP,Under Votes,18,0,24,42
Rains,203,U.S. Senate,,REP,Over Votes,0,0,0,0
Rains,203,U.S. House,4,REP,John Ratcliffe,193,4,189,386
Rains,203,U.S. House,4,REP,Ballots Cast,193,4,189,386
Rains,203,U.S. House,4,REP,Under Votes,17,2,22,41
Rains,203,U.S. House,4,REP,Over Votes,0,0,0,0
Rains,203,Railroad Commissioner,,REP,Ryan Sitton,65,0,50,115
Rains,203,Railroad Commissioner,,REP,"James ""Jim"" Wright",110,3,119,232
Rains,203,Railroad Commissioner,,REP,Ballots Cast,175,3,169,347
Rains,203,Railroad Commissioner,,REP,Under Votes,35,3,42,80
Rains,203,Railroad Commissioner,,REP,Over Votes,0,0,0,0
Rains,203,"Chief Justice, Supreme Court",,REP,Nathan Hecht,180,3,174,357
Rains,203,"Chief Justice, Supreme Court",,REP,Ballots Cast,180,3,174,357
Rains,203,"Chief Justice, Supreme Court",,REP,Under Votes,30,3,37,70
Rains,203,"Chief Justice, Supreme Court",,REP,Over Votes,0,0,0,0
Rains,203,"Justice, Supreme Court, Place 6",,REP,Jane Bland,174,3,169,346
Rains,203,"Justice, Supreme Court, Place 6",,REP,Ballots Cast,174,3,169,346
Rains,203,"Justice, Supreme Court, Place 6",,REP,Under Votes,36,3,42,81
Rains,203,"Justice, Supreme Court, Place 6",,REP,Over Votes,0,0,0,0
Rains,203,"Justice, Supreme Court, Place 7",,REP,Jeff Boyd,176,3,171,350
Rains,203,"Justice, Supreme Court, Place 7",,REP,Ballots Cast,176,3,171,350
Rains,203,"Justice, Supreme Court, Place 7",,REP,Under Votes,34,3,40,77
Rains,203,"Justice, Supreme Court, Place 7",,REP,Over Votes,0,0,0,0
Rains,203,"Justice, Supreme Court, Place 8",,REP,Brett Busby,174,3,169,346
Rains,203,"Justice, Supreme Court, Place 8",,REP,Ballots Cast,174,3,169,346
Rains,203,"Justice, Supreme Court, Place 8",,REP,Under Votes,36,3,42,81
Rains,203,"Justice, Supreme Court, Place 8",,REP,Over Votes,0,0,0,0
Rains,203,"Judge, Court of Criminal Appeals, Place 3",,REP,Gina Parker,95,3,80,178
Rains,203,"Judge, Court of Criminal Appeals, Place 3",,REP,Bert Richardson,78,0,78,156
Rains,203,"Judge, Court of Criminal Appeals, Place 3",,REP,Ballots Cast,173,3,158,334
Rains,203,"Judge, Court of Criminal Appeals, Place 3",,REP,Under Votes,37,3,53,93
Rains,203,"Judge, Court of Criminal Appeals, Place 3",,REP,Over Votes,0,0,0,0
Rains,203,"Judge, Court of Criminal Appeals, Place 4",,REP,Kevin Patrick Yeary,176,3,168,347
Rains,203,"Judge, Court of Criminal Appeals, Place 4",,REP,Ballots Cast,176,3,168,347
Rains,203,"Judge, Court of Criminal Appeals, Place 4",,REP,Under Votes,34,3,43,80
Rains,203,"Judge, Court of Criminal Appeals, Place 4",,REP,Over Votes,0,0,0,0
Rains,203,"Judge, Court of Criminal Appeals, Place 9",,REP,David Newell,177,3,168,348
Rains,203,"Judge, Court of Criminal Appeals, Place 9",,REP,Ballots Cast,177,3,168,348
Rains,203,"Judge, Court of Criminal Appeals, Place 9",,REP,Under Votes,33,3,43,79
Rains,203,"Judge, Court of Criminal Appeals, Place 9",,REP,Over Votes,0,0,0,0
Rains,203,"Member, State Board of Education, District 9",,REP,Keven M. Ellis,174,3,167,344
Rains,203,"Member, State Board of Education, District 9",,REP,Ballots Cast,174,3,167,344
Rains,203,"Member, State Board of Education, District 9",,REP,Under Votes,36,3,44,83
Rains,203,"Member, State Board of Education, District 9",,REP,Over Votes,0,0,0,0
Rains,203,State Representative,5,REP,Cole Hefner,187,3,179,369
Rains,203,State Representative,5,REP,Ballots Cast,187,3,179,369
Rains,203,State Representative,5,REP,Under Votes,23,3,32,58
Rains,203,State Representative,5,REP,Over Votes,0,0,0,0
Rains,203,"Chief Justice, 12th Court of Appeals District",,REP,Jim Worthen,176,3,165,344
Rains,203,"Chief Justice, 12th Court of Appeals District",,REP,Ballots Cast,176,3,165,344
Rains,203,"Chief Justice, 12th Court of Appeals District",,REP,Under Votes,34,3,46,83
Rains,203,"Chief Justice, 12th Court of Appeals District",,REP,Over Votes,0,0,0,0
Rains,203,"District Judge, 8th Judicial District",,REP,Eddie Northcutt,183,3,174,360
Rains,203,"District Judge, 8th Judicial District",,REP,Ballots Cast,183,3,174,360
Rains,203,"District Judge, 8th Judicial District",,REP,Under Votes,27,3,37,67
Rains,203,"District Judge, 8th Judicial District",,REP,Over Votes,0,0,0,0
Rains,203,"District Judge, 354th Judicial District",,REP,Keli M. Aiken,178,3,168,349
Rains,203,"District Judge, 354th Judicial District",,REP,Ballots Cast,178,3,168,349
Rains,203,"District Judge, 354th Judicial District",,REP,Under Votes,32,3,43,78
Rains,203,"District Judge, 354th Judicial District",,REP,Over Votes,0,0,0,0
Rains,203,County Attorney,,REP,Robert F. Vititow,180,3,181,364
Rains,203,County Attorney,,REP,Ballots Cast,180,3,181,364
Rains,203,County Attorney,,REP,Under Votes,30,3,30,63
Rains,203,County Attorney,,REP,Over Votes,0,0,0,0
Rains,203,Sheriff,,REP,David Traylor,111,4,95,210
Rains,203,Sheriff,,REP,Jenkins Franklin,93,2,110,205
Rains,203,Sheriff,,REP,Ballots Cast,204,6,205,415
Rains,203,Sheriff,,REP,Under Votes,6,0,6,12
Rains,203,Sheriff,,REP,Over Votes,0,0,0,0
Rains,203,County Tax Assessor-Collector,,REP,Sheila Floyd,192,4,189,385
Rains,203,County Tax Assessor-Collector,,REP,Ballots Cast,192,4,189,385
Rains,203,County Tax Assessor-Collector,,REP,Under Votes,18,2,22,42
Rains,203,County Tax Assessor-Collector,,REP,Over Votes,0,0,0,0
Rains,203,Constable,,REP,Allen Wayne Davis,180,4,169,353
Rains,203,Constable,,REP,Ballots Cast,180,4,169,353
Rains,203,Constable,,REP,Under Votes,30,2,42,74
Rains,203,Constable,,REP,Over Votes,0,0,0,0
Rains,203,County Chairman,,REP,Kristi R. Ratliff,183,3,178,364
Rains,203,County Chairman,,REP,Ballots Cast,183,3,178,364
Rains,203,County Chairman,,REP,Under Votes,27,3,33,63
Rains,203,County Chairman,,REP,Over Votes,0,0,0,0
Rains,203,Proposition 1,,REP,Yes,187,4,187,378
Rains,203,Proposition 1,,REP,No,19,2,20,41
Rains,203,Proposition 1,,REP,Ballots Cast,206,6,207,419
Rains,203,Proposition 1,,REP,Under Votes,4,0,4,8
Rains,203,Proposition 1,,REP,Over Votes,0,0,0,0
Rains,203,Proposition 2,,REP,Yes,181,4,176,361
Rains,203,Proposition 2,,REP,No,21,2,30,53
Rains,203,Proposition 2,,REP,Ballots Cast,202,6,206,414
Rains,203,Proposition 2,,REP,Under Votes,8,0,5,13
Rains,203,Proposition 2,,REP,Over Votes,0,0,0,0
Rains,203,Proposition 3,,REP,Yes,194,6,192,392
Rains,203,Proposition 3,,REP,No,12,0,12,24
Rains,203,Proposition 3,,REP,Ballots Cast,206,6,204,416
Rains,203,Proposition 3,,REP,Under Votes,4,0,7,11
Rains,203,Proposition 3,,REP,Over Votes,0,0,0,0
Rains,203,Proposition 4,,REP,Yes,197,5,193,395
Rains,203,Proposition 4,,REP,No,6,0,8,14
Rains,203,Proposition 4,,REP,Ballots Cast,203,5,201,409
Rains,203,Proposition 4,,REP,Under Votes,7,1,10,18
Rains,203,Proposition 4,,REP,Over Votes,0,0,0,0
Rains,203,Proposition 5,,REP,Yes,195,3,193,391
Rains,203,Proposition 5,,REP,No,11,2,10,23
Rains,203,Proposition 5,,REP,Ballots Cast,206,5,203,414
Rains,203,Proposition 5,,REP,Under Votes,4,1,8,13
Rains,203,Proposition 5,,REP,Over Votes,0,0,0,0
Rains,203,Proposition 6,,REP,Yes,197,6,186,389
Rains,203,Proposition 6,,REP,No,8,0,13,21
Rains,203,Proposition 6,,REP,Ballots Cast,205,6,199,410
Rains,203,Proposition 6,,REP,Under Votes,5,0,12,17
Rains,203,Proposition 6,,REP,Over Votes,0,0,0,0
Rains,203,Proposition 7,,REP,Yes,203,6,203,412
Rains,203,Proposition 7,,REP,No,3,0,2,5
Rains,203,Proposition 7,,REP,Ballots Cast,206,6,205,417
Rains,203,Proposition 7,,REP,Under Votes,4,0,6,10
Rains,203,Proposition 7,,REP,Over Votes,0,0,0,0
Rains,203,Proposition 8,,REP,Yes,205,6,202,413
Rains,203,Proposition 8,,REP,No,1,0,0,1
Rains,203,Proposition 8,,REP,Ballots Cast,206,6,202,414
Rains,203,Proposition 8,,REP,Under Votes,4,0,9,13
Rains,203,Proposition 8,,REP,Over Votes,0,0,0,0
Rains,203,Proposition 9,,REP,Yes,199,5,190,394
Rains,203,Proposition 9,,REP,No,7,1,13,21
Rains,203,Proposition 9,,REP,Ballots Cast,206,6,203,415
Rains,203,Proposition 9,,REP,Under Votes,4,0,8,12
Rains,203,Proposition 9,,REP,Over Votes,0,0,0,0
Rains,203,Proposition 10,,REP,Yes,192,6,187,385
Rains,203,Proposition 10,,REP,No,12,0,14,26
Rains,203,Proposition 10,,REP,Ballots Cast,204,6,201,411
Rains,203,Proposition 10,,REP,Under Votes,6,0,10,16
Rains,203,Proposition 10,,REP,Over Votes,0,0,0,0
Rains,204,President,,REP,Matthew John Matern,0,0,0,0
Rains,204,President,,REP,Bob Ely,0,0,0,0
Rains,204,President,,REP,Bill Weld,0,0,0,0
Rains,204,President,,REP,"Roque ""Rocky"" De La Fuente Guerra",0,0,0,0
Rains,204,President,,REP,Joe Walsh,0,0,1,1
Rains,204,President,,REP,Zoltan G. Istvan,0,0,0,0
Rains,204,President,,REP,Donald J. Trump,77,6,123,206
Rains,204,President,,REP,Uncommitted,2,0,2,4
Rains,204,President,,REP,Ballots Cast,79,6,126,211
Rains,204,President,,REP,Under Votes,0,0,0,0
Rains,204,President,,REP,Over Votes,0,0,0,0
Rains,204,U.S. Senate,,REP,John Anthony Castro,2,0,5,7
Rains,204,U.S. Senate,,REP,Virgil Bierschwale,0,0,0,0
Rains,204,U.S. Senate,,REP,Dwayne Stovall,7,2,12,21
Rains,204,U.S. Senate,,REP,John Cornyn,57,4,97,158
Rains,204,U.S. Senate,,REP,Mark Yancey,2,0,6,8
Rains,204,U.S. Senate,,REP,Ballots Cast,68,6,120,194
Rains,204,U.S. Senate,,REP,Under Votes,11,0,6,17
Rains,204,U.S. Senate,,REP,Over Votes,0,0,0,0
Rains,204,U.S. House,4,REP,John Ratcliffe,71,6,118,195
Rains,204,U.S. House,4,REP,Ballots Cast,71,6,118,195
Rains,204,U.S. House,4,REP,Under Votes,8,0,8,16
Rains,204,U.S. House,4,REP,Over Votes,0,0,0,0
Rains,204,Railroad Commissioner,,REP,Ryan Sitton,23,2,40,65
Rains,204,Railroad Commissioner,,REP,"James ""Jim"" Wright",45,3,72,120
Rains,204,Railroad Commissioner,,REP,Ballots Cast,68,5,112,185
Rains,204,Railroad Commissioner,,REP,Under Votes,11,1,14,26
Rains,204,Railroad Commissioner,,REP,Over Votes,0,0,0,0
Rains,204,"Chief Justice, Supreme Court",,REP,Nathan Hecht,67,6,107,180
Rains,204,"Chief Justice, Supreme Court",,REP,Ballots Cast,67,6,107,180
Rains,204,"Chief Justice, Supreme Court",,REP,Under Votes,12,0,19,31
Rains,204,"Chief Justice, Supreme Court",,REP,Over Votes,0,0,0,0
Rains,204,"Justice, Supreme Court, Place 6",,REP,Jane Bland,67,5,102,174
Rains,204,"Justice, Supreme Court, Place 6",,REP,Ballots Cast,67,5,102,174
Rains,204,"Justice, Supreme Court, Place 6",,REP,Under Votes,12,1,24,37
Rains,204,"Justice, Supreme Court, Place 6",,REP,Over Votes,0,0,0,0
Rains,204,"Justice, Supreme Court, Place 7",,REP,Jeff Boyd,67,4,104,175
Rains,204,"Justice, Supreme Court, Place 7",,REP,Ballots Cast,67,4,104,175
Rains,204,"Justice, Supreme Court, Place 7",,REP,Under Votes,12,2,22,36
Rains,204,"Justice, Supreme Court, Place 7",,REP,Over Votes,0,0,0,0
Rains,204,"Justice, Supreme Court, Place 8",,REP,Brett Busby,68,5,103,176
Rains,204,"Justice, Supreme Court, Place 8",,REP,Ballots Cast,68,5,103,176
Rains,204,"Justice, Supreme Court, Place 8",,REP,Under Votes,11,1,23,35
Rains,204,"Justice, Supreme Court, Place 8",,REP,Over Votes,0,0,0,0
Rains,204,"Judge, Court of Criminal Appeals, Place 3",,REP,Gina Parker,38,2,46,86
Rains,204,"Judge, Court of Criminal Appeals, Place 3",,REP,Bert Richardson,27,4,57,88
Rains,204,"Judge, Court of Criminal Appeals, Place 3",,REP,Ballots Cast,65,6,103,174
Rains,204,"Judge, Court of Criminal Appeals, Place 3",,REP,Under Votes,14,0,23,37
Rains,204,"Judge, Court of Criminal Appeals, Place 3",,REP,Over Votes,0,0,0,0
Rains,204,"Judge, Court of Criminal Appeals, Place 4",,REP,Kevin Patrick Yeary,64,5,101,170
Rains,204,"Judge, Court of Criminal Appeals, Place 4",,REP,Ballots Cast,64,5,101,170
Rains,204,"Judge, Court of Criminal Appeals, Place 4",,REP,Under Votes,15,1,25,41
Rains,204,"Judge, Court of Criminal Appeals, Place 4",,REP,Over Votes,0,0,0,0
Rains,204,"Judge, Court of Criminal Appeals, Place 9",,REP,David Newell,64,5,100,169
Rains,204,"Judge, Court of Criminal Appeals, Place 9",,REP,Ballots Cast,64,5,100,169
Rains,204,"Judge, Court of Criminal Appeals, Place 9",,REP,Under Votes,15,1,26,42
Rains,204,"Judge, Court of Criminal Appeals, Place 9",,REP,Over Votes,0,0,0,0
Rains,204,"Member, State Board of Education, District 9",,REP,Keven M. Ellis,66,5,102,173
Rains,204,"Member, State Board of Education, District 9",,REP,Ballots Cast,66,5,102,173
Rains,204,"Member, State Board of Education, District 9",,REP,Under Votes,13,1,24,38
Rains,204,"Member, State Board of Education, District 9",,REP,Over Votes,0,0,0,0
Rains,204,State Representative,5,REP,Cole Hefner,68,5,106,179
Rains,204,State Representative,5,REP,Ballots Cast,68,5,106,179
Rains,204,State Representative,5,REP,Under Votes,11,1,20,32
Rains,204,State Representative,5,REP,Over Votes,0,0,0,0
Rains,204,"Chief Justice, 12th Court of Appeals District",,REP,Jim Worthen,65,5,102,172
Rains,204,"Chief Justice, 12th Court of Appeals District",,REP,Ballots Cast,65,5,102,172
Rains,204,"Chief Justice, 12th Court of Appeals District",,REP,Under Votes,14,1,24,39
Rains,204,"Chief Justice, 12th Court of Appeals District",,REP,Over Votes,0,0,0,0
Rains,204,"District Judge, 8th Judicial District",,REP,Eddie Northcutt,67,5,105,177
Rains,204,"District Judge, 8th Judicial District",,REP,Ballots Cast,67,5,105,177
Rains,204,"District Judge, 8th Judicial District",,REP,Under Votes,12,1,21,34
Rains,204,"District Judge, 8th Judicial District",,REP,Over Votes,0,0,0,0
Rains,204,"District Judge, 354th Judicial District",,REP,Keli M. Aiken,63,5,103,171
Rains,204,"District Judge, 354th Judicial District",,REP,Ballots Cast,63,5,103,171
Rains,204,"District Judge, 354th Judicial District",,REP,Under Votes,16,1,23,40
Rains,204,"District Judge, 354th Judicial District",,REP,Over Votes,0,0,0,0
Rains,204,County Attorney,,REP,Robert F. Vititow,69,6,105,180
Rains,204,County Attorney,,REP,Ballots Cast,69,6,105,180
Rains,204,County Attorney,,REP,Under Votes,10,0,21,31
Rains,204,County Attorney,,REP,Over Votes,0,0,0,0
Rains,204,Sheriff,,REP,David Traylor,43,4,65,112
Rains,204,Sheriff,,REP,Jenkins Franklin,36,2,58,96
Rains,204,Sheriff,,REP,Ballots Cast,79,6,123,208
Rains,204,Sheriff,,REP,Under Votes,0,0,3,3
Rains,204,Sheriff,,REP,Over Votes,0,0,0,0
Rains,204,County Tax Assessor-Collector,,REP,Sheila Floyd,71,6,113,190
Rains,204,County Tax Assessor-Collector,,REP,Ballots Cast,71,6,113,190
Rains,204,County Tax Assessor-Collector,,REP,Under Votes,8,0,13,21
Rains,204,County Tax Assessor-Collector,,REP,Over Votes,0,0,0,0
Rains,204,Constable,,REP,Allen Wayne Davis,69,5,105,179
Rains,204,Constable,,REP,Ballots Cast,69,5,105,179
Rains,204,Constable,,REP,Under Votes,10,1,21,32
Rains,204,Constable,,REP,Over Votes,0,0,0,0
Rains,204,County Chairman,,REP,Kristi R. Ratliff,68,5,105,178
Rains,204,County Chairman,,REP,Ballots Cast,68,5,105,178
Rains,204,County Chairman,,REP,Under Votes,11,1,21,33
Rains,204,County Chairman,,REP,Over Votes,0,0,0,0
Rains,204,Proposition 1,,REP,Yes,68,4,110,182
Rains,204,Proposition 1,,REP,No,10,2,12,24
Rains,204,Proposition 1,,REP,Ballots Cast,78,6,122,206
Rains,204,Proposition 1,,REP,Under Votes,1,0,4,5
Rains,204,Proposition 1,,REP,Over Votes,0,0,0,0
Rains,204,Proposition 2,,REP,Yes,68,6,108,182
Rains,204,Proposition 2,,REP,No,10,0,17,27
Rains,204,Proposition 2,,REP,Ballots Cast,78,6,125,209
Rains,204,Proposition 2,,REP,Under Votes,1,0,1,2
Rains,204,Proposition 2,,REP,Over Votes,0,0,0,0
Rains,204,Proposition 3,,REP,Yes,75,6,120,201
Rains,204,Proposition 3,,REP,No,3,0,3,6
Rains,204,Proposition 3,,REP,Ballots Cast,78,6,123,207
Rains,204,Proposition 3,,REP,Under Votes,1,0,3,4
Rains,204,Proposition 3,,REP,Over Votes,0,0,0,0
Rains,204,Proposition 4,,REP,Yes,74,6,124,204
Rains,204,Proposition 4,,REP,No,2,0,1,3
Rains,204,Proposition 4,,REP,Ballots Cast,76,6,125,207
Rains,204,Proposition 4,,REP,Under Votes,3,0,1,4
Rains,204,Proposition 4,,REP,Over Votes,0,0,0,0
Rains,204,Proposition 5,,REP,Yes,76,4,117,197
Rains,204,Proposition 5,,REP,No,2,2,7,11
Rains,204,Proposition 5,,REP,Ballots Cast,78,6,124,208
Rains,204,Proposition 5,,REP,Under Votes,1,0,2,3
Rains,204,Proposition 5,,REP,Over Votes,0,0,0,0
Rains,204,Proposition 6,,REP,Yes,69,6,117,192
Rains,204,Proposition 6,,REP,No,5,0,6,11
Rains,204,Proposition 6,,REP,Ballots Cast,74,6,123,203
Rains,204,Proposition 6,,REP,Under Votes,5,0,3,8
Rains,204,Proposition 6,,REP,Over Votes,0,0,0,0
Rains,204,Proposition 7,,REP,Yes,78,6,124,208
Rains,204,Proposition 7,,REP,No,1,0,0,1
Rains,204,Proposition 7,,REP,Ballots Cast,79,6,124,209
Rains,204,Proposition 7,,REP,Under Votes,0,0,2,2
Rains,204,Proposition 7,,REP,Over Votes,0,0,0,0
Rains,204,Proposition 8,,REP,Yes,75,6,124,205
Rains,204,Proposition 8,,REP,No,1,0,1,2
Rains,204,Proposition 8,,REP,Ballots Cast,76,6,125,207
Rains,204,Proposition 8,,REP,Under Votes,3,0,1,4
Rains,204,Proposition 8,,REP,Over Votes,0,0,0,0
Rains,204,Proposition 9,,REP,Yes,74,6,116,196
Rains,204,Proposition 9,,REP,No,4,0,5,9
Rains,204,Proposition 9,,REP,Ballots Cast,78,6,121,205
Rains,204,Proposition 9,,REP,Under Votes,1,0,5,6
Rains,204,Proposition 9,,REP,Over Votes,0,0,0,0
Rains,204,Proposition 10,,REP,Yes,74,5,116,195
Rains,204,Proposition 10,,REP,No,5,1,6,12
Rains,204,Proposition 10,,REP,Ballots Cast,79,6,122,207
Rains,204,Proposition 10,,REP,Under Votes,0,0,4,4
Rains,204,Proposition 10,,REP,Over Votes,0,0,0,0
Rains,305,President,,REP,Matthew John Matern,0,0,1,1
Rains,305,President,,REP,Bob Ely,0,0,2,2
Rains,305,President,,REP,Bill Weld,0,0,0,0
Rains,305,President,,REP,"Roque ""Rocky"" De La Fuente Guerra",0,0,0,0
Rains,305,President,,REP,Joe Walsh,0,0,2,2
Rains,305,President,,REP,Zoltan G. Istvan,0,0,1,1
Rains,305,President,,REP,Donald J. Trump,121,7,168,296
Rains,305,President,,REP,Uncommitted,2,0,7,9
Rains,305,President,,REP,Ballots Cast,123,7,181,311
Rains,305,President,,REP,Under Votes,1,0,3,4
Rains,305,President,,REP,Over Votes,0,0,0,0
Rains,305,U.S. Senate,,REP,John Anthony Castro,4,0,4,8
Rains,305,U.S. Senate,,REP,Virgil Bierschwale,0,0,0,0
Rains,305,U.S. Senate,,REP,Dwayne Stovall,14,0,15,29
Rains,305,U.S. Senate,,REP,John Cornyn,82,7,131,220
Rains,305,U.S. Senate,,REP,Mark Yancey,7,0,15,22
Rains,305,U.S. Senate,,REP,Ballots Cast,107,7,165,279
Rains,305,U.S. Senate,,REP,Under Votes,17,0,19,36
Rains,305,U.S. Senate,,REP,Over Votes,0,0,0,0
Rains,305,U.S. House,4,REP,John Ratcliffe,108,7,171,286
Rains,305,U.S. House,4,REP,Ballots Cast,108,7,171,286
Rains,305,U.S. House,4,REP,Under Votes,16,0,13,29
Rains,305,U.S. House,4,REP,Over Votes,0,0,0,0
Rains,305,Railroad Commissioner,,REP,Ryan Sitton,45,3,66,114
Rains,305,Railroad Commissioner,,REP,"James ""Jim"" Wright",51,4,89,144
Rains,305,Railroad Commissioner,,REP,Ballots Cast,96,7,155,258
Rains,305,Railroad Commissioner,,REP,Under Votes,28,0,29,57
Rains,305,Railroad Commissioner,,REP,Over Votes,0,0,0,0
Rains,305,"Chief Justice, Supreme Court",,REP,Nathan Hecht,99,7,151,257
Rains,305,"Chief Justice, Supreme Court",,REP,Ballots Cast,99,7,151,257
Rains,305,"Chief Justice, Supreme Court",,REP,Under Votes,25,0,33,58
Rains,305,"Chief Justice, Supreme Court",,REP,Over Votes,0,0,0,0
Rains,305,"Justice, Supreme Court, Place 6",,REP,Jane Bland,99,7,153,259
Rains,305,"Justice, Supreme Court, Place 6",,REP,Ballots Cast,99,7,153,259
Rains,305,"Justice, Supreme Court, Place 6",,REP,Under Votes,25,0,31,56
Rains,305,"Justice, Supreme Court, Place 6",,REP,Over Votes,0,0,0,0
Rains,305,"Justice, Supreme Court, Place 7",,REP,Jeff Boyd,97,7,155,259
Rains,305,"Justice, Supreme Court, Place 7",,REP,Ballots Cast,97,7,155,259
Rains,305,"Justice, Supreme Court, Place 7",,REP,Under Votes,27,0,29,56
Rains,305,"Justice, Supreme Court, Place 7",,REP,Over Votes,0,0,0,0
Rains,305,"Justice, Supreme Court, Place 8",,REP,Brett Busby,100,7,149,256
Rains,305,"Justice, Supreme Court, Place 8",,REP,Ballots Cast,100,7,149,256
Rains,305,"Justice, Supreme Court, Place 8",,REP,Under Votes,24,0,35,59
Rains,305,"Justice, Supreme Court, Place 8",,REP,Over Votes,0,0,0,0
Rains,305,"Judge, Court of Criminal Appeals, Place 3",,REP,Gina Parker,42,3,71,116
Rains,305,"Judge, Court of Criminal Appeals, Place 3",,REP,Bert Richardson,57,4,78,139
Rains,305,"Judge, Court of Criminal Appeals, Place 3",,REP,Ballots Cast,99,7,149,255
Rains,305,"Judge, Court of Criminal Appeals, Place 3",,REP,Under Votes,25,0,35,60
Rains,305,"Judge, Court of Criminal Appeals, Place 3",,REP,Over Votes,0,0,0,0
Rains,305,"Judge, Court of Criminal Appeals, Place 4",,REP,Kevin Patrick Yeary,101,7,151,259
Rains,305,"Judge, Court of Criminal Appeals, Place 4",,REP,Ballots Cast,101,7,151,259
Rains,305,"Judge, Court of Criminal Appeals, Place 4",,REP,Under Votes,23,0,33,56
Rains,305,"Judge, Court of Criminal Appeals, Place 4",,REP,Over Votes,0,0,0,0
Rains,305,"Judge, Court of Criminal Appeals, Place 9",,REP,David Newell,97,7,153,257
Rains,305,"Judge, Court of Criminal Appeals, Place 9",,REP,Ballots Cast,97,7,153,257
Rains,305,"Judge, Court of Criminal Appeals, Place 9",,REP,Under Votes,27,0,31,58
Rains,305,"Judge, Court of Criminal Appeals, Place 9",,REP,Over Votes,0,0,0,0
Rains,305,"Member, State Board of Education, District 9",,REP,Keven M. Ellis,96,7,153,256
Rains,305,"Member, State Board of Education, District 9",,REP,Ballots Cast,96,7,153,256
Rains,305,"Member, State Board of Education, District 9",,REP,Under Votes,28,0,31,59
Rains,305,"Member, State Board of Education, District 9",,REP,Over Votes,0,0,0,0
Rains,305,State Representative,5,REP,Cole Hefner,97,7,155,259
Rains,305,State Representative,5,REP,Ballots Cast,97,7,155,259
Rains,305,State Representative,5,REP,Under Votes,27,0,29,56
Rains,305,State Representative,5,REP,Over Votes,0,0,0,0
Rains,305,"Chief Justice, 12th Court of Appeals District",,REP,Jim Worthen,97,7,154,258
Rains,305,"Chief Justice, 12th Court of Appeals District",,REP,Ballots Cast,97,7,154,258
Rains,305,"Chief Justice, 12th Court of Appeals District",,REP,Under Votes,27,0,30,57
Rains,305,"Chief Justice, 12th Court of Appeals District",,REP,Over Votes,0,0,0,0
Rains,305,"District Judge, 8th Judicial District",,REP,Eddie Northcutt,102,7,165,274
Rains,305,"District Judge, 8th Judicial District",,REP,Ballots Cast,102,7,165,274
Rains,305,"District Judge, 8th Judicial District",,REP,Under Votes,22,0,19,41
Rains,305,"District Judge, 8th Judicial District",,REP,Over Votes,0,0,0,0
Rains,305,"District Judge, 354th Judicial District",,REP,Keli M. Aiken,90,7,153,250
Rains,305,"District Judge, 354th Judicial District",,REP,Ballots Cast,90,7,153,250
Rains,305,"District Judge, 354th Judicial District",,REP,Under Votes,34,0,31,65
Rains,305,"District Judge, 354th Judicial District",,REP,Over Votes,0,0,0,0
Rains,305,County Attorney,,REP,Robert F. Vititow,100,7,158,265
Rains,305,County Attorney,,REP,Ballots Cast,100,7,158,265
Rains,305,County Attorney,,REP,Under Votes,24,0,26,50
Rains,305,County Attorney,,REP,Over Votes,0,0,0,0
Rains,305,Sheriff,,REP,David Traylor,64,7,98,169
Rains,305,Sheriff,,REP,Jenkins Franklin,54,0,82,136
Rains,305,Sheriff,,REP,Ballots Cast,118,7,180,305
Rains,305,Sheriff,,REP,Under Votes,6,0,4,10
Rains,305,Sheriff,,REP,Over Votes,0,0,0,0
Rains,305,County Tax Assessor-Collector,,REP,Sheila Floyd,105,7,166,278
Rains,305,County Tax Assessor-Collector,,REP,Ballots Cast,105,7,166,278
Rains,305,County Tax Assessor-Collector,,REP,Under Votes,19,0,18,37
Rains,305,County Tax Assessor-Collector,,REP,Over Votes,0,0,0,0
Rains,305,"County Commissioner, Precinct 3",,REP,Korey J. Young,67,1,98,166
Rains,305,"County Commissioner, Precinct 3",,REP,Mike Godwin,45,6,77,128
Rains,305,"County Commissioner, Precinct 3",,REP,Ballots Cast,112,7,175,294
Rains,305,"County Commissioner, Precinct 3",,REP,Under Votes,12,0,9,21
Rains,305,"County Commissioner, Precinct 3",,REP,Over Votes,0,0,0,0
Rains,305,Constable,,REP,Allen Wayne Davis,97,7,154,258
Rains,305,Constable,,REP,Ballots Cast,97,7,154,258
Rains,305,Constable,,REP,Under Votes,27,0,30,57
Rains,305,Constable,,REP,Over Votes,0,0,0,0
Rains,305,County Chairman,,REP,Kristi R. Ratliff,101,7,157,265
Rains,305,County Chairman,,REP,Ballots Cast,101,7,157,265
Rains,305,County Chairman,,REP,Under Votes,23,0,27,50
Rains,305,County Chairman,,REP,Over Votes,0,0,0,0
Rains,305,Proposition 1,,REP,Yes,105,5,161,271
Rains,305,Proposition 1,,REP,No,15,2,16,33
Rains,305,Proposition 1,,REP,Ballots Cast,120,7,177,304
Rains,305,Proposition 1,,REP,Under Votes,4,0,7,11
Rains,305,Proposition 1,,REP,Over Votes,0,0,0,0
Rains,305,Proposition 2,,REP,Yes,101,7,150,258
Rains,305,Proposition 2,,REP,No,18,0,28,46
Rains,305,Proposition 2,,REP,Ballots Cast,119,7,178,304
Rains,305,Proposition 2,,REP,Under Votes,5,0,6,11
Rains,305,Proposition 2,,REP,Over Votes,0,0,0,0
Rains,305,Proposition 3,,REP,Yes,112,7,163,282
Rains,305,Proposition 3,,REP,No,3,0,9,12
Rains,305,Proposition 3,,REP,Ballots Cast,115,7,172,294
Rains,305,Proposition 3,,REP,Under Votes,9,0,12,21
Rains,305,Proposition 3,,REP,Over Votes,0,0,0,0
Rains,305,Proposition 4,,REP,Yes,115,7,156,278
Rains,305,Proposition 4,,REP,No,2,0,15,17
Rains,305,Proposition 4,,REP,Ballots Cast,117,7,171,295
Rains,305,Proposition 4,,REP,Under Votes,7,0,13,20
Rains,305,Proposition 4,,REP,Over Votes,0,0,0,0
Rains,305,Proposition 5,,REP,Yes,111,5,153,269
Rains,305,Proposition 5,,REP,No,7,2,20,29
Rains,305,Proposition 5,,REP,Ballots Cast,118,7,173,298
Rains,305,Proposition 5,,REP,Under Votes,6,0,11,17
Rains,305,Proposition 5,,REP,Over Votes,0,0,0,0
Rains,305,Proposition 6,,REP,Yes,111,7,164,282
Rains,305,Proposition 6,,REP,No,8,0,9,17
Rains,305,Proposition 6,,REP,Ballots Cast,119,7,173,299
Rains,305,Proposition 6,,REP,Under Votes,5,0,11,16
Rains,305,Proposition 6,,REP,Over Votes,0,0,0,0
Rains,305,Proposition 7,,REP,Yes,116,7,171,294
Rains,305,Proposition 7,,REP,No,2,0,5,7
Rains,305,Proposition 7,,REP,Ballots Cast,118,7,176,301
Rains,305,Proposition 7,,REP,Under Votes,6,0,8,14
Rains,305,Proposition 7,,REP,Over Votes,0,0,0,0
Rains,305,Proposition 8,,REP,Yes,115,7,177,299
Rains,305,Proposition 8,,REP,No,0,0,1,1
Rains,305,Proposition 8,,REP,Ballots Cast,115,7,178,300
Rains,305,Proposition 8,,REP,Under Votes,9,0,6,15
Rains,305,Proposition 8,,REP,Over Votes,0,0,0,0
Rains,305,Proposition 9,,REP,Yes,109,7,162,278
Rains,305,Proposition 9,,REP,No,10,0,12,22
Rains,305,Proposition 9,,REP,Ballots Cast,119,7,174,300
Rains,305,Proposition 9,,REP,Under Votes,5,0,10,15
Rains,305,Proposition 9,,REP,Over Votes,0,0,0,0
Rains,305,Proposition 10,,REP,Yes,110,3,162,275
Rains,305,Proposition 10,,REP,No,9,4,10,23
Rains,305,Proposition 10,,REP,Ballots Cast,119,7,172,298
Rains,305,Proposition 10,,REP,Under Votes,5,0,12,17
Rains,305,Proposition 10,,REP,Over Votes,0,0,0,0
Rains,306,President,,REP,Matthew John Matern,1,0,0,1
Rains,306,President,,REP,Bob Ely,0,0,2,2
Rains,306,President,,REP,Bill Weld,0,0,2,2
Rains,306,President,,REP,"Roque ""Rocky"" De La Fuente Guerra",0,0,0,0
Rains,306,President,,REP,Joe Walsh,2,0,0,2
Rains,306,President,,REP,Zoltan G. Istvan,0,0,0,0
Rains,306,President,,REP,Donald J. Trump,154,3,157,314
Rains,306,President,,REP,Uncommitted,3,0,4,7
Rains,306,President,,REP,Ballots Cast,160,3,165,328
Rains,306,President,,REP,Under Votes,1,0,2,3
Rains,306,President,,REP,Over Votes,0,0,0,0
Rains,306,U.S. Senate,,REP,John Anthony Castro,7,0,4,11
Rains,306,U.S. Senate,,REP,Virgil Bierschwale,3,0,2,5
Rains,306,U.S. Senate,,REP,Dwayne Stovall,19,1,17,37
Rains,306,U.S. Senate,,REP,John Cornyn,101,2,101,204
Rains,306,U.S. Senate,,REP,Mark Yancey,8,0,8,16
Rains,306,U.S. Senate,,REP,Ballots Cast,138,3,132,273
Rains,306,U.S. Senate,,REP,Under Votes,23,0,35,58
Rains,306,U.S. Senate,,REP,Over Votes,0,0,0,0
Rains,306,U.S. House,4,REP,John Ratcliffe,148,3,141,292
Rains,306,U.S. House,4,REP,Ballots Cast,148,3,141,292
Rains,306,U.S. House,4,REP,Under Votes,13,0,26,39
Rains,306,U.S. House,4,REP,Over Votes,0,0,0,0
Rains,306,Railroad Commissioner,,REP,Ryan Sitton,52,2,42,96
Rains,306,Railroad Commissioner,,REP,"James ""Jim"" Wright",77,1,82,160
Rains,306,Railroad Commissioner,,REP,Ballots Cast,129,3,124,256
Rains,306,Railroad Commissioner,,REP,Under Votes,32,0,43,75
Rains,306,Railroad Commissioner,,REP,Over Votes,0,0,0,0
Rains,306,"Chief Justice, Supreme Court",,REP,Nathan Hecht,128,3,127,258
Rains,306,"Chief Justice, Supreme Court",,REP,Ballots Cast,128,3,127,258
Rains,306,"Chief Justice, Supreme Court",,REP,Under Votes,33,0,40,73
Rains,306,"Chief Justice, Supreme Court",,REP,Over Votes,0,0,0,0
Rains,306,"Justice, Supreme Court, Place 6",,REP,Jane Bland,128,3,125,256
Rains,306,"Justice, Supreme Court, Place 6",,REP,Ballots Cast,128,3,125,256
Rains,306,"Justice, Supreme Court, Place 6",,REP,Under Votes,33,0,42,75
Rains,306,"Justice, Supreme Court, Place 6",,REP,Over Votes,0,0,0,0
Rains,306,"Justice, Supreme Court, Place 7",,REP,Jeff Boyd,130,3,127,260
Rains,306,"Justice, Supreme Court, Place 7",,REP,Ballots Cast,130,3,127,260
Rains,306,"Justice, Supreme Court, Place 7",,REP,Under Votes,31,0,40,71
Rains,306,"Justice, Supreme Court, Place 7",,REP,Over Votes,0,0,0,0
Rains,306,"Justice, Supreme Court, Place 8",,REP,Brett Busby,129,3,120,252
Rains,306,"Justice, Supreme Court, Place 8",,REP,Ballots Cast,129,3,120,252
Rains,306,"Justice, Supreme Court, Place 8",,REP,Under Votes,32,0,47,79
Rains,306,"Justice, Supreme Court, Place 8",,REP,Over Votes,0,0,0,0
Rains,306,"Judge, Court of Criminal Appeals, Place 3",,REP,Gina Parker,50,1,48,99
Rains,306,"Judge, Court of Criminal Appeals, Place 3",,REP,Bert Richardson,70,2,64,136
Rains,306,"Judge, Court of Criminal Appeals, Place 3",,REP,Ballots Cast,120,3,112,235
Rains,306,"Judge, Court of Criminal Appeals, Place 3",,REP,Under Votes,41,0,55,96
Rains,306,"Judge, Court of Criminal Appeals, Place 3",,REP,Over Votes,0,0,0,0
Rains,306,"Judge, Court of Criminal Appeals, Place 4",,REP,Kevin Patrick Yeary,129,3,120,252
Rains,306,"Judge, Court of Criminal Appeals, Place 4",,REP,Ballots Cast,129,3,120,252
Rains,306,"Judge, Court of Criminal Appeals, Place 4",,REP,Under Votes,32,0,47,79
Rains,306,"Judge, Court of Criminal Appeals, Place 4",,REP,Over Votes,0,0,0,0
Rains,306,"Judge, Court of Criminal Appeals, Place 9",,REP,David Newell,126,3,121,250
Rains,306,"Judge, Court of Criminal Appeals, Place 9",,REP,Ballots Cast,126,3,121,250
Rains,306,"Judge, Court of Criminal Appeals, Place 9",,REP,Under Votes,35,0,46,81
Rains,306,"Judge, Court of Criminal Appeals, Place 9",,REP,Over Votes,0,0,0,0
Rains,306,"Member, State Board of Education, District 9",,REP,Keven M. Ellis,128,3,120,251
Rains,306,"Member, State Board of Education, District 9",,REP,Ballots Cast,128,3,120,251
Rains,306,"Member, State Board of Education, District 9",,REP,Under Votes,33,0,47,80
Rains,306,"Member, State Board of Education, District 9",,REP,Over Votes,0,0,0,0
Rains,306,State Representative,5,REP,Cole Hefner,133,3,133,269
Rains,306,State Representative,5,REP,Ballots Cast,133,3,133,269
Rains,306,State Representative,5,REP,Under Votes,28,0,34,62
Rains,306,State Representative,5,REP,Over Votes,0,0,0,0
Rains,306,"Chief Justice, 12th Court of Appeals District",,REP,Jim Worthen,128,3,125,256
Rains,306,"Chief Justice, 12th Court of Appeals District",,REP,Ballots Cast,128,3,125,256
Rains,306,"Chief Justice, 12th Court of Appeals District",,REP,Under Votes,33,0,42,75
Rains,306,"Chief Justice, 12th Court of Appeals District",,REP,Over Votes,0,0,0,0
Rains,306,"District Judge, 8th Judicial District",,REP,Eddie Northcutt,134,3,138,275
Rains,306,"District Judge, 8th Judicial District",,REP,Ballots Cast,134,3,138,275
Rains,306,"District Judge, 8th Judicial District",,REP,Under Votes,27,0,29,56
Rains,306,"District Judge, 8th Judicial District",,REP,Over Votes,0,0,0,0
Rains,306,"District Judge, 354th Judicial District",,REP,Keli M. Aiken,129,3,125,257
Rains,306,"District Judge, 354th Judicial District",,REP,Ballots Cast,129,3,125,257
Rains,306,"District Judge, 354th Judicial District",,REP,Under Votes,32,0,42,74
Rains,306,"District Judge, 354th Judicial District",,REP,Over Votes,0,0,0,0
Rains,306,County Attorney,,REP,Robert F. Vititow,130,3,136,269
Rains,306,County Attorney,,REP,Ballots Cast,130,3,136,269
Rains,306,County Attorney,,REP,Under Votes,31,0,31,62
Rains,306,County Attorney,,REP,Over Votes,0,0,0,0
Rains,306,Sheriff,,REP,David Traylor,82,2,107,191
Rains,306,Sheriff,,REP,Jenkins Franklin,74,1,56,131
Rains,306,Sheriff,,REP,Ballots Cast,156,3,163,322
Rains,306,Sheriff,,REP,Under Votes,5,0,4,9
Rains,306,Sheriff,,REP,Over Votes,0,0,0,0
Rains,306,County Tax Assessor-Collector,,REP,Sheila Floyd,144,3,146,293
Rains,306,County Tax Assessor-Collector,,REP,Ballots Cast,144,3,146,293
Rains,306,County Tax Assessor-Collector,,REP,Under Votes,17,0,21,38
Rains,306,County Tax Assessor-Collector,,REP,Over Votes,0,0,0,0
Rains,306,"County Commissioner, Precinct 3",,REP,Korey J. Young,94,2,88,184
Rains,306,"County Commissioner, Precinct 3",,REP,Mike Godwin,56,1,73,130
Rains,306,"County Commissioner, Precinct 3",,REP,Ballots Cast,150,3,161,314
Rains,306,"County Commissioner, Precinct 3",,REP,Under Votes,11,0,6,17
Rains,306,"County Commissioner, Precinct 3",,REP,Over Votes,0,0,0,0
Rains,306,Constable,,REP,Allen Wayne Davis,132,3,134,269
Rains,306,Constable,,REP,Ballots Cast,132,3,134,269
Rains,306,Constable,,REP,Under Votes,29,0,33,62
Rains,306,Constable,,REP,Over Votes,0,0,0,0
Rains,306,County Chairman,,REP,Kristi R. Ratliff,135,3,139,277
Rains,306,County Chairman,,REP,Ballots Cast,135,3,139,277
Rains,306,County Chairman,,REP,Under Votes,26,0,28,54
Rains,306,County Chairman,,REP,Over Votes,0,0,0,0
Rains,306,Proposition 1,,REP,Yes,128,2,146,276
Rains,306,Proposition 1,,REP,No,28,1,16,45
Rains,306,Proposition 1,,REP,Ballots Cast,156,3,162,321
Rains,306,Proposition 1,,REP,Under Votes,5,0,5,10
Rains,306,Proposition 1,,REP,Over Votes,0,0,0,0
Rains,306,Proposition 2,,REP,Yes,125,2,128,255
Rains,306,Proposition 2,,REP,No,29,0,29,58
Rains,306,Proposition 2,,REP,Ballots Cast,154,2,157,313
Rains,306,Proposition 2,,REP,Under Votes,7,1,10,18
Rains,306,Proposition 2,,REP,Over Votes,0,0,0,0
Rains,306,Proposition 3,,REP,Yes,137,2,138,277
Rains,306,Proposition 3,,REP,No,11,0,16,27
Rains,306,Proposition 3,,REP,Ballots Cast,148,2,154,304
Rains,306,Proposition 3,,REP,Under Votes,13,1,13,27
Rains,306,Proposition 3,,REP,Over Votes,0,0,0,0
Rains,306,Proposition 4,,REP,Yes,144,2,149,295
Rains,306,Proposition 4,,REP,No,7,1,5,13
Rains,306,Proposition 4,,REP,Ballots Cast,151,3,154,308
Rains,306,Proposition 4,,REP,Under Votes,10,0,13,23
Rains,306,Proposition 4,,REP,Over Votes,0,0,0,0
Rains,306,Proposition 5,,REP,Yes,140,2,141,283
Rains,306,Proposition 5,,REP,No,12,0,14,26
Rains,306,Proposition 5,,REP,Ballots Cast,152,2,155,309
Rains,306,Proposition 5,,REP,Under Votes,9,1,12,22
Rains,306,Proposition 5,,REP,Over Votes,0,0,0,0
Rains,306,Proposition 6,,REP,Yes,141,3,142,286
Rains,306,Proposition 6,,REP,No,10,0,11,21
Rains,306,Proposition 6,,REP,Ballots Cast,151,3,153,307
Rains,306,Proposition 6,,REP,Under Votes,10,0,14,24
Rains,306,Proposition 6,,REP,Over Votes,0,0,0,0
Rains,306,Proposition 7,,REP,Yes,151,3,153,307
Rains,306,Proposition 7,,REP,No,2,0,3,5
Rains,306,Proposition 7,,REP,Ballots Cast,153,3,156,312
Rains,306,Proposition 7,,REP,Under Votes,8,0,11,19
Rains,306,Proposition 7,,REP,Over Votes,0,0,0,0
Rains,306,Proposition 8,,REP,Yes,149,2,151,302
Rains,306,Proposition 8,,REP,No,2,0,1,3
Rains,306,Proposition 8,,REP,Ballots Cast,151,2,152,305
Rains,306,Proposition 8,,REP,Under Votes,10,1,15,26
Rains,306,Proposition 8,,REP,Over Votes,0,0,0,0
Rains,306,Proposition 9,,REP,Yes,148,3,143,294
Rains,306,Proposition 9,,REP,No,4,0,10,14
Rains,306,Proposition 9,,REP,Ballots Cast,152,3,153,308
Rains,306,Proposition 9,,REP,Under Votes,9,0,14,23
Rains,306,Proposition 9,,REP,Over Votes,0,0,0,0
Rains,306,Proposition 10,,REP,Yes,141,2,145,288
Rains,306,Proposition 10,,REP,No,9,0,8,17
Rains,306,Proposition 10,,REP,Ballots Cast,150,2,153,305
Rains,306,Proposition 10,,REP,Under Votes,11,1,14,26
Rains,306,Proposition 10,,REP,Over Votes,0,0,0,0
Rains,407,President,,REP,Matthew John Matern,0,0,0,0
Rains,407,President,,REP,Bob Ely,0,0,0,0
Rains,407,President,,REP,Bill Weld,0,0,2,2
Rains,407,President,,REP,"Roque ""Rocky"" De La Fuente Guerra",0,0,0,0
Rains,407,President,,REP,Joe Walsh,0,0,1,1
Rains,407,President,,REP,Zoltan G. Istvan,0,0,0,0
Rains,407,President,,REP,Donald J. Trump,171,3,129,303
Rains,407,President,,REP,Uncommitted,3,0,1,4
Rains,407,President,,REP,Ballots Cast,174,3,133,310
Rains,407,President,,REP,Under Votes,0,0,1,1
Rains,407,President,,REP,Over Votes,0,0,0,0
Rains,407,U.S. Senate,,REP,John Anthony Castro,6,0,7,13
Rains,407,U.S. Senate,,REP,Virgil Bierschwale,0,0,0,0
Rains,407,U.S. Senate,,REP,Dwayne Stovall,31,0,28,59
Rains,407,U.S. Senate,,REP,John Cornyn,111,3,75,189
Rains,407,U.S. Senate,,REP,Mark Yancey,7,0,6,13
Rains,407,U.S. Senate,,REP,Ballots Cast,155,3,116,274
Rains,407,U.S. Senate,,REP,Under Votes,19,0,18,37
Rains,407,U.S. Senate,,REP,Over Votes,0,0,0,0
Rains,407,U.S. House,4,REP,John Ratcliffe,159,2,119,280
Rains,407,U.S. House,4,REP,Ballots Cast,159,2,119,280
Rains,407,U.S. House,4,REP,Under Votes,15,1,15,31
Rains,407,U.S. House,4,REP,Over Votes,0,0,0,0
Rains,407,Railroad Commissioner,,REP,Ryan Sitton,54,2,39,95
Rains,407,Railroad Commissioner,,REP,"James ""Jim"" Wright",94,0,71,165
Rains,407,Railroad Commissioner,,REP,Ballots Cast,148,2,110,260
Rains,407,Railroad Commissioner,,REP,Under Votes,26,1,24,51
Rains,407,Railroad Commissioner,,REP,Over Votes,0,0,0,0
Rains,407,"Chief Justice, Supreme Court",,REP,Nathan Hecht,149,2,108,259
Rains,407,"Chief Justice, Supreme Court",,REP,Ballots Cast,149,2,108,259
Rains,407,"Chief Justice, Supreme Court",,REP,Under Votes,25,1,26,52
Rains,407,"Chief Justice, Supreme Court",,REP,Over Votes,0,0,0,0
Rains,407,"Justice, Supreme Court, Place 6",,REP,Jane Bland,144,2,110,256
Rains,407,"Justice, Supreme Court, Place 6",,REP,Ballots Cast,144,2,110,256
Rains,407,"Justice, Supreme Court, Place 6",,REP,Under Votes,30,1,24,55
Rains,407,"Justice, Supreme Court, Place 6",,REP,Over Votes,0,0,0,0
Rains,407,"Justice, Supreme Court, Place 7",,REP,Jeff Boyd,144,2,110,256
Rains,407,"Justice, Supreme Court, Place 7",,REP,Ballots Cast,144,2,110,256
Rains,407,"Justice, Supreme Court, Place 7",,REP,Under Votes,30,1,24,55
Rains,407,"Justice, Supreme Court, Place 7",,REP,Over Votes,0,0,0,0
Rains,407,"Justice, Supreme Court, Place 8",,REP,Brett Busby,144,2,107,253
Rains,407,"Justice, Supreme Court, Place 8",,REP,Ballots Cast,144,2,107,253
Rains,407,"Justice, Supreme Court, Place 8",,REP,Under Votes,30,1,27,58
Rains,407,"Justice, Supreme Court, Place 8",,REP,Over Votes,0,0,0,0
Rains,407,"Judge, Court of Criminal Appeals, Place 3",,REP,Gina Parker,63,2,56,121
Rains,407,"Judge, Court of Criminal Appeals, Place 3",,REP,Bert Richardson,80,1,53,134
Rains,407,"Judge, Court of Criminal Appeals, Place 3",,REP,Ballots Cast,143,3,109,255
Rains,407,"Judge, Court of Criminal Appeals, Place 3",,REP,Under Votes,31,0,25,56
Rains,407,"Judge, Court of Criminal Appeals, Place 3",,REP,Over Votes,0,0,0,0
Rains,407,"Judge, Court of Criminal Appeals, Place 4",,REP,Kevin Patrick Yeary,143,2,108,253
Rains,407,"Judge, Court of Criminal Appeals, Place 4",,REP,Ballots Cast,143,2,108,253
Rains,407,"Judge, Court of Criminal Appeals, Place 4",,REP,Under Votes,31,1,26,58
Rains,407,"Judge, Court of Criminal Appeals, Place 4",,REP,Over Votes,0,0,0,0
Rains,407,"Judge, Court of Criminal Appeals, Place 9",,REP,David Newell,145,2,109,256
Rains,407,"Judge, Court of Criminal Appeals, Place 9",,REP,Ballots Cast,145,2,109,256
Rains,407,"Judge, Court of Criminal Appeals, Place 9",,REP,Under Votes,29,1,25,55
Rains,407,"Judge, Court of Criminal Appeals, Place 9",,REP,Over Votes,0,0,0,0
Rains,407,"Member, State Board of Education, District 9",,REP,Keven M. Ellis,143,2,106,251
Rains,407,"Member, State Board of Education, District 9",,REP,Ballots Cast,143,2,106,251
Rains,407,"Member, State Board of Education, District 9",,REP,Under Votes,31,1,28,60
Rains,407,"Member, State Board of Education, District 9",,REP,Over Votes,0,0,0,0
Rains,407,State Representative,5,REP,Cole Hefner,146,2,112,260
Rains,407,State Representative,5,REP,Ballots Cast,146,2,112,260
Rains,407,State Representative,5,REP,Under Votes,28,1,22,51
Rains,407,State Representative,5,REP,Over Votes,0,0,0,0
Rains,407,"Chief Justice, 12th Court of Appeals District",,REP,Jim Worthen,139,2,109,250
Rains,407,"Chief Justice, 12th Court of Appeals District",,REP,Ballots Cast,139,2,109,250
Rains,407,"Chief Justice, 12th Court of Appeals District",,REP,Under Votes,35,1,25,61
Rains,407,"Chief Justice, 12th Court of Appeals District",,REP,Over Votes,0,0,0,0
Rains,407,"District Judge, 8th Judicial District",,REP,Eddie Northcutt,146,2,114,262
Rains,407,"District Judge, 8th Judicial District",,REP,Ballots Cast,146,2,114,262
Rains,407,"District Judge, 8th Judicial District",,REP,Under Votes,28,1,20,49
Rains,407,"District Judge, 8th Judicial District",,REP,Over Votes,0,0,0,0
Rains,407,"District Judge, 354th Judicial District",,REP,Keli M. Aiken,141,2,108,251
Rains,407,"District Judge, 354th Judicial District",,REP,Ballots Cast,141,2,108,251
Rains,407,"District Judge, 354th Judicial District",,REP,Under Votes,33,1,26,60
Rains,407,"District Judge, 354th Judicial District",,REP,Over Votes,0,0,0,0
Rains,407,County Attorney,,REP,Robert F. Vititow,145,2,108,255
Rains,407,County Attorney,,REP,Ballots Cast,145,2,108,255
Rains,407,County Attorney,,REP,Under Votes,29,1,26,56
Rains,407,County Attorney,,REP,Over Votes,0,0,0,0
Rains,407,Sheriff,,REP,David Traylor,91,2,60,153
Rains,407,Sheriff,,REP,Jenkins Franklin,77,1,70,148
Rains,407,Sheriff,,REP,Ballots Cast,168,3,130,301
Rains,407,Sheriff,,REP,Under Votes,6,0,4,10
Rains,407,Sheriff,,REP,Over Votes,0,0,0,0
Rains,407,County Tax Assessor-Collector,,REP,Sheila Floyd,149,2,116,267
Rains,407,County Tax Assessor-Collector,,REP,Ballots Cast,149,2,116,267
Rains,407,County Tax Assessor-Collector,,REP,Under Votes,25,1,18,44
Rains,407,County Tax Assessor-Collector,,REP,Over Votes,0,0,0,0
Rains,407,Constable,,REP,Allen Wayne Davis,148,2,108,258
Rains,407,Constable,,REP,Ballots Cast,148,2,108,258
Rains,407,Constable,,REP,Under Votes,26,1,26,53
Rains,407,Constable,,REP,Over Votes,0,0,0,0
Rains,407,County Chairman,,REP,Kristi R. Ratliff,148,2,112,262
Rains,407,County Chairman,,REP,Ballots Cast,148,2,112,262
Rains,407,County Chairman,,REP,Under Votes,26,1,22,49
Rains,407,County Chairman,,REP,Over Votes,0,0,0,0
Rains,407,Proposition 1,,REP,Yes,156,2,119,277
Rains,407,Proposition 1,,REP,No,16,1,14,31
Rains,407,Proposition 1,,REP,Ballots Cast,172,3,133,308
Rains,407,Proposition 1,,REP,Under Votes,2,0,1,3
Rains,407,Proposition 1,,REP,Over Votes,0,0,0,0
Rains,407,Proposition 2,,REP,Yes,144,3,118,265
Rains,407,Proposition 2,,REP,No,27,0,15,42
Rains,407,Proposition 2,,REP,Ballots Cast,171,3,133,307
Rains,407,Proposition 2,,REP,Under Votes,3,0,1,4
Rains,407,Proposition 2,,REP,Over Votes,0,0,0,0
Rains,407,Proposition 3,,REP,Yes,162,3,122,287
Rains,407,Proposition 3,,REP,No,10,0,9,19
Rains,407,Proposition 3,,REP,Ballots Cast,172,3,131,306
Rains,407,Proposition 3,,REP,Under Votes,2,0,3,5
Rains,407,Proposition 3,,REP,Over Votes,0,0,0,0
Rains,407,Proposition 4,,REP,Yes,167,3,127,297
Rains,407,Proposition 4,,REP,No,2,0,3,5
Rains,407,Proposition 4,,REP,Ballots Cast,169,3,130,302
Rains,407,Proposition 4,,REP,Under Votes,5,0,4,9
Rains,407,Proposition 4,,REP,Over Votes,0,0,0,0
Rains,407,Proposition 5,,REP,Yes,159,3,125,287
Rains,407,Proposition 5,,REP,No,9,0,6,15
Rains,407,Proposition 5,,REP,Ballots Cast,168,3,131,302
Rains,407,Proposition 5,,REP,Under Votes,6,0,3,9
Rains,407,Proposition 5,,REP,Over Votes,0,0,0,0
Rains,407,Proposition 6,,REP,Yes,161,3,125,289
Rains,407,Proposition 6,,REP,No,9,0,6,15
Rains,407,Proposition 6,,REP,Ballots Cast,170,3,131,304
Rains,407,Proposition 6,,REP,Under Votes,4,0,3,7
Rains,407,Proposition 6,,REP,Over Votes,0,0,0,0
Rains,407,Proposition 7,,REP,Yes,172,3,132,307
Rains,407,Proposition 7,,REP,No,1,0,0,1
Rains,407,Proposition 7,,REP,Ballots Cast,173,3,132,308
Rains,407,Proposition 7,,REP,Under Votes,1,0,2,3
Rains,407,Proposition 7,,REP,Over Votes,0,0,0,0
Rains,407,Proposition 8,,REP,Yes,170,3,131,304
Rains,407,Proposition 8,,REP,No,0,0,1,1
Rains,407,Proposition 8,,REP,Ballots Cast,170,3,132,305
Rains,407,Proposition 8,,REP,Under Votes,4,0,2,6
Rains,407,Proposition 8,,REP,Over Votes,0,0,0,0
Rains,407,Proposition 9,,REP,Yes,158,3,123,284
Rains,407,Proposition 9,,REP,No,12,0,7,19
Rains,407,Proposition 9,,REP,Ballots Cast,170,3,130,303
Rains,407,Proposition 9,,REP,Under Votes,4,0,4,8
Rains,407,Proposition 9,,REP,Over Votes,0,0,0,0
Rains,407,Proposition 10,,REP,Yes,161,2,120,283
Rains,407,Proposition 10,,REP,No,10,1,9,20
Rains,407,Proposition 10,,REP,Ballots Cast,171,3,129,303
Rains,407,Proposition 10,,REP,Under Votes,3,0,5,8
Rains,407,Proposition 10,,REP,Over Votes,0,0,0,0
Rains,408,President,,REP,Matthew John Matern,0,0,0,0
Rains,408,President,,REP,Bob Ely,1,0,0,1
Rains,408,President,,REP,Bill Weld,2,0,0,2
Rains,408,President,,REP,"Roque ""Rocky"" De La Fuente Guerra",0,0,0,0
Rains,408,President,,REP,Joe Walsh,0,0,0,0
Rains,408,President,,REP,Zoltan G. Istvan,0,0,0,0
Rains,408,President,,REP,Donald J. Trump,118,1,91,210
Rains,408,President,,REP,Uncommitted,1,0,0,1
Rains,408,President,,REP,Ballots Cast,122,1,91,214
Rains,408,President,,REP,Under Votes,0,0,0,0
Rains,408,President,,REP,Over Votes,0,0,0,0
Rains,408,U.S. Senate,,REP,John Anthony Castro,8,0,4,12
Rains,408,U.S. Senate,,REP,Virgil Bierschwale,0,0,0,0
Rains,408,U.S. Senate,,REP,Dwayne Stovall,21,0,10,31
Rains,408,U.S. Senate,,REP,John Cornyn,79,1,66,146
Rains,408,U.S. Senate,,REP,Mark Yancey,5,0,6,11
Rains,408,U.S. Senate,,REP,Ballots Cast,113,1,86,200
Rains,408,U.S. Senate,,REP,Under Votes,9,0,5,14
Rains,408,U.S. Senate,,REP,Over Votes,0,0,0,0
Rains,408,U.S. House,4,REP,John Ratcliffe,111,0,85,196
Rains,408,U.S. House,4,REP,Ballots Cast,111,0,85,196
Rains,408,U.S. House,4,REP,Under Votes,11,1,6,18
Rains,408,U.S. House,4,REP,Over Votes,0,0,0,0
Rains,408,Railroad Commissioner,,REP,Ryan Sitton,41,0,25,66
Rains,408,Railroad Commissioner,,REP,"James ""Jim"" Wright",65,1,55,121
Rains,408,Railroad Commissioner,,REP,Ballots Cast,106,1,80,187
Rains,408,Railroad Commissioner,,REP,Under Votes,16,0,11,27
Rains,408,Railroad Commissioner,,REP,Over Votes,0,0,0,0
Rains,408,"Chief Justice, Supreme Court",,REP,Nathan Hecht,102,0,78,180
Rains,408,"Chief Justice, Supreme Court",,REP,Ballots Cast,102,0,78,180
Rains,408,"Chief Justice, Supreme Court",,REP,Under Votes,20,1,13,34
Rains,408,"Chief Justice, Supreme Court",,REP,Over Votes,0,0,0,0
Rains,408,"Justice, Supreme Court, Place 6",,REP,Jane Bland,102,0,78,180
Rains,408,"Justice, Supreme Court, Place 6",,REP,Ballots Cast,102,0,78,180
Rains,408,"Justice, Supreme Court, Place 6",,REP,Under Votes,20,1,13,34
Rains,408,"Justice, Supreme Court, Place 6",,REP,Over Votes,0,0,0,0
Rains,408,"Justice, Supreme Court, Place 7",,REP,Jeff Boyd,102,0,79,181
Rains,408,"Justice, Supreme Court, Place 7",,REP,Ballots Cast,102,0,79,181
Rains,408,"Justice, Supreme Court, Place 7",,REP,Under Votes,20,1,12,33
Rains,408,"Justice, Supreme Court, Place 7",,REP,Over Votes,0,0,0,0
Rains,408,"Justice, Supreme Court, Place 8",,REP,Brett Busby,103,0,75,178
Rains,408,"Justice, Supreme Court, Place 8",,REP,Ballots Cast,103,0,75,178
Rains,408,"Justice, Supreme Court, Place 8",,REP,Under Votes,19,1,16,36
Rains,408,"Justice, Supreme Court, Place 8",,REP,Over Votes,0,0,0,0
Rains,408,"Judge, Court of Criminal Appeals, Place 3",,REP,Gina Parker,54,0,43,97
Rains,408,"Judge, Court of Criminal Appeals, Place 3",,REP,Bert Richardson,51,1,34,86
Rains,408,"Judge, Court of Criminal Appeals, Place 3",,REP,Ballots Cast,105,1,77,183
Rains,408,"Judge, Court of Criminal Appeals, Place 3",,REP,Under Votes,17,0,14,31
Rains,408,"Judge, Court of Criminal Appeals, Place 3",,REP,Over Votes,0,0,0,0
Rains,408,"Judge, Court of Criminal Appeals, Place 4",,REP,Kevin Patrick Yeary,102,0,76,178
Rains,408,"Judge, Court of Criminal Appeals, Place 4",,REP,Ballots Cast,102,0,76,178
Rains,408,"Judge, Court of Criminal Appeals, Place 4",,REP,Under Votes,20,1,15,36
Rains,408,"Judge, Court of Criminal Appeals, Place 4",,REP,Over Votes,0,0,0,0
Rains,408,"Judge, Court of Criminal Appeals, Place 9",,REP,David Newell,102,0,76,178
Rains,408,"Judge, Court of Criminal Appeals, Place 9",,REP,Ballots Cast,102,0,76,178
Rains,408,"Judge, Court of Criminal Appeals, Place 9",,REP,Under Votes,20,1,15,36
Rains,408,"Judge, Court of Criminal Appeals, Place 9",,REP,Over Votes,0,0,0,0
Rains,408,"Member, State Board of Education, District 9",,REP,Keven M. Ellis,100,0,75,175
Rains,408,"Member, State Board of Education, District 9",,REP,Ballots Cast,100,0,75,175
Rains,408,"Member, State Board of Education, District 9",,REP,Under Votes,22,1,16,39
Rains,408,"Member, State Board of Education, District 9",,REP,Over Votes,0,0,0,0
Rains,408,State Representative,5,REP,Cole Hefner,102,0,79,181
Rains,408,State Representative,5,REP,Ballots Cast,102,0,79,181
Rains,408,State Representative,5,REP,Under Votes,20,1,12,33
Rains,408,State Representative,5,REP,Over Votes,0,0,0,0
Rains,408,"Chief Justice, 12th Court of Appeals District",,REP,Jim Worthen,101,0,75,176
Rains,408,"Chief Justice, 12th Court of Appeals District",,REP,Ballots Cast,101,0,75,176
Rains,408,"Chief Justice, 12th Court of Appeals District",,REP,Under Votes,21,1,16,38
Rains,408,"Chief Justice, 12th Court of Appeals District",,REP,Over Votes,0,0,0,0
Rains,408,"District Judge, 8th Judicial District",,REP,Eddie Northcutt,105,0,78,183
Rains,408,"District Judge, 8th Judicial District",,REP,Ballots Cast,105,0,78,183
Rains,408,"District Judge, 8th Judicial District",,REP,Under Votes,17,1,13,31
Rains,408,"District Judge, 8th Judicial District",,REP,Over Votes,0,0,0,0
Rains,408,"District Judge, 354th Judicial District",,REP,Keli M. Aiken,105,0,79,184
Rains,408,"District Judge, 354th Judicial District",,REP,Ballots Cast,105,0,79,184
Rains,408,"District Judge, 354th Judicial District",,REP,Under Votes,17,1,12,30
Rains,408,"District Judge, 354th Judicial District",,REP,Over Votes,0,0,0,0
Rains,408,County Attorney,,REP,Robert F. Vititow,103,0,75,178
Rains,408,County Attorney,,REP,Ballots Cast,103,0,75,178
Rains,408,County Attorney,,REP,Under Votes,19,1,16,36
Rains,408,County Attorney,,REP,Over Votes,0,0,0,0
Rains,408,Sheriff,,REP,David Traylor,66,0,49,115
Rains,408,Sheriff,,REP,Jenkins Franklin,54,1,38,93
Rains,408,Sheriff,,REP,Ballots Cast,120,1,87,208
Rains,408,Sheriff,,REP,Under Votes,2,0,4,6
Rains,408,Sheriff,,REP,Over Votes,0,0,0,0
Rains,408,County Tax Assessor-Collector,,REP,Sheila Floyd,112,0,82,194
Rains,408,County Tax Assessor-Collector,,REP,Ballots Cast,112,0,82,194
Rains,408,County Tax Assessor-Collector,,REP,Under Votes,10,1,9,20
Rains,408,County Tax Assessor-Collector,,REP,Over Votes,0,0,0,0
Rains,408,Constable,,REP,Allen Wayne Davis,104,0,80,184
Rains,408,Constable,,REP,Ballots Cast,104,0,80,184
Rains,408,Constable,,REP,Under Votes,18,1,11,30
Rains,408,Constable,,REP,Over Votes,0,0,0,0
Rains,408,County Chairman,,REP,Kristi R. Ratliff,107,0,78,185
Rains,408,County Chairman,,REP,Ballots Cast,107,0,78,185
Rains,408,County Chairman,,REP,Under Votes,15,1,13,29
Rains,408,County Chairman,,REP,Over Votes,0,0,0,0
Rains,408,Proposition 1,,REP,Yes,100,1,83,184
Rains,408,Proposition 1,,REP,No,20,0,7,27
Rains,408,Proposition 1,,REP,Ballots Cast,120,1,90,211
Rains,408,Proposition 1,,REP,Under Votes,2,0,1,3
Rains,408,Proposition 1,,REP,Over Votes,0,0,0,0
Rains,408,Proposition 2,,REP,Yes,103,1,78,182
Rains,408,Proposition 2,,REP,No,18,0,10,28
Rains,408,Proposition 2,,REP,Ballots Cast,121,1,88,210
Rains,408,Proposition 2,,REP,Under Votes,1,0,3,4
Rains,408,Proposition 2,,REP,Over Votes,0,0,0,0
Rains,408,Proposition 3,,REP,Yes,110,1,82,193
Rains,408,Proposition 3,,REP,No,9,0,2,11
Rains,408,Proposition 3,,REP,Ballots Cast,119,1,84,204
Rains,408,Proposition 3,,REP,Under Votes,3,0,7,10
Rains,408,Proposition 3,,REP,Over Votes,0,0,0,0
Rains,408,Proposition 4,,REP,Yes,116,1,87,204
Rains,408,Proposition 4,,REP,No,4,0,1,5
Rains,408,Proposition 4,,REP,Ballots Cast,120,1,88,209
Rains,408,Proposition 4,,REP,Under Votes,2,0,3,5
Rains,408,Proposition 4,,REP,Over Votes,0,0,0,0
Rains,408,Proposition 5,,REP,Yes,105,1,81,187
Rains,408,Proposition 5,,REP,No,10,0,5,15
Rains,408,Proposition 5,,REP,Ballots Cast,115,1,86,202
Rains,408,Proposition 5,,REP,Under Votes,7,0,5,12
Rains,408,Proposition 5,,REP,Over Votes,0,0,0,0
Rains,408,Proposition 6,,REP,Yes,113,1,86,200
Rains,408,Proposition 6,,REP,No,5,0,1,6
Rains,408,Proposition 6,,REP,Ballots Cast,118,1,87,206
Rains,408,Proposition 6,,REP,Under Votes,4,0,4,8
Rains,408,Proposition 6,,REP,Over Votes,0,0,0,0
Rains,408,Proposition 7,,REP,Yes,114,1,89,204
Rains,408,Proposition 7,,REP,No,3,0,0,3
Rains,408,Proposition 7,,REP,Ballots Cast,117,1,89,207
Rains,408,Proposition 7,,REP,Under Votes,5,0,2,7
Rains,408,Proposition 7,,REP,Over Votes,0,0,0,0
Rains,408,Proposition 8,,REP,Yes,118,1,90,209
Rains,408,Proposition 8,,REP,No,1,0,0,1
Rains,408,Proposition 8,,REP,Ballots Cast,119,1,90,210
Rains,408,Proposition 8,,REP,Under Votes,3,0,1,4
Rains,408,Proposition 8,,REP,Over Votes,0,0,0,0
Rains,408,Proposition 9,,REP,Yes,113,1,82,196
Rains,408,Proposition 9,,REP,No,4,0,6,10
Rains,408,Proposition 9,,REP,Ballots Cast,117,1,88,206
Rains,408,Proposition 9,,REP,Under Votes,5,0,3,8
Rains,408,Proposition 9,,REP,Over Votes,0,0,0,0
Rains,408,Proposition 10,,REP,Yes,112,1,86,199
Rains,408,Proposition 10,,REP,No,5,0,3,8
Rains,408,Proposition 10,,REP,Ballots Cast,117,1,89,207
Rains,408,Proposition 10,,REP,Under Votes,5,0,2,7
Rains,408,Proposition 10,,REP,Over Votes,0,0,0,0
Rains,101,President,,DEM,Cory Booker,0,0,0,0
Rains,101,President,,DEM,Robby Wells,0,0,0,0
Rains,101,President,,DEM,Elizabeth Warren,2,0,1,3
Rains,101,President,,DEM,Julián Castro,0,0,0,0
Rains,101,President,,DEM,Tom Steyer,0,0,2,2
Rains,101,President,,DEM,Tulsi Gabbard,0,0,0,0
Rains,101,President,,DEM,Marianne Williamson,0,0,0,0
Rains,101,President,,DEM,Michael Bennet,0,0,0,0
Rains,101,President,,DEM,John K. Delaney,0,0,0,0
Rains,101,President,,DEM,Deval Patrick,0,0,0,0
Rains,101,President,,DEM,"Roque ""Rocky"" De La Fuente",0,0,0,0
Rains,101,President,,DEM,Joseph R. Biden,13,2,2,17
Rains,101,President,,DEM,Michael R. Bloomberg,3,2,7,12
Rains,101,President,,DEM,Andrew Yang,0,0,0,0
Rains,101,President,,DEM,Amy Klobuchar,1,0,1,2
Rains,101,President,,DEM,Bernie Sanders,0,0,5,5
Rains,101,President,,DEM,Pete Buttigieg,0,0,0,0
Rains,101,President,,DEM,Ballots Cast,19,4,18,41
Rains,101,President,,DEM,Under Votes,0,0,1,1
Rains,101,President,,DEM,Over Votes,0,0,0,0
Rains,101,U.S. Senate,,DEM,"Annie ""Mamá"" Garcia",3,0,1,4
Rains,101,U.S. Senate,,DEM,Adrian Ocegueda,0,0,0,0
Rains,101,U.S. Senate,,DEM,Cristina Tzintzun Ramirez,0,0,0,0
Rains,101,U.S. Senate,,DEM,Victor Hugo Harris,1,0,0,1
Rains,101,U.S. Senate,,DEM,"Mary ""MJ"" Hegar",2,1,4,7
Rains,101,U.S. Senate,,DEM,Sema Hernandez,1,0,1,2
Rains,101,U.S. Senate,,DEM,Chris Bell,1,0,4,5
Rains,101,U.S. Senate,,DEM,Amanda K. Edwards,3,0,0,3
Rains,101,U.S. Senate,,DEM,D.R. Hunter,0,0,0,0
Rains,101,U.S. Senate,,DEM,Royce West,1,1,3,5
Rains,101,U.S. Senate,,DEM,Jack Daniel Foster Jr,0,0,0,0
Rains,101,U.S. Senate,,DEM,Michael Cooper,0,2,0,2
Rains,101,U.S. Senate,,DEM,Ballots Cast,12,4,13,29
Rains,101,U.S. Senate,,DEM,Under Votes,7,0,6,13
Rains,101,U.S. Senate,,DEM,Over Votes,0,0,0,0
Rains,101,U.S. House,4,DEM,Russell Foster,10,3,11,24
Rains,101,U.S. House,4,DEM,Ballots Cast,10,3,11,24
Rains,101,U.S. House,4,DEM,Under Votes,9,1,8,18
Rains,101,U.S. House,4,DEM,Over Votes,0,0,0,0
Rains,101,Railroad Commissioner,,DEM,Mark Watson,5,2,8,15
Rains,101,Railroad Commissioner,,DEM,Kelly Stone,7,1,3,11
Rains,101,Railroad Commissioner,,DEM,"Roberto R. ""Beto"" Alonzo",2,0,0,2
Rains,101,Railroad Commissioner,,DEM,Chrysta Castañeda,1,1,2,4
Rains,101,Railroad Commissioner,,DEM,Ballots Cast,15,4,13,32
Rains,101,Railroad Commissioner,,DEM,Under Votes,4,0,6,10
Rains,101,Railroad Commissioner,,DEM,Over Votes,0,0,0,0
Rains,101,"Chief Justice, Supreme Court",,DEM,Jerry Zimmerer,4,3,3,10
Rains,101,"Chief Justice, Supreme Court",,DEM,Amy Clark Meachum,9,1,8,18
Rains,101,"Chief Justice, Supreme Court",,DEM,Ballots Cast,13,4,11,28
Rains,101,"Chief Justice, Supreme Court",,DEM,Under Votes,6,0,8,14
Rains,101,"Chief Justice, Supreme Court",,DEM,Over Votes,0,0,0,0
Rains,101,"Justice, Supreme Court, Place 6",,DEM,Larry Praeger,5,4,4,13
Rains,101,"Justice, Supreme Court, Place 6",,DEM,Kathy Cheng,10,0,9,19
Rains,101,"Justice, Supreme Court, Place 6",,DEM,Ballots Cast,15,4,13,32
Rains,101,"Justice, Supreme Court, Place 6",,DEM,Under Votes,4,0,6,10
Rains,101,"Justice, Supreme Court, Place 6",,DEM,Over Votes,0,0,0,0
Rains,101,"Justice, Supreme Court, Place 7",,DEM,Brandy Voss,5,1,4,10
Rains,101,"Justice, Supreme Court, Place 7",,DEM,Staci Williams,10,3,7,20
Rains,101,"Justice, Supreme Court, Place 7",,DEM,Ballots Cast,15,4,11,30
Rains,101,"Justice, Supreme Court, Place 7",,DEM,Under Votes,4,0,8,12
Rains,101,"Justice, Supreme Court, Place 7",,DEM,Over Votes,0,0,0,0
Rains,101,"Justice, Supreme Court, Place 8",,DEM,Peter Kelly,7,4,6,17
Rains,101,"Justice, Supreme Court, Place 8",,DEM,Gisela D. Triana,7,0,6,13
Rains,101,"Justice, Supreme Court, Place 8",,DEM,Ballots Cast,14,4,12,30
Rains,101,"Justice, Supreme Court, Place 8",,DEM,Under Votes,5,0,7,12
Rains,101,"Justice, Supreme Court, Place 8",,DEM,Over Votes,0,0,0,0
Rains,101,"Judge, Court of Criminal Appeals, Place 3",,DEM,William Pieratt Demond,0,0,1,1
Rains,101,"Judge, Court of Criminal Appeals, Place 3",,DEM,Elizabeth Davis Frizell,11,1,5,17
Rains,101,"Judge, Court of Criminal Appeals, Place 3",,DEM,Dan Wood,4,3,6,13
Rains,101,"Judge, Court of Criminal Appeals, Place 3",,DEM,Ballots Cast,15,4,12,31
Rains,101,"Judge, Court of Criminal Appeals, Place 3",,DEM,Under Votes,4,0,7,11
Rains,101,"Judge, Court of Criminal Appeals, Place 3",,DEM,Over Votes,0,0,0,0
Rains,101,"Judge, Court of Criminal Appeals, Place 4",,DEM,Tina Clinton,13,3,5,21
Rains,101,"Judge, Court of Criminal Appeals, Place 4",,DEM,Steven Miears,1,1,7,9
Rains,101,"Judge, Court of Criminal Appeals, Place 4",,DEM,Ballots Cast,14,4,12,30
Rains,101,"Judge, Court of Criminal Appeals, Place 4",,DEM,Under Votes,5,0,7,12
Rains,101,"Judge, Court of Criminal Appeals, Place 4",,DEM,Over Votes,0,0,0,0
Rains,101,"Judge, Court of Criminal Appeals, Place 9",,DEM,Brandon Birmingham,13,4,10,27
Rains,101,"Judge, Court of Criminal Appeals, Place 9",,DEM,Ballots Cast,13,4,10,27
Rains,101,"Judge, Court of Criminal Appeals, Place 9",,DEM,Under Votes,6,0,9,15
Rains,101,"Judge, Court of Criminal Appeals, Place 9",,DEM,Over Votes,0,0,0,0
Rains,101,"Member, State Board of Education, District 9",,DEM,Brenda Davis,13,4,11,28
Rains,101,"Member, State Board of Education, District 9",,DEM,Ballots Cast,13,4,11,28
Rains,101,"Member, State Board of Education, District 9",,DEM,Under Votes,6,0,8,14
Rains,101,"Member, State Board of Education, District 9",,DEM,Over Votes,0,0,0,0
Rains,101,State Representative,5,DEM,Lawyanda Prince,11,4,10,25
Rains,101,State Representative,5,DEM,Ballots Cast,11,4,10,25
Rains,101,State Representative,5,DEM,Under Votes,8,0,9,17
Rains,101,State Representative,5,DEM,Over Votes,0,0,0,0
Rains,101,County Chairman,,DEM,Elgie Clayton,10,3,9,22
Rains,101,County Chairman,,DEM,Ballots Cast,10,3,9,22
Rains,101,County Chairman,,DEM,Under Votes,9,1,10,20
Rains,101,County Chairman,,DEM,Over Votes,0,0,0,0
Rains,101,Proposition #1,,DEM,Yes,14,4,14,32
Rains,101,Proposition #1,,DEM,No,2,0,3,5
Rains,101,Proposition #1,,DEM,Ballots Cast,16,4,17,37
Rains,101,Proposition #1,,DEM,Under Votes,3,0,2,5
Rains,101,Proposition #1,,DEM,Over Votes,0,0,0,0
Rains,101,Proposition #2,,DEM,Yes,15,4,16,35
Rains,101,Proposition #2,,DEM,No,2,0,2,4
Rains,101,Proposition #2,,DEM,Ballots Cast,17,4,18,39
Rains,101,Proposition #2,,DEM,Under Votes,2,0,1,3
Rains,101,Proposition #2,,DEM,Over Votes,0,0,0,0
Rains,101,Proposition #3,,DEM,Yes,14,4,16,34
Rains,101,Proposition #3,,DEM,No,2,0,2,4
Rains,101,Proposition #3,,DEM,Ballots Cast,16,4,18,38
Rains,101,Proposition #3,,DEM,Under Votes,3,0,1,4
Rains,101,Proposition #3,,DEM,Over Votes,0,0,0,0
Rains,101,Proposition #4,,DEM,Yes,13,4,14,31
Rains,101,Proposition #4,,DEM,No,1,0,2,3
Rains,101,Proposition #4,,DEM,Ballots Cast,14,4,16,34
Rains,101,Proposition #4,,DEM,Under Votes,5,0,3,8
Rains,101,Proposition #4,,DEM,Over Votes,0,0,0,0
Rains,101,Proposition #5,,DEM,Yes,14,4,16,34
Rains,101,Proposition #5,,DEM,No,2,0,2,4
Rains,101,Proposition #5,,DEM,Ballots Cast,16,4,18,38
Rains,101,Proposition #5,,DEM,Under Votes,3,0,1,4
Rains,101,Proposition #5,,DEM,Over Votes,0,0,0,0
Rains,101,Proposition #6,,DEM,Yes,14,4,15,33
Rains,101,Proposition #6,,DEM,No,1,0,2,3
Rains,101,Proposition #6,,DEM,Ballots Cast,15,4,17,36
Rains,101,Proposition #6,,DEM,Under Votes,4,0,2,6
Rains,101,Proposition #6,,DEM,Over Votes,0,0,0,0
Rains,101,Proposition #7,,DEM,Yes,14,3,16,33
Rains,101,Proposition #7,,DEM,No,0,0,2,2
Rains,101,Proposition #7,,DEM,Ballots Cast,14,3,18,35
Rains,101,Proposition #7,,DEM,Under Votes,5,1,1,7
Rains,101,Proposition #7,,DEM,Over Votes,0,0,0,0
Rains,101,Proposition #8,,DEM,Yes,13,4,14,31
Rains,101,Proposition #8,,DEM,No,2,0,4,6
Rains,101,Proposition #8,,DEM,Ballots Cast,15,4,18,37
Rains,101,Proposition #8,,DEM,Under Votes,4,0,1,5
Rains,101,Proposition #8,,DEM,Over Votes,0,0,0,0
Rains,101,Proposition #9,,DEM,Yes,15,4,15,34
Rains,101,Proposition #9,,DEM,No,1,0,3,4
Rains,101,Proposition #9,,DEM,Ballots Cast,16,4,18,38
Rains,101,Proposition #9,,DEM,Under Votes,3,0,1,4
Rains,101,Proposition #9,,DEM,Over Votes,0,0,0,0
Rains,101,Proposition #10,,DEM,Yes,13,4,15,32
Rains,101,Proposition #10,,DEM,No,3,0,3,6
Rains,101,Proposition #10,,DEM,Ballots Cast,16,4,18,38
Rains,101,Proposition #10,,DEM,Under Votes,3,0,1,4
Rains,101,Proposition #10,,DEM,Over Votes,0,0,0,0
Rains,101,Proposition #11,,DEM,Yes,14,4,12,30
Rains,101,Proposition #11,,DEM,No,2,0,4,6
Rains,101,Proposition #11,,DEM,Ballots Cast,16,4,16,36
Rains,101,Proposition #11,,DEM,Under Votes,3,0,3,6
Rains,101,Proposition #11,,DEM,Over Votes,0,0,0,0
Rains,102,President,,DEM,Cory Booker,0,0,0,0
Rains,102,President,,DEM,Robby Wells,0,0,0,0
Rains,102,President,,DEM,Elizabeth Warren,4,1,1,6
Rains,102,President,,DEM,Julián Castro,0,0,0,0
Rains,102,President,,DEM,Tom Steyer,0,0,0,0
Rains,102,President,,DEM,Tulsi Gabbard,0,0,0,0
Rains,102,President,,DEM,Marianne Williamson,0,0,0,0
Rains,102,President,,DEM,Michael Bennet,0,0,0,0
Rains,102,President,,DEM,John K. Delaney,0,0,0,0
Rains,102,President,,DEM,Deval Patrick,0,0,0,0
Rains,102,President,,DEM,"Roque ""Rocky"" De La Fuente",0,0,0,0
Rains,102,President,,DEM,Joseph R. Biden,14,2,2,18
Rains,102,President,,DEM,Michael R. Bloomberg,3,3,3,9
Rains,102,President,,DEM,Andrew Yang,0,0,0,0
Rains,102,President,,DEM,Amy Klobuchar,0,0,3,3
Rains,102,President,,DEM,Bernie Sanders,4,1,2,7
Rains,102,President,,DEM,Pete Buttigieg,0,0,1,1
Rains,102,President,,DEM,Ballots Cast,25,7,12,44
Rains,102,President,,DEM,Under Votes,0,0,0,0
Rains,102,President,,DEM,Over Votes,0,0,0,0
Rains,102,U.S. Senate,,DEM,"Annie ""Mamá"" Garcia",1,0,0,1
Rains,102,U.S. Senate,,DEM,Adrian Ocegueda,0,0,0,0
Rains,102,U.S. Senate,,DEM,Cristina Tzintzun Ramirez,3,0,2,5
Rains,102,U.S. Senate,,DEM,Victor Hugo Harris,0,0,1,1
Rains,102,U.S. Senate,,DEM,"Mary ""MJ"" Hegar",5,6,5,16
Rains,102,U.S. Senate,,DEM,Sema Hernandez,1,0,1,2
Rains,102,U.S. Senate,,DEM,Chris Bell,3,0,2,5
Rains,102,U.S. Senate,,DEM,Amanda K. Edwards,2,0,0,2
Rains,102,U.S. Senate,,DEM,D.R. Hunter,0,0,0,0
Rains,102,U.S. Senate,,DEM,Royce West,4,0,0,4
Rains,102,U.S. Senate,,DEM,Jack Daniel Foster Jr,1,0,0,1
Rains,102,U.S. Senate,,DEM,Michael Cooper,1,0,0,1
Rains,102,U.S. Senate,,DEM,Ballots Cast,21,6,11,38
Rains,102,U.S. Senate,,DEM,Under Votes,4,1,1,6
Rains,102,U.S. Senate,,DEM,Over Votes,0,0,0,0
Rains,102,U.S. House,4,DEM,Russell Foster,17,5,10,32
Rains,102,U.S. House,4,DEM,Ballots Cast,17,5,10,32
Rains,102,U.S. House,4,DEM,Under Votes,8,2,2,12
Rains,102,U.S. House,4,DEM,Over Votes,0,0,0,0
Rains,102,Railroad Commissioner,,DEM,Mark Watson,3,1,4,8
Rains,102,Railroad Commissioner,,DEM,Kelly Stone,7,1,2,10
Rains,102,Railroad Commissioner,,DEM,"Roberto R. ""Beto"" Alonzo",8,1,2,11
Rains,102,Railroad Commissioner,,DEM,Chrysta Castañeda,2,2,3,7
Rains,102,Railroad Commissioner,,DEM,Ballots Cast,20,5,11,36
Rains,102,Railroad Commissioner,,DEM,Under Votes,5,2,1,8
Rains,102,Railroad Commissioner,,DEM,Over Votes,0,0,0,0
Rains,102,"Chief Justice, Supreme Court",,DEM,Jerry Zimmerer,8,1,1,10
Rains,102,"Chief Justice, Supreme Court",,DEM,Amy Clark Meachum,12,5,10,27
Rains,102,"Chief Justice, Supreme Court",,DEM,Ballots Cast,20,6,11,37
Rains,102,"Chief Justice, Supreme Court",,DEM,Under Votes,5,1,1,7
Rains,102,"Chief Justice, Supreme Court",,DEM,Over Votes,0,0,0,0
Rains,102,"Justice, Supreme Court, Place 6",,DEM,Larry Praeger,5,1,1,7
Rains,102,"Justice, Supreme Court, Place 6",,DEM,Kathy Cheng,16,5,9,30
Rains,102,"Justice, Supreme Court, Place 6",,DEM,Ballots Cast,21,6,10,37
Rains,102,"Justice, Supreme Court, Place 6",,DEM,Under Votes,4,1,2,7
Rains,102,"Justice, Supreme Court, Place 6",,DEM,Over Votes,0,0,0,0
Rains,102,"Justice, Supreme Court, Place 7",,DEM,Brandy Voss,6,1,3,10
Rains,102,"Justice, Supreme Court, Place 7",,DEM,Staci Williams,12,4,7,23
Rains,102,"Justice, Supreme Court, Place 7",,DEM,Ballots Cast,18,5,10,33
Rains,102,"Justice, Supreme Court, Place 7",,DEM,Under Votes,7,2,2,11
Rains,102,"Justice, Supreme Court, Place 7",,DEM,Over Votes,0,0,0,0
Rains,102,"Justice, Supreme Court, Place 8",,DEM,Peter Kelly,9,2,2,13
Rains,102,"Justice, Supreme Court, Place 8",,DEM,Gisela D. Triana,11,2,8,21
Rains,102,"Justice, Supreme Court, Place 8",,DEM,Ballots Cast,20,4,10,34
Rains,102,"Justice, Supreme Court, Place 8",,DEM,Under Votes,5,3,2,10
Rains,102,"Justice, Supreme Court, Place 8",,DEM,Over Votes,0,0,0,0
Rains,102,"Judge, Court of Criminal Appeals, Place 3",,DEM,William Pieratt Demond,2,0,0,2
Rains,102,"Judge, Court of Criminal Appeals, Place 3",,DEM,Elizabeth Davis Frizell,14,5,10,29
Rains,102,"Judge, Court of Criminal Appeals, Place 3",,DEM,Dan Wood,4,1,0,5
Rains,102,"Judge, Court of Criminal Appeals, Place 3",,DEM,Ballots Cast,20,6,10,36
Rains,102,"Judge, Court of Criminal Appeals, Place 3",,DEM,Under Votes,5,1,2,8
Rains,102,"Judge, Court of Criminal Appeals, Place 3",,DEM,Over Votes,0,0,0,0
Rains,102,"Judge, Court of Criminal Appeals, Place 4",,DEM,Tina Clinton,17,4,9,30
Rains,102,"Judge, Court of Criminal Appeals, Place 4",,DEM,Steven Miears,3,1,1,5
Rains,102,"Judge, Court of Criminal Appeals, Place 4",,DEM,Ballots Cast,20,5,10,35
Rains,102,"Judge, Court of Criminal Appeals, Place 4",,DEM,Under Votes,5,2,2,9
Rains,102,"Judge, Court of Criminal Appeals, Place 4",,DEM,Over Votes,0,0,0,0
Rains,102,"Judge, Court of Criminal Appeals, Place 9",,DEM,Brandon Birmingham,16,5,9,30
Rains,102,"Judge, Court of Criminal Appeals, Place 9",,DEM,Ballots Cast,16,5,9,30
Rains,102,"Judge, Court of Criminal Appeals, Place 9",,DEM,Under Votes,9,2,3,14
Rains,102,"Judge, Court of Criminal Appeals, Place 9",,DEM,Over Votes,0,0,0,0
Rains,102,"Member, State Board of Education, District 9",,DEM,Brenda Davis,16,5,9,30
Rains,102,"Member, State Board of Education, District 9",,DEM,Ballots Cast,16,5,9,30
Rains,102,"Member, State Board of Education, District 9",,DEM,Under Votes,9,2,3,14
Rains,102,"Member, State Board of Education, District 9",,DEM,Over Votes,0,0,0,0
Rains,102,State Representative,5,DEM,Lawyanda Prince,16,5,9,30
Rains,102,State Representative,5,DEM,Ballots Cast,16,5,9,30
Rains,102,State Representative,5,DEM,Under Votes,9,2,3,14
Rains,102,State Representative,5,DEM,Over Votes,0,0,0,0
Rains,102,County Chairman,,DEM,Elgie Clayton,17,5,9,31
Rains,102,County Chairman,,DEM,Ballots Cast,17,5,9,31
Rains,102,County Chairman,,DEM,Under Votes,8,2,3,13
Rains,102,County Chairman,,DEM,Over Votes,0,0,0,0
Rains,102,Proposition #1,,DEM,Yes,24,6,11,41
Rains,102,Proposition #1,,DEM,No,1,0,1,2
Rains,102,Proposition #1,,DEM,Ballots Cast,25,6,12,43
Rains,102,Proposition #1,,DEM,Under Votes,0,1,0,1
Rains,102,Proposition #1,,DEM,Over Votes,0,0,0,0
Rains,102,Proposition #2,,DEM,Yes,23,6,12,41
Rains,102,Proposition #2,,DEM,No,1,0,0,1
Rains,102,Proposition #2,,DEM,Ballots Cast,24,6,12,42
Rains,102,Proposition #2,,DEM,Under Votes,1,1,0,2
Rains,102,Proposition #2,,DEM,Over Votes,0,0,0,0
Rains,102,Proposition #3,,DEM,Yes,24,6,12,42
Rains,102,Proposition #3,,DEM,No,1,0,0,1
Rains,102,Proposition #3,,DEM,Ballots Cast,25,6,12,43
Rains,102,Proposition #3,,DEM,Under Votes,0,1,0,1
Rains,102,Proposition #3,,DEM,Over Votes,0,0,0,0
Rains,102,Proposition #4,,DEM,Yes,21,6,11,38
Rains,102,Proposition #4,,DEM,No,2,0,0,2
Rains,102,Proposition #4,,DEM,Ballots Cast,23,6,11,40
Rains,102,Proposition #4,,DEM,Under Votes,2,1,1,4
Rains,102,Proposition #4,,DEM,Over Votes,0,0,0,0
Rains,102,Proposition #5,,DEM,Yes,22,6,11,39
Rains,102,Proposition #5,,DEM,No,1,0,0,1
Rains,102,Proposition #5,,DEM,Ballots Cast,23,6,11,40
Rains,102,Proposition #5,,DEM,Under Votes,2,1,1,4
Rains,102,Proposition #5,,DEM,Over Votes,0,0,0,0
Rains,102,Proposition #6,,DEM,Yes,23,7,12,42
Rains,102,Proposition #6,,DEM,No,1,0,0,1
Rains,102,Proposition #6,,DEM,Ballots Cast,24,7,12,43
Rains,102,Proposition #6,,DEM,Under Votes,1,0,0,1
Rains,102,Proposition #6,,DEM,Over Votes,0,0,0,0
Rains,102,Proposition #7,,DEM,Yes,21,6,12,39
Rains,102,Proposition #7,,DEM,No,3,0,0,3
Rains,102,Proposition #7,,DEM,Ballots Cast,24,6,12,42
Rains,102,Proposition #7,,DEM,Under Votes,1,1,0,2
Rains,102,Proposition #7,,DEM,Over Votes,0,0,0,0
Rains,102,Proposition #8,,DEM,Yes,20,6,11,37
Rains,102,Proposition #8,,DEM,No,3,0,0,3
Rains,102,Proposition #8,,DEM,Ballots Cast,23,6,11,40
Rains,102,Proposition #8,,DEM,Under Votes,2,1,1,4
Rains,102,Proposition #8,,DEM,Over Votes,0,0,0,0
Rains,102,Proposition #9,,DEM,Yes,23,7,12,42
Rains,102,Proposition #9,,DEM,No,1,0,0,1
Rains,102,Proposition #9,,DEM,Ballots Cast,24,7,12,43
Rains,102,Proposition #9,,DEM,Under Votes,1,0,0,1
Rains,102,Proposition #9,,DEM,Over Votes,0,0,0,0
Rains,102,Proposition #10,,DEM,Yes,22,6,12,40
Rains,102,Proposition #10,,DEM,No,2,0,0,2
Rains,102,Proposition #10,,DEM,Ballots Cast,24,6,12,42
Rains,102,Proposition #10,,DEM,Under Votes,1,1,0,2
Rains,102,Proposition #10,,DEM,Over Votes,0,0,0,0
Rains,102,Proposition #11,,DEM,Yes,21,6,12,39
Rains,102,Proposition #11,,DEM,No,3,0,0,3
Rains,102,Proposition #11,,DEM,Ballots Cast,24,6,12,42
Rains,102,Proposition #11,,DEM,Under Votes,1,1,0,2
Rains,102,Proposition #11,,DEM,Over Votes,0,0,0,0
Rains,203,President,,DEM,Cory Booker,0,0,0,0
Rains,203,President,,DEM,Robby Wells,0,0,0,0
Rains,203,President,,DEM,Elizabeth Warren,2,0,1,3
Rains,203,President,,DEM,Julián Castro,1,0,0,1
Rains,203,President,,DEM,Tom Steyer,0,0,0,0
Rains,203,President,,DEM,Tulsi Gabbard,0,0,3,3
Rains,203,President,,DEM,Marianne Williamson,0,0,0,0
Rains,203,President,,DEM,Michael Bennet,0,0,0,0
Rains,203,President,,DEM,John K. Delaney,0,0,0,0
Rains,203,President,,DEM,Deval Patrick,0,0,0,0
Rains,203,President,,DEM,"Roque ""Rocky"" De La Fuente",0,0,0,0
Rains,203,President,,DEM,Joseph R. Biden,22,3,8,33
Rains,203,President,,DEM,Michael R. Bloomberg,7,3,4,14
Rains,203,President,,DEM,Andrew Yang,1,0,0,1
Rains,203,President,,DEM,Amy Klobuchar,0,0,1,1
Rains,203,President,,DEM,Bernie Sanders,10,0,2,12
Rains,203,President,,DEM,Pete Buttigieg,0,0,7,7
Rains,203,President,,DEM,Ballots Cast,43,6,26,75
Rains,203,President,,DEM,Under Votes,0,0,0,0
Rains,203,President,,DEM,Over Votes,0,0,0,0
Rains,203,U.S. Senate,,DEM,"Annie ""Mamá"" Garcia",5,0,1,6
Rains,203,U.S. Senate,,DEM,Adrian Ocegueda,0,0,0,0
Rains,203,U.S. Senate,,DEM,Cristina Tzintzun Ramirez,6,2,2,10
Rains,203,U.S. Senate,,DEM,Victor Hugo Harris,2,0,2,4
Rains,203,U.S. Senate,,DEM,"Mary ""MJ"" Hegar",8,2,10,20
Rains,203,U.S. Senate,,DEM,Sema Hernandez,3,0,0,3
Rains,203,U.S. Senate,,DEM,Chris Bell,5,0,3,8
Rains,203,U.S. Senate,,DEM,Amanda K. Edwards,4,0,2,6
Rains,203,U.S. Senate,,DEM,D.R. Hunter,0,2,0,2
Rains,203,U.S. Senate,,DEM,Royce West,3,0,3,6
Rains,203,U.S. Senate,,DEM,Jack Daniel Foster Jr,1,0,0,1
Rains,203,U.S. Senate,,DEM,Michael Cooper,1,0,0,1
Rains,203,U.S. Senate,,DEM,Ballots Cast,38,6,23,67
Rains,203,U.S. Senate,,DEM,Under Votes,5,0,3,8
Rains,203,U.S. Senate,,DEM,Over Votes,0,0,0,0
Rains,203,U.S. House,4,DEM,Russell Foster,31,4,17,52
Rains,203,U.S. House,4,DEM,Ballots Cast,31,4,17,52
Rains,203,U.S. House,4,DEM,Under Votes,12,2,9,23
Rains,203,U.S. House,4,DEM,Over Votes,0,0,0,0
Rains,203,Railroad Commissioner,,DEM,Mark Watson,9,2,5,16
Rains,203,Railroad Commissioner,,DEM,Kelly Stone,14,0,5,19
Rains,203,Railroad Commissioner,,DEM,"Roberto R. ""Beto"" Alonzo",4,2,3,9
Rains,203,Railroad Commissioner,,DEM,Chrysta Castañeda,6,2,9,17
Rains,203,Railroad Commissioner,,DEM,Ballots Cast,33,6,22,61
Rains,203,Railroad Commissioner,,DEM,Under Votes,10,0,4,14
Rains,203,Railroad Commissioner,,DEM,Over Votes,0,0,0,0
Rains,203,"Chief Justice, Supreme Court",,DEM,Jerry Zimmerer,10,1,5,16
Rains,203,"Chief Justice, Supreme Court",,DEM,Amy Clark Meachum,25,5,17,47
Rains,203,"Chief Justice, Supreme Court",,DEM,Ballots Cast,35,6,22,63
Rains,203,"Chief Justice, Supreme Court",,DEM,Under Votes,8,0,4,12
Rains,203,"Chief Justice, Supreme Court",,DEM,Over Votes,0,0,0,0
Rains,203,"Justice, Supreme Court, Place 6",,DEM,Larry Praeger,12,2,9,23
Rains,203,"Justice, Supreme Court, Place 6",,DEM,Kathy Cheng,24,4,13,41
Rains,203,"Justice, Supreme Court, Place 6",,DEM,Ballots Cast,36,6,22,64
Rains,203,"Justice, Supreme Court, Place 6",,DEM,Under Votes,7,0,4,11
Rains,203,"Justice, Supreme Court, Place 6",,DEM,Over Votes,0,0,0,0
Rains,203,"Justice, Supreme Court, Place 7",,DEM,Brandy Voss,16,2,9,27
Rains,203,"Justice, Supreme Court, Place 7",,DEM,Staci Williams,18,4,12,34
Rains,203,"Justice, Supreme Court, Place 7",,DEM,Ballots Cast,34,6,21,61
Rains,203,"Justice, Supreme Court, Place 7",,DEM,Under Votes,9,0,5,14
Rains,203,"Justice, Supreme Court, Place 7",,DEM,Over Votes,0,0,0,0
Rains,203,"Justice, Supreme Court, Place 8",,DEM,Peter Kelly,15,2,10,27
Rains,203,"Justice, Supreme Court, Place 8",,DEM,Gisela D. Triana,19,4,12,35
Rains,203,"Justice, Supreme Court, Place 8",,DEM,Ballots Cast,34,6,22,62
Rains,203,"Justice, Supreme Court, Place 8",,DEM,Under Votes,9,0,4,13
Rains,203,"Justice, Supreme Court, Place 8",,DEM,Over Votes,0,0,0,0
Rains,203,"Judge, Court of Criminal Appeals, Place 3",,DEM,William Pieratt Demond,7,0,1,8
Rains,203,"Judge, Court of Criminal Appeals, Place 3",,DEM,Elizabeth Davis Frizell,16,4,14,34
Rains,203,"Judge, Court of Criminal Appeals, Place 3",,DEM,Dan Wood,12,2,7,21
Rains,203,"Judge, Court of Criminal Appeals, Place 3",,DEM,Ballots Cast,35,6,22,63
Rains,203,"Judge, Court of Criminal Appeals, Place 3",,DEM,Under Votes,8,0,4,12
Rains,203,"Judge, Court of Criminal Appeals, Place 3",,DEM,Over Votes,0,0,0,0
Rains,203,"Judge, Court of Criminal Appeals, Place 4",,DEM,Tina Clinton,24,5,17,46
Rains,203,"Judge, Court of Criminal Appeals, Place 4",,DEM,Steven Miears,9,1,5,15
Rains,203,"Judge, Court of Criminal Appeals, Place 4",,DEM,Ballots Cast,33,6,22,61
Rains,203,"Judge, Court of Criminal Appeals, Place 4",,DEM,Under Votes,10,0,4,14
Rains,203,"Judge, Court of Criminal Appeals, Place 4",,DEM,Over Votes,0,0,0,0
Rains,203,"Judge, Court of Criminal Appeals, Place 9",,DEM,Brandon Birmingham,30,5,17,52
Rains,203,"Judge, Court of Criminal Appeals, Place 9",,DEM,Ballots Cast,30,5,17,52
Rains,203,"Judge, Court of Criminal Appeals, Place 9",,DEM,Under Votes,13,1,9,23
Rains,203,"Judge, Court of Criminal Appeals, Place 9",,DEM,Over Votes,0,0,0,0
Rains,203,"Member, State Board of Education, District 9",,DEM,Brenda Davis,30,6,21,57
Rains,203,"Member, State Board of Education, District 9",,DEM,Ballots Cast,30,6,21,57
Rains,203,"Member, State Board of Education, District 9",,DEM,Under Votes,13,0,5,18
Rains,203,"Member, State Board of Education, District 9",,DEM,Over Votes,0,0,0,0
Rains,203,State Representative,5,DEM,Lawyanda Prince,31,5,18,54
Rains,203,State Representative,5,DEM,Ballots Cast,31,5,18,54
Rains,203,State Representative,5,DEM,Under Votes,12,1,8,21
Rains,203,State Representative,5,DEM,Over Votes,0,0,0,0
Rains,203,County Chairman,,DEM,Elgie Clayton,31,5,18,54
Rains,203,County Chairman,,DEM,Ballots Cast,31,5,18,54
Rains,203,County Chairman,,DEM,Under Votes,12,1,8,21
Rains,203,County Chairman,,DEM,Over Votes,0,0,0,0
Rains,203,Proposition #1,,DEM,Yes,35,4,23,62
Rains,203,Proposition #1,,DEM,No,7,2,2,11
Rains,203,Proposition #1,,DEM,Ballots Cast,42,6,25,73
Rains,203,Proposition #1,,DEM,Under Votes,1,0,1,2
Rains,203,Proposition #1,,DEM,Over Votes,0,0,0,0
Rains,203,Proposition #2,,DEM,Yes,36,4,21,61
Rains,203,Proposition #2,,DEM,No,6,2,2,10
Rains,203,Proposition #2,,DEM,Ballots Cast,42,6,23,71
Rains,203,Proposition #2,,DEM,Under Votes,1,0,3,4
Rains,203,Proposition #2,,DEM,Over Votes,0,0,0,0
Rains,203,Proposition #3,,DEM,Yes,36,6,24,66
Rains,203,Proposition #3,,DEM,No,5,0,2,7
Rains,203,Proposition #3,,DEM,Ballots Cast,41,6,26,73
Rains,203,Proposition #3,,DEM,Under Votes,2,0,0,2
Rains,203,Proposition #3,,DEM,Over Votes,0,0,0,0
Rains,203,Proposition #4,,DEM,Yes,38,4,23,65
Rains,203,Proposition #4,,DEM,No,3,1,3,7
Rains,203,Proposition #4,,DEM,Ballots Cast,41,5,26,72
Rains,203,Proposition #4,,DEM,Under Votes,2,1,0,3
Rains,203,Proposition #4,,DEM,Over Votes,0,0,0,0
Rains,203,Proposition #5,,DEM,Yes,40,5,24,69
Rains,203,Proposition #5,,DEM,No,2,0,1,3
Rains,203,Proposition #5,,DEM,Ballots Cast,42,5,25,72
Rains,203,Proposition #5,,DEM,Under Votes,1,1,1,3
Rains,203,Proposition #5,,DEM,Over Votes,0,0,0,0
Rains,203,Proposition #6,,DEM,Yes,39,2,24,65
Rains,203,Proposition #6,,DEM,No,2,1,2,5
Rains,203,Proposition #6,,DEM,Ballots Cast,41,3,26,70
Rains,203,Proposition #6,,DEM,Under Votes,2,3,0,5
Rains,203,Proposition #6,,DEM,Over Votes,0,0,0,0
Rains,203,Proposition #7,,DEM,Yes,38,2,24,64
Rains,203,Proposition #7,,DEM,No,3,0,2,5
Rains,203,Proposition #7,,DEM,Ballots Cast,41,2,26,69
Rains,203,Proposition #7,,DEM,Under Votes,2,4,0,6
Rains,203,Proposition #7,,DEM,Over Votes,0,0,0,0
Rains,203,Proposition #8,,DEM,Yes,38,4,23,65
Rains,203,Proposition #8,,DEM,No,4,0,2,6
Rains,203,Proposition #8,,DEM,Ballots Cast,42,4,25,71
Rains,203,Proposition #8,,DEM,Under Votes,1,1,1,3
Rains,203,Proposition #8,,DEM,Over Votes,0,1,0,1
Rains,203,Proposition #9,,DEM,Yes,38,2,24,64
Rains,203,Proposition #9,,DEM,No,3,0,2,5
Rains,203,Proposition #9,,DEM,Ballots Cast,41,2,26,69
Rains,203,Proposition #9,,DEM,Under Votes,2,4,0,6
Rains,203,Proposition #9,,DEM,Over Votes,0,0,0,0
Rains,203,Proposition #10,,DEM,Yes,38,2,22,62
Rains,203,Proposition #10,,DEM,No,4,0,3,7
Rains,203,Proposition #10,,DEM,Ballots Cast,42,2,25,69
Rains,203,Proposition #10,,DEM,Under Votes,1,4,1,6
Rains,203,Proposition #10,,DEM,Over Votes,0,0,0,0
Rains,203,Proposition #11,,DEM,Yes,33,5,22,60
Rains,203,Proposition #11,,DEM,No,8,0,2,10
Rains,203,Proposition #11,,DEM,Ballots Cast,41,5,24,70
Rains,203,Proposition #11,,DEM,Under Votes,2,1,2,5
Rains,203,Proposition #11,,DEM,Over Votes,0,0,0,0
Rains,204,President,,DEM,Cory Booker,0,0,0,0
Rains,204,President,,DEM,Robby Wells,0,0,0,0
Rains,204,President,,DEM,Elizabeth Warren,0,1,2,3
Rains,204,President,,DEM,Julián Castro,0,0,0,0
Rains,204,President,,DEM,Tom Steyer,0,0,1,1
Rains,204,President,,DEM,Tulsi Gabbard,0,0,1,1
Rains,204,President,,DEM,Marianne Williamson,0,0,0,0
Rains,204,President,,DEM,Michael Bennet,0,0,1,1
Rains,204,President,,DEM,John K. Delaney,0,0,0,0
Rains,204,President,,DEM,Deval Patrick,0,0,0,0
Rains,204,President,,DEM,"Roque ""Rocky"" De La Fuente",0,0,0,0
Rains,204,President,,DEM,Joseph R. Biden,10,1,2,13
Rains,204,President,,DEM,Michael R. Bloomberg,3,0,3,6
Rains,204,President,,DEM,Andrew Yang,0,0,0,0
Rains,204,President,,DEM,Amy Klobuchar,0,0,1,1
Rains,204,President,,DEM,Bernie Sanders,6,0,1,7
Rains,204,President,,DEM,Pete Buttigieg,0,2,0,2
Rains,204,President,,DEM,Ballots Cast,19,4,12,35
Rains,204,President,,DEM,Under Votes,2,0,0,2
Rains,204,President,,DEM,Over Votes,0,0,0,0
Rains,204,U.S. Senate,,DEM,"Annie ""Mamá"" Garcia",1,0,3,4
Rains,204,U.S. Senate,,DEM,Adrian Ocegueda,0,0,0,0
Rains,204,U.S. Senate,,DEM,Cristina Tzintzun Ramirez,1,0,0,1
Rains,204,U.S. Senate,,DEM,Victor Hugo Harris,0,1,1,2
Rains,204,U.S. Senate,,DEM,"Mary ""MJ"" Hegar",5,2,2,9
Rains,204,U.S. Senate,,DEM,Sema Hernandez,3,0,0,3
Rains,204,U.S. Senate,,DEM,Chris Bell,0,0,1,1
Rains,204,U.S. Senate,,DEM,Amanda K. Edwards,3,0,0,3
Rains,204,U.S. Senate,,DEM,D.R. Hunter,1,0,1,2
Rains,204,U.S. Senate,,DEM,Royce West,2,1,2,5
Rains,204,U.S. Senate,,DEM,Jack Daniel Foster Jr,0,0,0,0
Rains,204,U.S. Senate,,DEM,Michael Cooper,0,0,0,0
Rains,204,U.S. Senate,,DEM,Ballots Cast,16,4,10,30
Rains,204,U.S. Senate,,DEM,Under Votes,5,0,2,7
Rains,204,U.S. Senate,,DEM,Over Votes,0,0,0,0
Rains,204,U.S. House,4,DEM,Russell Foster,14,3,9,26
Rains,204,U.S. House,4,DEM,Ballots Cast,14,3,9,26
Rains,204,U.S. House,4,DEM,Under Votes,7,1,3,11
Rains,204,U.S. House,4,DEM,Over Votes,0,0,0,0
Rains,204,Railroad Commissioner,,DEM,Mark Watson,6,0,1,7
Rains,204,Railroad Commissioner,,DEM,Kelly Stone,1,2,2,5
Rains,204,Railroad Commissioner,,DEM,"Roberto R. ""Beto"" Alonzo",5,0,4,9
Rains,204,Railroad Commissioner,,DEM,Chrysta Castañeda,3,1,2,6
Rains,204,Railroad Commissioner,,DEM,Ballots Cast,15,3,9,27
Rains,204,Railroad Commissioner,,DEM,Under Votes,6,1,3,10
Rains,204,Railroad Commissioner,,DEM,Over Votes,0,0,0,0
Rains,204,"Chief Justice, Supreme Court",,DEM,Jerry Zimmerer,4,1,3,8
Rains,204,"Chief Justice, Supreme Court",,DEM,Amy Clark Meachum,11,2,7,20
Rains,204,"Chief Justice, Supreme Court",,DEM,Ballots Cast,15,3,10,28
Rains,204,"Chief Justice, Supreme Court",,DEM,Under Votes,6,1,2,9
Rains,204,"Chief Justice, Supreme Court",,DEM,Over Votes,0,0,0,0
Rains,204,"Justice, Supreme Court, Place 6",,DEM,Larry Praeger,4,0,3,7
Rains,204,"Justice, Supreme Court, Place 6",,DEM,Kathy Cheng,9,3,7,19
Rains,204,"Justice, Supreme Court, Place 6",,DEM,Ballots Cast,13,3,10,26
Rains,204,"Justice, Supreme Court, Place 6",,DEM,Under Votes,8,1,2,11
Rains,204,"Justice, Supreme Court, Place 6",,DEM,Over Votes,0,0,0,0
Rains,204,"Justice, Supreme Court, Place 7",,DEM,Brandy Voss,5,1,5,11
Rains,204,"Justice, Supreme Court, Place 7",,DEM,Staci Williams,10,2,5,17
Rains,204,"Justice, Supreme Court, Place 7",,DEM,Ballots Cast,15,3,10,28
Rains,204,"Justice, Supreme Court, Place 7",,DEM,Under Votes,6,1,2,9
Rains,204,"Justice, Supreme Court, Place 7",,DEM,Over Votes,0,0,0,0
Rains,204,"Justice, Supreme Court, Place 8",,DEM,Peter Kelly,5,1,5,11
Rains,204,"Justice, Supreme Court, Place 8",,DEM,Gisela D. Triana,9,2,5,16
Rains,204,"Justice, Supreme Court, Place 8",,DEM,Ballots Cast,14,3,10,27
Rains,204,"Justice, Supreme Court, Place 8",,DEM,Under Votes,7,1,2,10
Rains,204,"Justice, Supreme Court, Place 8",,DEM,Over Votes,0,0,0,0
Rains,204,"Judge, Court of Criminal Appeals, Place 3",,DEM,William Pieratt Demond,2,0,0,2
Rains,204,"Judge, Court of Criminal Appeals, Place 3",,DEM,Elizabeth Davis Frizell,8,2,5,15
Rains,204,"Judge, Court of Criminal Appeals, Place 3",,DEM,Dan Wood,4,1,5,10
Rains,204,"Judge, Court of Criminal Appeals, Place 3",,DEM,Ballots Cast,14,3,10,27
Rains,204,"Judge, Court of Criminal Appeals, Place 3",,DEM,Under Votes,7,1,2,10
Rains,204,"Judge, Court of Criminal Appeals, Place 3",,DEM,Over Votes,0,0,0,0
Rains,204,"Judge, Court of Criminal Appeals, Place 4",,DEM,Tina Clinton,9,2,5,16
Rains,204,"Judge, Court of Criminal Appeals, Place 4",,DEM,Steven Miears,4,1,5,10
Rains,204,"Judge, Court of Criminal Appeals, Place 4",,DEM,Ballots Cast,13,3,10,26
Rains,204,"Judge, Court of Criminal Appeals, Place 4",,DEM,Under Votes,8,1,2,11
Rains,204,"Judge, Court of Criminal Appeals, Place 4",,DEM,Over Votes,0,0,0,0
Rains,204,"Judge, Court of Criminal Appeals, Place 9",,DEM,Brandon Birmingham,13,3,9,25
Rains,204,"Judge, Court of Criminal Appeals, Place 9",,DEM,Ballots Cast,13,3,9,25
Rains,204,"Judge, Court of Criminal Appeals, Place 9",,DEM,Under Votes,8,1,3,12
Rains,204,"Judge, Court of Criminal Appeals, Place 9",,DEM,Over Votes,0,0,0,0
Rains,204,"Member, State Board of Education, District 9",,DEM,Brenda Davis,13,3,9,25
Rains,204,"Member, State Board of Education, District 9",,DEM,Ballots Cast,13,3,9,25
Rains,204,"Member, State Board of Education, District 9",,DEM,Under Votes,8,1,3,12
Rains,204,"Member, State Board of Education, District 9",,DEM,Over Votes,0,0,0,0
Rains,204,State Representative,5,DEM,Lawyanda Prince,12,3,9,24
Rains,204,State Representative,5,DEM,Ballots Cast,12,3,9,24
Rains,204,State Representative,5,DEM,Under Votes,9,1,3,13
Rains,204,State Representative,5,DEM,Over Votes,0,0,0,0
Rains,204,County Chairman,,DEM,Elgie Clayton,13,4,10,27
Rains,204,County Chairman,,DEM,Ballots Cast,13,4,10,27
Rains,204,County Chairman,,DEM,Under Votes,8,0,2,10
Rains,204,County Chairman,,DEM,Over Votes,0,0,0,0
Rains,204,Proposition #1,,DEM,Yes,18,4,10,32
Rains,204,Proposition #1,,DEM,No,1,0,2,3
Rains,204,Proposition #1,,DEM,Ballots Cast,19,4,12,35
Rains,204,Proposition #1,,DEM,Under Votes,2,0,0,2
Rains,204,Proposition #1,,DEM,Over Votes,0,0,0,0
Rains,204,Proposition #2,,DEM,Yes,18,4,11,33
Rains,204,Proposition #2,,DEM,No,0,0,1,1
Rains,204,Proposition #2,,DEM,Ballots Cast,18,4,12,34
Rains,204,Proposition #2,,DEM,Under Votes,3,0,0,3
Rains,204,Proposition #2,,DEM,Over Votes,0,0,0,0
Rains,204,Proposition #3,,DEM,Yes,19,4,11,34
Rains,204,Proposition #3,,DEM,No,1,0,1,2
Rains,204,Proposition #3,,DEM,Ballots Cast,20,4,12,36
Rains,204,Proposition #3,,DEM,Under Votes,1,0,0,1
Rains,204,Proposition #3,,DEM,Over Votes,0,0,0,0
Rains,204,Proposition #4,,DEM,Yes,18,4,10,32
Rains,204,Proposition #4,,DEM,No,1,0,2,3
Rains,204,Proposition #4,,DEM,Ballots Cast,19,4,12,35
Rains,204,Proposition #4,,DEM,Under Votes,2,0,0,2
Rains,204,Proposition #4,,DEM,Over Votes,0,0,0,0
Rains,204,Proposition #5,,DEM,Yes,19,4,10,33
Rains,204,Proposition #5,,DEM,No,1,0,2,3
Rains,204,Proposition #5,,DEM,Ballots Cast,20,4,12,36
Rains,204,Proposition #5,,DEM,Under Votes,1,0,0,1
Rains,204,Proposition #5,,DEM,Over Votes,0,0,0,0
Rains,204,Proposition #6,,DEM,Yes,20,4,8,32
Rains,204,Proposition #6,,DEM,No,0,0,2,2
Rains,204,Proposition #6,,DEM,Ballots Cast,20,4,10,34
Rains,204,Proposition #6,,DEM,Under Votes,1,0,2,3
Rains,204,Proposition #6,,DEM,Over Votes,0,0,0,0
Rains,204,Proposition #7,,DEM,Yes,19,4,9,32
Rains,204,Proposition #7,,DEM,No,0,0,1,1
Rains,204,Proposition #7,,DEM,Ballots Cast,19,4,10,33
Rains,204,Proposition #7,,DEM,Under Votes,2,0,2,4
Rains,204,Proposition #7,,DEM,Over Votes,0,0,0,0
Rains,204,Proposition #8,,DEM,Yes,18,4,9,31
Rains,204,Proposition #8,,DEM,No,1,0,2,3
Rains,204,Proposition #8,,DEM,Ballots Cast,19,4,11,34
Rains,204,Proposition #8,,DEM,Under Votes,2,0,1,3
Rains,204,Proposition #8,,DEM,Over Votes,0,0,0,0
Rains,204,Proposition #9,,DEM,Yes,19,4,10,33
Rains,204,Proposition #9,,DEM,No,0,0,1,1
Rains,204,Proposition #9,,DEM,Ballots Cast,19,4,11,34
Rains,204,Proposition #9,,DEM,Under Votes,2,0,1,3
Rains,204,Proposition #9,,DEM,Over Votes,0,0,0,0
Rains,204,Proposition #10,,DEM,Yes,17,4,9,30
Rains,204,Proposition #10,,DEM,No,1,0,3,4
Rains,204,Proposition #10,,DEM,Ballots Cast,18,4,12,34
Rains,204,Proposition #10,,DEM,Under Votes,3,0,0,3
Rains,204,Proposition #10,,DEM,Over Votes,0,0,0,0
Rains,204,Proposition #11,,DEM,Yes,18,4,9,31
Rains,204,Proposition #11,,DEM,No,1,0,2,3
Rains,204,Proposition #11,,DEM,Ballots Cast,19,4,11,34
Rains,204,Proposition #11,,DEM,Under Votes,2,0,1,3
Rains,204,Proposition #11,,DEM,Over Votes,0,0,0,0
Rains,305,President,,DEM,Cory Booker,0,0,0,0
Rains,305,President,,DEM,Robby Wells,0,0,0,0
Rains,305,President,,DEM,Elizabeth Warren,1,2,0,3
Rains,305,President,,DEM,Julián Castro,1,0,0,1
Rains,305,President,,DEM,Tom Steyer,0,0,0,0
Rains,305,President,,DEM,Tulsi Gabbard,0,0,0,0
Rains,305,President,,DEM,Marianne Williamson,1,0,0,1
Rains,305,President,,DEM,Michael Bennet,2,0,0,2
Rains,305,President,,DEM,John K. Delaney,0,0,0,0
Rains,305,President,,DEM,Deval Patrick,0,0,0,0
Rains,305,President,,DEM,"Roque ""Rocky"" De La Fuente",1,0,0,1
Rains,305,President,,DEM,Joseph R. Biden,6,3,7,16
Rains,305,President,,DEM,Michael R. Bloomberg,1,1,4,6
Rains,305,President,,DEM,Andrew Yang,0,0,0,0
Rains,305,President,,DEM,Amy Klobuchar,0,0,0,0
Rains,305,President,,DEM,Bernie Sanders,6,0,1,7
Rains,305,President,,DEM,Pete Buttigieg,0,0,2,2
Rains,305,President,,DEM,Ballots Cast,19,6,14,39
Rains,305,President,,DEM,Under Votes,1,0,0,1
Rains,305,President,,DEM,Over Votes,0,0,0,0
Rains,305,U.S. Senate,,DEM,"Annie ""Mamá"" Garcia",0,0,0,0
Rains,305,U.S. Senate,,DEM,Adrian Ocegueda,2,0,0,2
Rains,305,U.S. Senate,,DEM,Cristina Tzintzun Ramirez,0,0,0,0
Rains,305,U.S. Senate,,DEM,Victor Hugo Harris,1,0,0,1
Rains,305,U.S. Senate,,DEM,"Mary ""MJ"" Hegar",8,1,2,11
Rains,305,U.S. Senate,,DEM,Sema Hernandez,0,0,0,0
Rains,305,U.S. Senate,,DEM,Chris Bell,4,0,1,5
Rains,305,U.S. Senate,,DEM,Amanda K. Edwards,2,1,5,8
Rains,305,U.S. Senate,,DEM,D.R. Hunter,0,0,0,0
Rains,305,U.S. Senate,,DEM,Royce West,1,4,1,6
Rains,305,U.S. Senate,,DEM,Jack Daniel Foster Jr,0,0,0,0
Rains,305,U.S. Senate,,DEM,Michael Cooper,0,0,1,1
Rains,305,U.S. Senate,,DEM,Ballots Cast,18,6,10,34
Rains,305,U.S. Senate,,DEM,Under Votes,2,0,4,6
Rains,305,U.S. Senate,,DEM,Over Votes,0,0,0,0
Rains,305,U.S. House,4,DEM,Russell Foster,14,6,10,30
Rains,305,U.S. House,4,DEM,Ballots Cast,14,6,10,30
Rains,305,U.S. House,4,DEM,Under Votes,6,0,4,10
Rains,305,U.S. House,4,DEM,Over Votes,0,0,0,0
Rains,305,Railroad Commissioner,,DEM,Mark Watson,6,3,1,10
Rains,305,Railroad Commissioner,,DEM,Kelly Stone,5,2,3,10
Rains,305,Railroad Commissioner,,DEM,"Roberto R. ""Beto"" Alonzo",2,0,0,2
Rains,305,Railroad Commissioner,,DEM,Chrysta Castañeda,5,1,6,12
Rains,305,Railroad Commissioner,,DEM,Ballots Cast,18,6,10,34
Rains,305,Railroad Commissioner,,DEM,Under Votes,2,0,4,6
Rains,305,Railroad Commissioner,,DEM,Over Votes,0,0,0,0
Rains,305,"Chief Justice, Supreme Court",,DEM,Jerry Zimmerer,7,3,2,12
Rains,305,"Chief Justice, Supreme Court",,DEM,Amy Clark Meachum,11,1,8,20
Rains,305,"Chief Justice, Supreme Court",,DEM,Ballots Cast,18,4,10,32
Rains,305,"Chief Justice, Supreme Court",,DEM,Under Votes,2,2,4,8
Rains,305,"Chief Justice, Supreme Court",,DEM,Over Votes,0,0,0,0
Rains,305,"Justice, Supreme Court, Place 6",,DEM,Larry Praeger,8,4,3,15
Rains,305,"Justice, Supreme Court, Place 6",,DEM,Kathy Cheng,11,0,7,18
Rains,305,"Justice, Supreme Court, Place 6",,DEM,Ballots Cast,19,4,10,33
Rains,305,"Justice, Supreme Court, Place 6",,DEM,Under Votes,1,2,4,7
Rains,305,"Justice, Supreme Court, Place 6",,DEM,Over Votes,0,0,0,0
Rains,305,"Justice, Supreme Court, Place 7",,DEM,Brandy Voss,6,4,3,13
Rains,305,"Justice, Supreme Court, Place 7",,DEM,Staci Williams,12,0,7,19
Rains,305,"Justice, Supreme Court, Place 7",,DEM,Ballots Cast,18,4,10,32
Rains,305,"Justice, Supreme Court, Place 7",,DEM,Under Votes,2,2,4,8
Rains,305,"Justice, Supreme Court, Place 7",,DEM,Over Votes,0,0,0,0
Rains,305,"Justice, Supreme Court, Place 8",,DEM,Peter Kelly,6,2,2,10
Rains,305,"Justice, Supreme Court, Place 8",,DEM,Gisela D. Triana,12,2,8,22
Rains,305,"Justice, Supreme Court, Place 8",,DEM,Ballots Cast,18,4,10,32
Rains,305,"Justice, Supreme Court, Place 8",,DEM,Under Votes,2,2,4,8
Rains,305,"Justice, Supreme Court, Place 8",,DEM,Over Votes,0,0,0,0
Rains,305,"Judge, Court of Criminal Appeals, Place 3",,DEM,William Pieratt Demond,2,1,3,6
Rains,305,"Judge, Court of Criminal Appeals, Place 3",,DEM,Elizabeth Davis Frizell,11,1,7,19
Rains,305,"Judge, Court of Criminal Appeals, Place 3",,DEM,Dan Wood,5,2,0,7
Rains,305,"Judge, Court of Criminal Appeals, Place 3",,DEM,Ballots Cast,18,4,10,32
Rains,305,"Judge, Court of Criminal Appeals, Place 3",,DEM,Under Votes,2,2,4,8
Rains,305,"Judge, Court of Criminal Appeals, Place 3",,DEM,Over Votes,0,0,0,0
Rains,305,"Judge, Court of Criminal Appeals, Place 4",,DEM,Tina Clinton,14,3,9,26
Rains,305,"Judge, Court of Criminal Appeals, Place 4",,DEM,Steven Miears,4,1,1,6
Rains,305,"Judge, Court of Criminal Appeals, Place 4",,DEM,Ballots Cast,18,4,10,32
Rains,305,"Judge, Court of Criminal Appeals, Place 4",,DEM,Under Votes,2,2,4,8
Rains,305,"Judge, Court of Criminal Appeals, Place 4",,DEM,Over Votes,0,0,0,0
Rains,305,"Judge, Court of Criminal Appeals, Place 9",,DEM,Brandon Birmingham,16,4,10,30
Rains,305,"Judge, Court of Criminal Appeals, Place 9",,DEM,Ballots Cast,16,4,10,30
Rains,305,"Judge, Court of Criminal Appeals, Place 9",,DEM,Under Votes,4,2,4,10
Rains,305,"Judge, Court of Criminal Appeals, Place 9",,DEM,Over Votes,0,0,0,0
Rains,305,"Member, State Board of Education, District 9",,DEM,Brenda Davis,15,4,9,28
Rains,305,"Member, State Board of Education, District 9",,DEM,Ballots Cast,15,4,9,28
Rains,305,"Member, State Board of Education, District 9",,DEM,Under Votes,5,2,5,12
Rains,305,"Member, State Board of Education, District 9",,DEM,Over Votes,0,0,0,0
Rains,305,State Representative,5,DEM,Lawyanda Prince,16,4,10,30
Rains,305,State Representative,5,DEM,Ballots Cast,16,4,10,30
Rains,305,State Representative,5,DEM,Under Votes,4,2,4,10
Rains,305,State Representative,5,DEM,Over Votes,0,0,0,0
Rains,305,County Chairman,,DEM,Elgie Clayton,15,6,8,29
Rains,305,County Chairman,,DEM,Ballots Cast,15,6,8,29
Rains,305,County Chairman,,DEM,Under Votes,5,0,6,11
Rains,305,County Chairman,,DEM,Over Votes,0,0,0,0
Rains,305,Proposition #1,,DEM,Yes,16,6,10,32
Rains,305,Proposition #1,,DEM,No,4,0,1,5
Rains,305,Proposition #1,,DEM,Ballots Cast,20,6,11,37
Rains,305,Proposition #1,,DEM,Under Votes,0,0,3,3
Rains,305,Proposition #1,,DEM,Over Votes,0,0,0,0
Rains,305,Proposition #2,,DEM,Yes,17,6,12,35
Rains,305,Proposition #2,,DEM,No,3,0,1,4
Rains,305,Proposition #2,,DEM,Ballots Cast,20,6,13,39
Rains,305,Proposition #2,,DEM,Under Votes,0,0,1,1
Rains,305,Proposition #2,,DEM,Over Votes,0,0,0,0
Rains,305,Proposition #3,,DEM,Yes,18,6,12,36
Rains,305,Proposition #3,,DEM,No,2,0,1,3
Rains,305,Proposition #3,,DEM,Ballots Cast,20,6,13,39
Rains,305,Proposition #3,,DEM,Under Votes,0,0,1,1
Rains,305,Proposition #3,,DEM,Over Votes,0,0,0,0
Rains,305,Proposition #4,,DEM,Yes,16,6,11,33
Rains,305,Proposition #4,,DEM,No,2,0,1,3
Rains,305,Proposition #4,,DEM,Ballots Cast,18,6,12,36
Rains,305,Proposition #4,,DEM,Under Votes,2,0,2,4
Rains,305,Proposition #4,,DEM,Over Votes,0,0,0,0
Rains,305,Proposition #5,,DEM,Yes,18,6,12,36
Rains,305,Proposition #5,,DEM,No,1,0,1,2
Rains,305,Proposition #5,,DEM,Ballots Cast,19,6,13,38
Rains,305,Proposition #5,,DEM,Under Votes,1,0,1,2
Rains,305,Proposition #5,,DEM,Over Votes,0,0,0,0
Rains,305,Proposition #6,,DEM,Yes,18,6,13,37
Rains,305,Proposition #6,,DEM,No,1,0,0,1
Rains,305,Proposition #6,,DEM,Ballots Cast,19,6,13,38
Rains,305,Proposition #6,,DEM,Under Votes,1,0,1,2
Rains,305,Proposition #6,,DEM,Over Votes,0,0,0,0
Rains,305,Proposition #7,,DEM,Yes,18,6,12,36
Rains,305,Proposition #7,,DEM,No,1,0,1,2
Rains,305,Proposition #7,,DEM,Ballots Cast,19,6,13,38
Rains,305,Proposition #7,,DEM,Under Votes,1,0,1,2
Rains,305,Proposition #7,,DEM,Over Votes,0,0,0,0
Rains,305,Proposition #8,,DEM,Yes,18,6,12,36
Rains,305,Proposition #8,,DEM,No,1,0,1,2
Rains,305,Proposition #8,,DEM,Ballots Cast,19,6,13,38
Rains,305,Proposition #8,,DEM,Under Votes,1,0,1,2
Rains,305,Proposition #8,,DEM,Over Votes,0,0,0,0
Rains,305,Proposition #9,,DEM,Yes,16,6,12,34
Rains,305,Proposition #9,,DEM,No,3,0,1,4
Rains,305,Proposition #9,,DEM,Ballots Cast,19,6,13,38
Rains,305,Proposition #9,,DEM,Under Votes,1,0,1,2
Rains,305,Proposition #9,,DEM,Over Votes,0,0,0,0
Rains,305,Proposition #10,,DEM,Yes,17,6,12,35
Rains,305,Proposition #10,,DEM,No,2,0,1,3
Rains,305,Proposition #10,,DEM,Ballots Cast,19,6,13,38
Rains,305,Proposition #10,,DEM,Under Votes,1,0,1,2
Rains,305,Proposition #10,,DEM,Over Votes,0,0,0,0
Rains,305,Proposition #11,,DEM,Yes,19,6,10,35
Rains,305,Proposition #11,,DEM,No,0,0,1,1
Rains,305,Proposition #11,,DEM,Ballots Cast,19,6,11,36
Rains,305,Proposition #11,,DEM,Under Votes,1,0,3,4
Rains,305,Proposition #11,,DEM,Over Votes,0,0,0,0
Rains,306,President,,DEM,Cory Booker,1,0,1,2
Rains,306,President,,DEM,Robby Wells,0,0,0,0
Rains,306,President,,DEM,Elizabeth Warren,2,0,1,3
Rains,306,President,,DEM,Julián Castro,0,0,0,0
Rains,306,President,,DEM,Tom Steyer,0,0,3,3
Rains,306,President,,DEM,Tulsi Gabbard,0,0,0,0
Rains,306,President,,DEM,Marianne Williamson,0,0,0,0
Rains,306,President,,DEM,Michael Bennet,2,0,0,2
Rains,306,President,,DEM,John K. Delaney,1,0,0,1
Rains,306,President,,DEM,Deval Patrick,0,0,0,0
Rains,306,President,,DEM,"Roque ""Rocky"" De La Fuente",0,0,1,1
Rains,306,President,,DEM,Joseph R. Biden,29,5,7,41
Rains,306,President,,DEM,Michael R. Bloomberg,5,3,8,16
Rains,306,President,,DEM,Andrew Yang,0,0,0,0
Rains,306,President,,DEM,Amy Klobuchar,0,0,4,4
Rains,306,President,,DEM,Bernie Sanders,5,0,4,9
Rains,306,President,,DEM,Pete Buttigieg,0,0,1,1
Rains,306,President,,DEM,Ballots Cast,45,8,30,83
Rains,306,President,,DEM,Under Votes,1,0,1,2
Rains,306,President,,DEM,Over Votes,0,0,0,0
Rains,306,U.S. Senate,,DEM,"Annie ""Mamá"" Garcia",4,2,5,11
Rains,306,U.S. Senate,,DEM,Adrian Ocegueda,0,0,0,0
Rains,306,U.S. Senate,,DEM,Cristina Tzintzun Ramirez,4,0,1,5
Rains,306,U.S. Senate,,DEM,Victor Hugo Harris,1,0,0,1
Rains,306,U.S. Senate,,DEM,"Mary ""MJ"" Hegar",8,0,7,15
Rains,306,U.S. Senate,,DEM,Sema Hernandez,0,0,0,0
Rains,306,U.S. Senate,,DEM,Chris Bell,3,0,0,3
Rains,306,U.S. Senate,,DEM,Amanda K. Edwards,6,0,4,10
Rains,306,U.S. Senate,,DEM,D.R. Hunter,0,0,0,0
Rains,306,U.S. Senate,,DEM,Royce West,12,5,6,23
Rains,306,U.S. Senate,,DEM,Jack Daniel Foster Jr,0,0,0,0
Rains,306,U.S. Senate,,DEM,Michael Cooper,3,1,0,4
Rains,306,U.S. Senate,,DEM,Ballots Cast,41,8,23,72
Rains,306,U.S. Senate,,DEM,Under Votes,5,0,8,13
Rains,306,U.S. Senate,,DEM,Over Votes,0,0,0,0
Rains,306,U.S. House,4,DEM,Russell Foster,39,8,21,68
Rains,306,U.S. House,4,DEM,Ballots Cast,39,8,21,68
Rains,306,U.S. House,4,DEM,Under Votes,7,0,10,17
Rains,306,U.S. House,4,DEM,Over Votes,0,0,0,0
Rains,306,Railroad Commissioner,,DEM,Mark Watson,8,6,6,20
Rains,306,Railroad Commissioner,,DEM,Kelly Stone,7,2,6,15
Rains,306,Railroad Commissioner,,DEM,"Roberto R. ""Beto"" Alonzo",19,0,7,26
Rains,306,Railroad Commissioner,,DEM,Chrysta Castañeda,8,0,6,14
Rains,306,Railroad Commissioner,,DEM,Ballots Cast,42,8,25,75
Rains,306,Railroad Commissioner,,DEM,Under Votes,4,0,6,10
Rains,306,Railroad Commissioner,,DEM,Over Votes,0,0,0,0
Rains,306,"Chief Justice, Supreme Court",,DEM,Jerry Zimmerer,11,5,6,22
Rains,306,"Chief Justice, Supreme Court",,DEM,Amy Clark Meachum,30,3,18,51
Rains,306,"Chief Justice, Supreme Court",,DEM,Ballots Cast,41,8,24,73
Rains,306,"Chief Justice, Supreme Court",,DEM,Under Votes,5,0,7,12
Rains,306,"Chief Justice, Supreme Court",,DEM,Over Votes,0,0,0,0
Rains,306,"Justice, Supreme Court, Place 6",,DEM,Larry Praeger,12,6,8,26
Rains,306,"Justice, Supreme Court, Place 6",,DEM,Kathy Cheng,27,2,13,42
Rains,306,"Justice, Supreme Court, Place 6",,DEM,Ballots Cast,39,8,21,68
Rains,306,"Justice, Supreme Court, Place 6",,DEM,Under Votes,7,0,10,17
Rains,306,"Justice, Supreme Court, Place 6",,DEM,Over Votes,0,0,0,0
Rains,306,"Justice, Supreme Court, Place 7",,DEM,Brandy Voss,15,5,8,28
Rains,306,"Justice, Supreme Court, Place 7",,DEM,Staci Williams,25,3,16,44
Rains,306,"Justice, Supreme Court, Place 7",,DEM,Ballots Cast,40,8,24,72
Rains,306,"Justice, Supreme Court, Place 7",,DEM,Under Votes,6,0,7,13
Rains,306,"Justice, Supreme Court, Place 7",,DEM,Over Votes,0,0,0,0
Rains,306,"Justice, Supreme Court, Place 8",,DEM,Peter Kelly,12,5,12,29
Rains,306,"Justice, Supreme Court, Place 8",,DEM,Gisela D. Triana,28,3,13,44
Rains,306,"Justice, Supreme Court, Place 8",,DEM,Ballots Cast,40,8,25,73
Rains,306,"Justice, Supreme Court, Place 8",,DEM,Under Votes,6,0,6,12
Rains,306,"Justice, Supreme Court, Place 8",,DEM,Over Votes,0,0,0,0
Rains,306,"Judge, Court of Criminal Appeals, Place 3",,DEM,William Pieratt Demond,8,0,3,11
Rains,306,"Judge, Court of Criminal Appeals, Place 3",,DEM,Elizabeth Davis Frizell,23,2,18,43
Rains,306,"Judge, Court of Criminal Appeals, Place 3",,DEM,Dan Wood,10,6,3,19
Rains,306,"Judge, Court of Criminal Appeals, Place 3",,DEM,Ballots Cast,41,8,24,73
Rains,306,"Judge, Court of Criminal Appeals, Place 3",,DEM,Under Votes,5,0,7,12
Rains,306,"Judge, Court of Criminal Appeals, Place 3",,DEM,Over Votes,0,0,0,0
Rains,306,"Judge, Court of Criminal Appeals, Place 4",,DEM,Tina Clinton,29,4,20,53
Rains,306,"Judge, Court of Criminal Appeals, Place 4",,DEM,Steven Miears,13,4,4,21
Rains,306,"Judge, Court of Criminal Appeals, Place 4",,DEM,Ballots Cast,42,8,24,74
Rains,306,"Judge, Court of Criminal Appeals, Place 4",,DEM,Under Votes,4,0,7,11
Rains,306,"Judge, Court of Criminal Appeals, Place 4",,DEM,Over Votes,0,0,0,0
Rains,306,"Judge, Court of Criminal Appeals, Place 9",,DEM,Brandon Birmingham,38,8,23,69
Rains,306,"Judge, Court of Criminal Appeals, Place 9",,DEM,Ballots Cast,38,8,23,69
Rains,306,"Judge, Court of Criminal Appeals, Place 9",,DEM,Under Votes,8,0,8,16
Rains,306,"Judge, Court of Criminal Appeals, Place 9",,DEM,Over Votes,0,0,0,0
Rains,306,"Member, State Board of Education, District 9",,DEM,Brenda Davis,40,8,22,70
Rains,306,"Member, State Board of Education, District 9",,DEM,Ballots Cast,40,8,22,70
Rains,306,"Member, State Board of Education, District 9",,DEM,Under Votes,6,0,9,15
Rains,306,"Member, State Board of Education, District 9",,DEM,Over Votes,0,0,0,0
Rains,306,State Representative,5,DEM,Lawyanda Prince,39,8,25,72
Rains,306,State Representative,5,DEM,Ballots Cast,39,8,25,72
Rains,306,State Representative,5,DEM,Under Votes,7,0,6,13
Rains,306,State Representative,5,DEM,Over Votes,0,0,0,0
Rains,306,County Chairman,,DEM,Elgie Clayton,39,8,27,74
Rains,306,County Chairman,,DEM,Ballots Cast,39,8,27,74
Rains,306,County Chairman,,DEM,Under Votes,7,0,4,11
Rains,306,County Chairman,,DEM,Over Votes,0,0,0,0
Rains,306,Proposition #1,,DEM,Yes,35,8,29,72
Rains,306,Proposition #1,,DEM,No,8,0,0,8
Rains,306,Proposition #1,,DEM,Ballots Cast,43,8,29,80
Rains,306,Proposition #1,,DEM,Under Votes,3,0,2,5
Rains,306,Proposition #1,,DEM,Over Votes,0,0,0,0
Rains,306,Proposition #2,,DEM,Yes,40,8,28,76
Rains,306,Proposition #2,,DEM,No,1,0,0,1
Rains,306,Proposition #2,,DEM,Ballots Cast,41,8,28,77
Rains,306,Proposition #2,,DEM,Under Votes,5,0,3,8
Rains,306,Proposition #2,,DEM,Over Votes,0,0,0,0
Rains,306,Proposition #3,,DEM,Yes,42,8,29,79
Rains,306,Proposition #3,,DEM,No,1,0,0,1
Rains,306,Proposition #3,,DEM,Ballots Cast,43,8,29,80
Rains,306,Proposition #3,,DEM,Under Votes,3,0,2,5
Rains,306,Proposition #3,,DEM,Over Votes,0,0,0,0
Rains,306,Proposition #4,,DEM,Yes,39,7,28,74
Rains,306,Proposition #4,,DEM,No,4,0,0,4
Rains,306,Proposition #4,,DEM,Ballots Cast,43,7,28,78
Rains,306,Proposition #4,,DEM,Under Votes,3,1,3,7
Rains,306,Proposition #4,,DEM,Over Votes,0,0,0,0
Rains,306,Proposition #5,,DEM,Yes,40,8,29,77
Rains,306,Proposition #5,,DEM,No,1,0,0,1
Rains,306,Proposition #5,,DEM,Ballots Cast,41,8,29,78
Rains,306,Proposition #5,,DEM,Under Votes,5,0,2,7
Rains,306,Proposition #5,,DEM,Over Votes,0,0,0,0
Rains,306,Proposition #6,,DEM,Yes,41,8,29,78
Rains,306,Proposition #6,,DEM,No,1,0,0,1
Rains,306,Proposition #6,,DEM,Ballots Cast,42,8,29,79
Rains,306,Proposition #6,,DEM,Under Votes,4,0,2,6
Rains,306,Proposition #6,,DEM,Over Votes,0,0,0,0
Rains,306,Proposition #7,,DEM,Yes,40,8,29,77
Rains,306,Proposition #7,,DEM,No,2,0,0,2
Rains,306,Proposition #7,,DEM,Ballots Cast,42,8,29,79
Rains,306,Proposition #7,,DEM,Under Votes,4,0,2,6
Rains,306,Proposition #7,,DEM,Over Votes,0,0,0,0
Rains,306,Proposition #8,,DEM,Yes,41,8,30,79
Rains,306,Proposition #8,,DEM,No,1,0,0,1
Rains,306,Proposition #8,,DEM,Ballots Cast,42,8,30,80
Rains,306,Proposition #8,,DEM,Under Votes,4,0,1,5
Rains,306,Proposition #8,,DEM,Over Votes,0,0,0,0
Rains,306,Proposition #9,,DEM,Yes,39,8,29,76
Rains,306,Proposition #9,,DEM,No,3,0,0,3
Rains,306,Proposition #9,,DEM,Ballots Cast,42,8,29,79
Rains,306,Proposition #9,,DEM,Under Votes,4,0,2,6
Rains,306,Proposition #9,,DEM,Over Votes,0,0,0,0
Rains,306,Proposition #10,,DEM,Yes,41,7,29,77
Rains,306,Proposition #10,,DEM,No,2,0,1,3
Rains,306,Proposition #10,,DEM,Ballots Cast,43,7,30,80
Rains,306,Proposition #10,,DEM,Under Votes,3,1,1,5
Rains,306,Proposition #10,,DEM,Over Votes,0,0,0,0
Rains,306,Proposition #11,,DEM,Yes,40,7,25,72
Rains,306,Proposition #11,,DEM,No,2,0,4,6
Rains,306,Proposition #11,,DEM,Ballots Cast,42,7,29,78
Rains,306,Proposition #11,,DEM,Under Votes,4,1,2,7
Rains,306,Proposition #11,,DEM,Over Votes,0,0,0,0
Rains,407,President,,DEM,Cory Booker,1,0,0,1
Rains,407,President,,DEM,Robby Wells,0,0,0,0
Rains,407,President,,DEM,Elizabeth Warren,2,0,1,3
Rains,407,President,,DEM,Julián Castro,0,0,0,0
Rains,407,President,,DEM,Tom Steyer,0,0,0,0
Rains,407,President,,DEM,Tulsi Gabbard,0,0,0,0
Rains,407,President,,DEM,Marianne Williamson,0,0,0,0
Rains,407,President,,DEM,Michael Bennet,0,0,0,0
Rains,407,President,,DEM,John K. Delaney,0,0,0,0
Rains,407,President,,DEM,Deval Patrick,0,0,0,0
Rains,407,President,,DEM,"Roque ""Rocky"" De La Fuente",0,0,0,0
Rains,407,President,,DEM,Joseph R. Biden,15,0,4,19
Rains,407,President,,DEM,Michael R. Bloomberg,5,1,1,7
Rains,407,President,,DEM,Andrew Yang,0,0,0,0
Rains,407,President,,DEM,Amy Klobuchar,0,0,1,1
Rains,407,President,,DEM,Bernie Sanders,8,3,2,13
Rains,407,President,,DEM,Pete Buttigieg,0,0,0,0
Rains,407,President,,DEM,Ballots Cast,31,4,9,44
Rains,407,President,,DEM,Under Votes,0,0,0,0
Rains,407,President,,DEM,Over Votes,0,0,0,0
Rains,407,U.S. Senate,,DEM,"Annie ""Mamá"" Garcia",4,1,1,6
Rains,407,U.S. Senate,,DEM,Adrian Ocegueda,0,0,0,0
Rains,407,U.S. Senate,,DEM,Cristina Tzintzun Ramirez,2,0,1,3
Rains,407,U.S. Senate,,DEM,Victor Hugo Harris,0,0,0,0
Rains,407,U.S. Senate,,DEM,"Mary ""MJ"" Hegar",11,1,5,17
Rains,407,U.S. Senate,,DEM,Sema Hernandez,0,0,1,1
Rains,407,U.S. Senate,,DEM,Chris Bell,3,1,0,4
Rains,407,U.S. Senate,,DEM,Amanda K. Edwards,1,0,1,2
Rains,407,U.S. Senate,,DEM,D.R. Hunter,0,0,0,0
Rains,407,U.S. Senate,,DEM,Royce West,0,0,0,0
Rains,407,U.S. Senate,,DEM,Jack Daniel Foster Jr,1,0,0,1
Rains,407,U.S. Senate,,DEM,Michael Cooper,0,0,0,0
Rains,407,U.S. Senate,,DEM,Ballots Cast,22,3,9,34
Rains,407,U.S. Senate,,DEM,Under Votes,9,1,0,10
Rains,407,U.S. Senate,,DEM,Over Votes,0,0,0,0
Rains,407,U.S. House,4,DEM,Russell Foster,17,3,8,28
Rains,407,U.S. House,4,DEM,Ballots Cast,17,3,8,28
Rains,407,U.S. House,4,DEM,Under Votes,14,1,1,16
Rains,407,U.S. House,4,DEM,Over Votes,0,0,0,0
Rains,407,Railroad Commissioner,,DEM,Mark Watson,4,2,0,6
Rains,407,Railroad Commissioner,,DEM,Kelly Stone,7,1,3,11
Rains,407,Railroad Commissioner,,DEM,"Roberto R. ""Beto"" Alonzo",9,0,1,10
Rains,407,Railroad Commissioner,,DEM,Chrysta Castañeda,2,0,5,7
Rains,407,Railroad Commissioner,,DEM,Ballots Cast,22,3,9,34
Rains,407,Railroad Commissioner,,DEM,Under Votes,9,1,0,10
Rains,407,Railroad Commissioner,,DEM,Over Votes,0,0,0,0
Rains,407,"Chief Justice, Supreme Court",,DEM,Jerry Zimmerer,6,2,0,8
Rains,407,"Chief Justice, Supreme Court",,DEM,Amy Clark Meachum,15,1,9,25
Rains,407,"Chief Justice, Supreme Court",,DEM,Ballots Cast,21,3,9,33
Rains,407,"Chief Justice, Supreme Court",,DEM,Under Votes,10,1,0,11
Rains,407,"Chief Justice, Supreme Court",,DEM,Over Votes,0,0,0,0
Rains,407,"Justice, Supreme Court, Place 6",,DEM,Larry Praeger,6,0,3,9
Rains,407,"Justice, Supreme Court, Place 6",,DEM,Kathy Cheng,16,3,5,24
Rains,407,"Justice, Supreme Court, Place 6",,DEM,Ballots Cast,22,3,8,33
Rains,407,"Justice, Supreme Court, Place 6",,DEM,Under Votes,9,1,1,11
Rains,407,"Justice, Supreme Court, Place 6",,DEM,Over Votes,0,0,0,0
Rains,407,"Justice, Supreme Court, Place 7",,DEM,Brandy Voss,6,2,4,12
Rains,407,"Justice, Supreme Court, Place 7",,DEM,Staci Williams,16,1,4,21
Rains,407,"Justice, Supreme Court, Place 7",,DEM,Ballots Cast,22,3,8,33
Rains,407,"Justice, Supreme Court, Place 7",,DEM,Under Votes,9,1,1,11
Rains,407,"Justice, Supreme Court, Place 7",,DEM,Over Votes,0,0,0,0
Rains,407,"Justice, Supreme Court, Place 8",,DEM,Peter Kelly,8,2,4,14
Rains,407,"Justice, Supreme Court, Place 8",,DEM,Gisela D. Triana,13,1,4,18
Rains,407,"Justice, Supreme Court, Place 8",,DEM,Ballots Cast,21,3,8,32
Rains,407,"Justice, Supreme Court, Place 8",,DEM,Under Votes,10,1,1,12
Rains,407,"Justice, Supreme Court, Place 8",,DEM,Over Votes,0,0,0,0
Rains,407,"Judge, Court of Criminal Appeals, Place 3",,DEM,William Pieratt Demond,2,0,0,2
Rains,407,"Judge, Court of Criminal Appeals, Place 3",,DEM,Elizabeth Davis Frizell,11,1,7,19
Rains,407,"Judge, Court of Criminal Appeals, Place 3",,DEM,Dan Wood,6,2,1,9
Rains,407,"Judge, Court of Criminal Appeals, Place 3",,DEM,Ballots Cast,19,3,8,30
Rains,407,"Judge, Court of Criminal Appeals, Place 3",,DEM,Under Votes,12,1,1,14
Rains,407,"Judge, Court of Criminal Appeals, Place 3",,DEM,Over Votes,0,0,0,0
Rains,407,"Judge, Court of Criminal Appeals, Place 4",,DEM,Tina Clinton,13,2,8,23
Rains,407,"Judge, Court of Criminal Appeals, Place 4",,DEM,Steven Miears,6,1,0,7
Rains,407,"Judge, Court of Criminal Appeals, Place 4",,DEM,Ballots Cast,19,3,8,30
Rains,407,"Judge, Court of Criminal Appeals, Place 4",,DEM,Under Votes,12,1,1,14
Rains,407,"Judge, Court of Criminal Appeals, Place 4",,DEM,Over Votes,0,0,0,0
Rains,407,"Judge, Court of Criminal Appeals, Place 9",,DEM,Brandon Birmingham,18,3,8,29
Rains,407,"Judge, Court of Criminal Appeals, Place 9",,DEM,Ballots Cast,18,3,8,29
Rains,407,"Judge, Court of Criminal Appeals, Place 9",,DEM,Under Votes,13,1,1,15
Rains,407,"Judge, Court of Criminal Appeals, Place 9",,DEM,Over Votes,0,0,0,0
Rains,407,"Member, State Board of Education, District 9",,DEM,Brenda Davis,20,3,8,31
Rains,407,"Member, State Board of Education, District 9",,DEM,Ballots Cast,20,3,8,31
Rains,407,"Member, State Board of Education, District 9",,DEM,Under Votes,11,1,1,13
Rains,407,"Member, State Board of Education, District 9",,DEM,Over Votes,0,0,0,0
Rains,407,State Representative,5,DEM,Lawyanda Prince,20,3,8,31
Rains,407,State Representative,5,DEM,Ballots Cast,20,3,8,31
Rains,407,State Representative,5,DEM,Under Votes,11,1,1,13
Rains,407,State Representative,5,DEM,Over Votes,0,0,0,0
Rains,407,County Chairman,,DEM,Elgie Clayton,19,3,5,27
Rains,407,County Chairman,,DEM,Ballots Cast,19,3,5,27
Rains,407,County Chairman,,DEM,Under Votes,12,1,4,17
Rains,407,County Chairman,,DEM,Over Votes,0,0,0,0
Rains,407,Proposition #1,,DEM,Yes,27,4,9,40
Rains,407,Proposition #1,,DEM,No,3,0,0,3
Rains,407,Proposition #1,,DEM,Ballots Cast,30,4,9,43
Rains,407,Proposition #1,,DEM,Under Votes,1,0,0,1
Rains,407,Proposition #1,,DEM,Over Votes,0,0,0,0
Rains,407,Proposition #2,,DEM,Yes,24,4,8,36
Rains,407,Proposition #2,,DEM,No,4,0,1,5
Rains,407,Proposition #2,,DEM,Ballots Cast,28,4,9,41
Rains,407,Proposition #2,,DEM,Under Votes,3,0,0,3
Rains,407,Proposition #2,,DEM,Over Votes,0,0,0,0
Rains,407,Proposition #3,,DEM,Yes,28,4,9,41
Rains,407,Proposition #3,,DEM,No,1,0,0,1
Rains,407,Proposition #3,,DEM,Ballots Cast,29,4,9,42
Rains,407,Proposition #3,,DEM,Under Votes,2,0,0,2
Rains,407,Proposition #3,,DEM,Over Votes,0,0,0,0
Rains,407,Proposition #4,,DEM,Yes,26,4,9,39
Rains,407,Proposition #4,,DEM,No,3,0,0,3
Rains,407,Proposition #4,,DEM,Ballots Cast,29,4,9,42
Rains,407,Proposition #4,,DEM,Under Votes,2,0,0,2
Rains,407,Proposition #4,,DEM,Over Votes,0,0,0,0
Rains,407,Proposition #5,,DEM,Yes,27,4,9,40
Rains,407,Proposition #5,,DEM,No,3,0,0,3
Rains,407,Proposition #5,,DEM,Ballots Cast,30,4,9,43
Rains,407,Proposition #5,,DEM,Under Votes,1,0,0,1
Rains,407,Proposition #5,,DEM,Over Votes,0,0,0,0
Rains,407,Proposition #6,,DEM,Yes,29,3,9,41
Rains,407,Proposition #6,,DEM,No,1,1,0,2
Rains,407,Proposition #6,,DEM,Ballots Cast,30,4,9,43
Rains,407,Proposition #6,,DEM,Under Votes,1,0,0,1
Rains,407,Proposition #6,,DEM,Over Votes,0,0,0,0
Rains,407,Proposition #7,,DEM,Yes,23,4,9,36
Rains,407,Proposition #7,,DEM,No,3,0,0,3
Rains,407,Proposition #7,,DEM,Ballots Cast,26,4,9,39
Rains,407,Proposition #7,,DEM,Under Votes,5,0,0,5
Rains,407,Proposition #7,,DEM,Over Votes,0,0,0,0
Rains,407,Proposition #8,,DEM,Yes,26,3,8,37
Rains,407,Proposition #8,,DEM,No,2,1,1,4
Rains,407,Proposition #8,,DEM,Ballots Cast,28,4,9,41
Rains,407,Proposition #8,,DEM,Under Votes,3,0,0,3
Rains,407,Proposition #8,,DEM,Over Votes,0,0,0,0
Rains,407,Proposition #9,,DEM,Yes,25,4,9,38
Rains,407,Proposition #9,,DEM,No,3,0,0,3
Rains,407,Proposition #9,,DEM,Ballots Cast,28,4,9,41
Rains,407,Proposition #9,,DEM,Under Votes,3,0,0,3
Rains,407,Proposition #9,,DEM,Over Votes,0,0,0,0
Rains,407,Proposition #10,,DEM,Yes,21,2,9,32
Rains,407,Proposition #10,,DEM,No,6,2,0,8
Rains,407,Proposition #10,,DEM,Ballots Cast,27,4,9,40
Rains,407,Proposition #10,,DEM,Under Votes,4,0,0,4
Rains,407,Proposition #10,,DEM,Over Votes,0,0,0,0
Rains,407,Proposition #11,,DEM,Yes,26,3,9,38
Rains,407,Proposition #11,,DEM,No,2,1,0,3
Rains,407,Proposition #11,,DEM,Ballots Cast,28,4,9,41
Rains,407,Proposition #11,,DEM,Under Votes,3,0,0,3
Rains,407,Proposition #11,,DEM,Over Votes,0,0,0,0
Rains,408,President,,DEM,Cory Booker,0,0,0,0
Rains,408,President,,DEM,Robby Wells,0,0,0,0
Rains,408,President,,DEM,Elizabeth Warren,1,1,0,2
Rains,408,President,,DEM,Julián Castro,0,0,0,0
Rains,408,President,,DEM,Tom Steyer,1,0,0,1
Rains,408,President,,DEM,Tulsi Gabbard,0,0,0,0
Rains,408,President,,DEM,Marianne Williamson,0,0,0,0
Rains,408,President,,DEM,Michael Bennet,0,0,0,0
Rains,408,President,,DEM,John K. Delaney,0,0,0,0
Rains,408,President,,DEM,Deval Patrick,0,0,0,0
Rains,408,President,,DEM,"Roque ""Rocky"" De La Fuente",0,0,0,0
Rains,408,President,,DEM,Joseph R. Biden,9,4,6,19
Rains,408,President,,DEM,Michael R. Bloomberg,5,2,4,11
Rains,408,President,,DEM,Andrew Yang,0,0,0,0
Rains,408,President,,DEM,Amy Klobuchar,0,0,1,1
Rains,408,President,,DEM,Bernie Sanders,5,0,6,11
Rains,408,President,,DEM,Pete Buttigieg,0,0,0,0
Rains,408,President,,DEM,Ballots Cast,21,7,17,45
Rains,408,President,,DEM,Under Votes,0,0,1,1
Rains,408,President,,DEM,Over Votes,0,0,0,0
Rains,408,U.S. Senate,,DEM,"Annie ""Mamá"" Garcia",1,2,2,5
Rains,408,U.S. Senate,,DEM,Adrian Ocegueda,0,0,0,0
Rains,408,U.S. Senate,,DEM,Cristina Tzintzun Ramirez,0,0,0,0
Rains,408,U.S. Senate,,DEM,Victor Hugo Harris,0,0,0,0
Rains,408,U.S. Senate,,DEM,"Mary ""MJ"" Hegar",9,3,6,18
Rains,408,U.S. Senate,,DEM,Sema Hernandez,0,0,0,0
Rains,408,U.S. Senate,,DEM,Chris Bell,1,1,1,3
Rains,408,U.S. Senate,,DEM,Amanda K. Edwards,3,0,0,3
Rains,408,U.S. Senate,,DEM,D.R. Hunter,0,0,0,0
Rains,408,U.S. Senate,,DEM,Royce West,3,1,1,5
Rains,408,U.S. Senate,,DEM,Jack Daniel Foster Jr,0,0,2,2
Rains,408,U.S. Senate,,DEM,Michael Cooper,2,0,1,3
Rains,408,U.S. Senate,,DEM,Ballots Cast,19,7,13,39
Rains,408,U.S. Senate,,DEM,Under Votes,2,0,5,7
Rains,408,U.S. Senate,,DEM,Over Votes,0,0,0,0
Rains,408,U.S. House,4,DEM,Russell Foster,17,5,11,33
Rains,408,U.S. House,4,DEM,Ballots Cast,17,5,11,33
Rains,408,U.S. House,4,DEM,Under Votes,4,2,7,13
Rains,408,U.S. House,4,DEM,Over Votes,0,0,0,0
Rains,408,Railroad Commissioner,,DEM,Mark Watson,3,1,3,7
Rains,408,Railroad Commissioner,,DEM,Kelly Stone,7,5,3,15
Rains,408,Railroad Commissioner,,DEM,"Roberto R. ""Beto"" Alonzo",7,0,3,10
Rains,408,Railroad Commissioner,,DEM,Chrysta Castañeda,2,1,3,6
Rains,408,Railroad Commissioner,,DEM,Ballots Cast,19,7,12,38
Rains,408,Railroad Commissioner,,DEM,Under Votes,2,0,6,8
Rains,408,Railroad Commissioner,,DEM,Over Votes,0,0,0,0
Rains,408,"Chief Justice, Supreme Court",,DEM,Jerry Zimmerer,2,0,3,5
Rains,408,"Chief Justice, Supreme Court",,DEM,Amy Clark Meachum,17,6,9,32
Rains,408,"Chief Justice, Supreme Court",,DEM,Ballots Cast,19,6,12,37
Rains,408,"Chief Justice, Supreme Court",,DEM,Under Votes,2,1,6,9
Rains,408,"Chief Justice, Supreme Court",,DEM,Over Votes,0,0,0,0
Rains,408,"Justice, Supreme Court, Place 6",,DEM,Larry Praeger,8,3,3,14
Rains,408,"Justice, Supreme Court, Place 6",,DEM,Kathy Cheng,11,3,9,23
Rains,408,"Justice, Supreme Court, Place 6",,DEM,Ballots Cast,19,6,12,37
Rains,408,"Justice, Supreme Court, Place 6",,DEM,Under Votes,2,1,6,9
Rains,408,"Justice, Supreme Court, Place 6",,DEM,Over Votes,0,0,0,0
Rains,408,"Justice, Supreme Court, Place 7",,DEM,Brandy Voss,7,1,3,11
Rains,408,"Justice, Supreme Court, Place 7",,DEM,Staci Williams,12,5,10,27
Rains,408,"Justice, Supreme Court, Place 7",,DEM,Ballots Cast,19,6,13,38
Rains,408,"Justice, Supreme Court, Place 7",,DEM,Under Votes,2,1,5,8
Rains,408,"Justice, Supreme Court, Place 7",,DEM,Over Votes,0,0,0,0
Rains,408,"Justice, Supreme Court, Place 8",,DEM,Peter Kelly,9,2,7,18
Rains,408,"Justice, Supreme Court, Place 8",,DEM,Gisela D. Triana,9,4,5,18
Rains,408,"Justice, Supreme Court, Place 8",,DEM,Ballots Cast,18,6,12,36
Rains,408,"Justice, Supreme Court, Place 8",,DEM,Under Votes,3,1,6,10
Rains,408,"Justice, Supreme Court, Place 8",,DEM,Over Votes,0,0,0,0
Rains,408,"Judge, Court of Criminal Appeals, Place 3",,DEM,William Pieratt Demond,0,1,0,1
Rains,408,"Judge, Court of Criminal Appeals, Place 3",,DEM,Elizabeth Davis Frizell,15,4,7,26
Rains,408,"Judge, Court of Criminal Appeals, Place 3",,DEM,Dan Wood,4,1,5,10
Rains,408,"Judge, Court of Criminal Appeals, Place 3",,DEM,Ballots Cast,19,6,12,37
Rains,408,"Judge, Court of Criminal Appeals, Place 3",,DEM,Under Votes,2,1,6,9
Rains,408,"Judge, Court of Criminal Appeals, Place 3",,DEM,Over Votes,0,0,0,0
Rains,408,"Judge, Court of Criminal Appeals, Place 4",,DEM,Tina Clinton,14,6,10,30
Rains,408,"Judge, Court of Criminal Appeals, Place 4",,DEM,Steven Miears,3,1,2,6
Rains,408,"Judge, Court of Criminal Appeals, Place 4",,DEM,Ballots Cast,17,7,12,36
Rains,408,"Judge, Court of Criminal Appeals, Place 4",,DEM,Under Votes,4,0,6,10
Rains,408,"Judge, Court of Criminal Appeals, Place 4",,DEM,Over Votes,0,0,0,0
Rains,408,"Judge, Court of Criminal Appeals, Place 9",,DEM,Brandon Birmingham,16,6,10,32
Rains,408,"Judge, Court of Criminal Appeals, Place 9",,DEM,Ballots Cast,16,6,10,32
Rains,408,"Judge, Court of Criminal Appeals, Place 9",,DEM,Under Votes,5,1,8,14
Rains,408,"Judge, Court of Criminal Appeals, Place 9",,DEM,Over Votes,0,0,0,0
Rains,408,"Member, State Board of Education, District 9",,DEM,Brenda Davis,18,6,12,36
Rains,408,"Member, State Board of Education, District 9",,DEM,Ballots Cast,18,6,12,36
Rains,408,"Member, State Board of Education, District 9",,DEM,Under Votes,3,1,6,10
Rains,408,"Member, State Board of Education, District 9",,DEM,Over Votes,0,0,0,0
Rains,408,State Representative,5,DEM,Lawyanda Prince,17,6,9,32
Rains,408,State Representative,5,DEM,Ballots Cast,17,6,9,32
Rains,408,State Representative,5,DEM,Under Votes,4,1,9,14
Rains,408,State Representative,5,DEM,Over Votes,0,0,0,0
Rains,408,County Chairman,,DEM,Elgie Clayton,19,6,8,33
Rains,408,County Chairman,,DEM,Ballots Cast,19,6,8,33
Rains,408,County Chairman,,DEM,Under Votes,2,1,10,13
Rains,408,County Chairman,,DEM,Over Votes,0,0,0,0
Rains,408,Proposition #1,,DEM,Yes,20,6,12,38
Rains,408,Proposition #1,,DEM,No,1,0,5,6
Rains,408,Proposition #1,,DEM,Ballots Cast,21,6,17,44
Rains,408,Proposition #1,,DEM,Under Votes,0,1,1,2
Rains,408,Proposition #1,,DEM,Over Votes,0,0,0,0
Rains,408,Proposition #2,,DEM,Yes,18,5,15,38
Rains,408,Proposition #2,,DEM,No,3,0,2,5
Rains,408,Proposition #2,,DEM,Ballots Cast,21,5,17,43
Rains,408,Proposition #2,,DEM,Under Votes,0,2,1,3
Rains,408,Proposition #2,,DEM,Over Votes,0,0,0,0
Rains,408,Proposition #3,,DEM,Yes,20,6,16,42
Rains,408,Proposition #3,,DEM,No,1,0,0,1
Rains,408,Proposition #3,,DEM,Ballots Cast,21,6,16,43
Rains,408,Proposition #3,,DEM,Under Votes,0,1,2,3
Rains,408,Proposition #3,,DEM,Over Votes,0,0,0,0
Rains,408,Proposition #4,,DEM,Yes,19,6,16,41
Rains,408,Proposition #4,,DEM,No,2,0,1,3
Rains,408,Proposition #4,,DEM,Ballots Cast,21,6,17,44
Rains,408,Proposition #4,,DEM,Under Votes,0,1,1,2
Rains,408,Proposition #4,,DEM,Over Votes,0,0,0,0
Rains,408,Proposition #5,,DEM,Yes,21,6,15,42
Rains,408,Proposition #5,,DEM,No,0,0,1,1
Rains,408,Proposition #5,,DEM,Ballots Cast,21,6,16,43
Rains,408,Proposition #5,,DEM,Under Votes,0,1,2,3
Rains,408,Proposition #5,,DEM,Over Votes,0,0,0,0
Rains,408,Proposition #6,,DEM,Yes,21,6,16,43
Rains,408,Proposition #6,,DEM,No,0,0,0,0
Rains,408,Proposition #6,,DEM,Ballots Cast,21,6,16,43
Rains,408,Proposition #6,,DEM,Under Votes,0,1,2,3
Rains,408,Proposition #6,,DEM,Over Votes,0,0,0,0
Rains,408,Proposition #7,,DEM,Yes,21,6,15,42
Rains,408,Proposition #7,,DEM,No,0,0,2,2
Rains,408,Proposition #7,,DEM,Ballots Cast,21,6,17,44
Rains,408,Proposition #7,,DEM,Under Votes,0,1,1,2
Rains,408,Proposition #7,,DEM,Over Votes,0,0,0,0
Rains,408,Proposition #8,,DEM,Yes,20,7,14,41
Rains,408,Proposition #8,,DEM,No,1,0,2,3
Rains,408,Proposition #8,,DEM,Ballots Cast,21,7,16,44
Rains,408,Proposition #8,,DEM,Under Votes,0,0,2,2
Rains,408,Proposition #8,,DEM,Over Votes,0,0,0,0
Rains,408,Proposition #9,,DEM,Yes,18,7,16,41
Rains,408,Proposition #9,,DEM,No,3,0,1,4
Rains,408,Proposition #9,,DEM,Ballots Cast,21,7,17,45
Rains,408,Proposition #9,,DEM,Under Votes,0,0,1,1
Rains,408,Proposition #9,,DEM,Over Votes,0,0,0,0
Rains,408,Proposition #10,,DEM,Yes,19,7,15,41
Rains,408,Proposition #10,,DEM,No,2,0,2,4
Rains,408,Proposition #10,,DEM,Ballots Cast,21,7,17,45
Rains,408,Proposition #10,,DEM,Under Votes,0,0,1,1
Rains,408,Proposition #10,,DEM,Over Votes,0,0,0,0
Rains,408,Proposition #11,,DEM,Yes,17,6,14,37
Rains,408,Proposition #11,,DEM,No,3,1,3,7
Rains,408,Proposition #11,,DEM,Ballots Cast,20,7,17,44
Rains,408,Proposition #11,,DEM,Under Votes,1,0,1,2
Rains,408,Proposition #11,,DEM,Over Votes,0,0,0,0