county,precinct,office,district,candidate,party,early_voting,absentee,election_day,votes
Nueces,1,Ballots Cast,,,,57,34,50,141
Nueces,2,Ballots Cast,,,,133,47,102,282
Nueces,3,Ballots Cast,,,,186,59,194,439
Nueces,4,Ballots Cast,,,,84,54,71,209
Nueces,5,Ballots Cast,,,,120,38,115,273
Nueces,6,Ballots Cast,,,,136,31,108,275
Nueces,7,Ballots Cast,,,,10,3,17,30
Nueces,8,Ballots Cast,,,,142,52,165,359
Nueces,9,Ballots Cast,,,,110,28,75,213
Nueces,10,Ballots Cast,,,,30,15,56,101
Nueces,11,Ballots Cast,,,,2,3,42,47
Nueces,12,Ballots Cast,,,,18,14,12,44
Nueces,13,Ballots Cast,,,,14,26,17,57
Nueces,14,Ballots Cast,,,,14,5,13,32
Nueces,15,Ballots Cast,,,,17,11,30,58
Nueces,16,Ballots Cast,,,,10,2,18,30
Nueces,17,Ballots Cast,,,,106,56,73,235
Nueces,18,Ballots Cast,,,,106,27,93,226
Nueces,19,Ballots Cast,,,,152,29,170,351
Nueces,20,Ballots Cast,,,,89,33,79,201
Nueces,21,Ballots Cast,,,,14,2,27,43
Nueces,22,Ballots Cast,,,,7,6,7,20
Nueces,23,Ballots Cast,,,,110,36,105,251
Nueces,24,Ballots Cast,,,,10,10,11,31
Nueces,25,Ballots Cast,,,,11,2,20,33
Nueces,26,Ballots Cast,,,,234,62,241,537
Nueces,27,Ballots Cast,,,,7,9,16,32
Nueces,28,Ballots Cast,,,,9,1,28,38
Nueces,29,Ballots Cast,,,,124,39,152,315
Nueces,30,Ballots Cast,,,,3,2,2,7
Nueces,31,Ballots Cast,,,,10,6,8,24
Nueces,32,Ballots Cast,,,,64,17,77,158
Nueces,33,Ballots Cast,,,,11,12,10,33
Nueces,34,Ballots Cast,,,,3,10,4,17
Nueces,35,Ballots Cast,,,,20,17,6,43
Nueces,36,Ballots Cast,,,,19,19,15,53
Nueces,37,Ballots Cast,,,,26,19,30,75
Nueces,38,Ballots Cast,,,,3,4,4,11
Nueces,39,Ballots Cast,,,,29,10,22,61
Nueces,40,Ballots Cast,,,,312,52,195,559
Nueces,41,Ballots Cast,,,,2,4,5,11
Nueces,42,Ballots Cast,,,,30,6,42,78
Nueces,43,Ballots Cast,,,,8,8,20,36
Nueces,44,Ballots Cast,,,,6,7,18,31
Nueces,45,Ballots Cast,,,,3,8,5,16
Nueces,46,Ballots Cast,,,,4,3,0,7
Nueces,47,Ballots Cast,,,,7,0,3,10
Nueces,48,Ballots Cast,,,,58,42,60,160
Nueces,49,Ballots Cast,,,,65,18,43,126
Nueces,50,Ballots Cast,,,,22,6,39,67
Nueces,51,Ballots Cast,,,,37,33,43,113
Nueces,52,Ballots Cast,,,,20,17,11,48
Nueces,53,Ballots Cast,,,,24,14,8,46
Nueces,54,Ballots Cast,,,,42,22,35,99
Nueces,55,Ballots Cast,,,,26,19,26,71
Nueces,56,Ballots Cast,,,,9,14,16,39
Nueces,57,Ballots Cast,,,,20,11,38,69
Nueces,58,Ballots Cast,,,,91,14,92,197
Nueces,59,Ballots Cast,,,,72,30,111,213
Nueces,60,Ballots Cast,,,,16,19,20,55
Nueces,61,Ballots Cast,,,,8,5,5,18
Nueces,62,Ballots Cast,,,,17,7,11,35
Nueces,63,Ballots Cast,,,,206,45,236,487
Nueces,64,Ballots Cast,,,,90,16,123,229
Nueces,65,Ballots Cast,,,,264,48,247,559
Nueces,66,Ballots Cast,,,,61,26,64,151
Nueces,67,Ballots Cast,,,,109,65,146,320
Nueces,68,Ballots Cast,,,,18,23,29,70
Nueces,69,Ballots Cast,,,,46,39,68,153
Nueces,70,Ballots Cast,,,,77,44,63,184
Nueces,71,Ballots Cast,,,,24,41,39,104
Nueces,72,Ballots Cast,,,,32,25,34,91
Nueces,73,Ballots Cast,,,,12,37,30,79
Nueces,74,Ballots Cast,,,,30,19,27,76
Nueces,75,Ballots Cast,,,,35,17,32,84
Nueces,76,Ballots Cast,,,,9,11,9,29
Nueces,77,Ballots Cast,,,,1,3,6,10
Nueces,78,Ballots Cast,,,,31,19,21,71
Nueces,79,Ballots Cast,,,,25,11,23,59
Nueces,80,Ballots Cast,,,,24,14,35,73
Nueces,81,Ballots Cast,,,,327,46,187,560
Nueces,82,Ballots Cast,,,,13,6,5,24
Nueces,83,Ballots Cast,,,,24,18,17,59
Nueces,84,Ballots Cast,,,,42,12,29,83
Nueces,85,Ballots Cast,,,,6,9,9,24
Nueces,86,Ballots Cast,,,,49,6,75,130
Nueces,87,Ballots Cast,,,,58,19,40,117
Nueces,88,Ballots Cast,,,,69,59,97,225
Nueces,89,Ballots Cast,,,,16,8,14,38
Nueces,90,Ballots Cast,,,,25,15,25,65
Nueces,91,Ballots Cast,,,,143,57,105,305
Nueces,92,Ballots Cast,,,,136,47,117,300
Nueces,93,Ballots Cast,,,,63,26,37,126
Nueces,94,Ballots Cast,,,,72,34,70,176
Nueces,95,Ballots Cast,,,,16,11,15,42
Nueces,96,Ballots Cast,,,,16,19,21,56
Nueces,97,Ballots Cast,,,,21,23,25,69
Nueces,98,Ballots Cast,,,,22,41,32,95
Nueces,99,Ballots Cast,,,,8,6,17,31
Nueces,100,Ballots Cast,,,,33,24,18,75
Nueces,101,Ballots Cast,,,,131,46,68,245
Nueces,102,Ballots Cast,,,,59,26,62,147
Nueces,103,Ballots Cast,,,,99,14,95,208
Nueces,104,Ballots Cast,,,,3,17,9,29
Nueces,105,Ballots Cast,,,,15,19,16,50
Nueces,106,Ballots Cast,,,,146,60,83,289
Nueces,107,Ballots Cast,,,,204,33,181,418
Nueces,108,Ballots Cast,,,,15,2,12,29
Nueces,109,Ballots Cast,,,,27,13,23,63
Nueces,110,Ballots Cast,,,,59,13,26,98
Nueces,111,Ballots Cast,,,,41,4,22,67
Nueces,112,Ballots Cast,,,,148,70,116,334
Nueces,113,Ballots Cast,,,,12,8,5,25
Nueces,114,Ballots Cast,,,,8,5,7,20
Nueces,115,Ballots Cast,,,,76,20,98,194
Nueces,116,Ballots Cast,,,,156,73,138,367
Nueces,117,Ballots Cast,,,,168,48,105,321
Nueces,118,Ballots Cast,,,,83,44,79,206
Nueces,119,Ballots Cast,,,,187,72,117,376
Nueces,120,Ballots Cast,,,,97,45,72,214
Nueces,121,Ballots Cast,,,,62,33,57,152
Nueces,122,Ballots Cast,,,,187,21,137,345
Nueces,123,Ballots Cast,,,,95,19,62,176
Nueces,124,Ballots Cast,,,,98,36,135,269
Nueces,125,Ballots Cast,,,,152,63,187,402
Nueces,126,Ballots Cast,,,,66,25,115,206
Nueces,127,Ballots Cast,,,,68,10,80,158
Nueces,Total,Ballots Cast,,,,7864,3037,7425,18326
Nueces,1,U.S. House,27,Christopher Suprun,IND,0,0,0,0
Nueces,2,U.S. House,27,Christopher Suprun,IND,0,0,1,1
Nueces,3,U.S. House,27,Christopher Suprun,IND,0,0,0,0
Nueces,4,U.S. House,27,Christopher Suprun,IND,0,0,0,0
Nueces,5,U.S. House,27,Christopher Suprun,IND,1,0,0,1
Nueces,6,U.S. House,27,Christopher Suprun,IND,0,0,0,0
Nueces,7,U.S. House,27,Christopher Suprun,IND,0,0,0,0
Nueces,8,U.S. House,27,Christopher Suprun,IND,1,0,0,1
Nueces,9,U.S. House,27,Christopher Suprun,IND,0,0,0,0
Nueces,10,U.S. House,27,Christopher Suprun,IND,0,0,0,0
Nueces,11,U.S. House,27,Christopher Suprun,IND,0,0,0,0
Nueces,12,U.S. House,27,Christopher Suprun,IND,0,0,0,0
Nueces,13,U.S. House,27,Christopher Suprun,IND,0,0,0,0
Nueces,14,U.S. House,27,Christopher Suprun,IND,0,0,0,0
Nueces,15,U.S. House,27,Christopher Suprun,IND,1,0,0,1
Nueces,16,U.S. House,27,Christopher Suprun,IND,0,0,0,0
Nueces,17,U.S. House,27,Christopher Suprun,IND,0,0,0,0
Nueces,18,U.S. House,27,Christopher Suprun,IND,0,0,0,0
Nueces,19,U.S. House,27,Christopher Suprun,IND,1,0,0,1
Nueces,20,U.S. House,27,Christopher Suprun,IND,0,0,0,0
Nueces,21,U.S. House,27,Christopher Suprun,IND,0,0,0,0
Nueces,22,U.S. House,27,Christopher Suprun,IND,0,0,0,0
Nueces,23,U.S. House,27,Christopher Suprun,IND,0,0,0,0
Nueces,24,U.S. House,27,Christopher Suprun,IND,0,0,0,0
Nueces,25,U.S. House,27,Christopher Suprun,IND,0,0,0,0
Nueces,26,U.S. House,27,Christopher Suprun,IND,1,0,1,2
Nueces,27,U.S. House,27,Christopher Suprun,IND,0,0,0,0
Nueces,28,U.S. House,27,Christopher Suprun,IND,0,0,0,0
Nueces,29,U.S. House,27,Christopher Suprun,IND,0,0,1,1
Nueces,30,U.S. House,27,Christopher Suprun,IND,0,0,0,0
Nueces,31,U.S. House,27,Christopher Suprun,IND,0,0,0,0
Nueces,32,U.S. House,27,Christopher Suprun,IND,0,0,0,0
Nueces,33,U.S. House,27,Christopher Suprun,IND,0,0,0,0
Nueces,34,U.S. House,27,Christopher Suprun,IND,0,0,0,0
Nueces,35,U.S. House,27,Christopher Suprun,IND,0,0,0,0
Nueces,36,U.S. House,27,Christopher Suprun,IND,0,0,0,0
Nueces,37,U.S. House,27,Christopher Suprun,IND,0,0,0,0
Nueces,38,U.S. House,27,Christopher Suprun,IND,0,0,0,0
Nueces,39,U.S. House,27,Christopher Suprun,IND,0,0,0,0
Nueces,40,U.S. House,27,Christopher Suprun,IND,0,1,0,1
Nueces,41,U.S. House,27,Christopher Suprun,IND,0,0,1,1
Nueces,42,U.S. House,27,Christopher Suprun,IND,0,0,0,0
Nueces,43,U.S. House,27,Christopher Suprun,IND,0,0,0,0
Nueces,44,U.S. House,27,Christopher Suprun,IND,0,0,0,0
Nueces,45,U.S. House,27,Christopher Suprun,IND,0,0,0,0
Nueces,46,U.S. House,27,Christopher Suprun,IND,0,0,0,0
Nueces,47,U.S. House,27,Christopher Suprun,IND,0,0,0,0
Nueces,48,U.S. House,27,Christopher Suprun,IND,0,0,0,0
Nueces,49,U.S. House,27,Christopher Suprun,IND,0,0,0,0
Nueces,50,U.S. House,27,Christopher Suprun,IND,0,0,0,0
Nueces,51,U.S. House,27,Christopher Suprun,IND,0,0,0,0
Nueces,52,U.S. House,27,Christopher Suprun,IND,0,0,0,0
Nueces,53,U.S. House,27,Christopher Suprun,IND,0,0,0,0
Nueces,54,U.S. House,27,Christopher Suprun,IND,0,0,0,0
Nueces,55,U.S. House,27,Christopher Suprun,IND,0,0,0,0
Nueces,56,U.S. House,27,Christopher Suprun,IND,0,0,0,0
Nueces,57,U.S. House,27,Christopher Suprun,IND,0,0,0,0
Nueces,58,U.S. House,27,Christopher Suprun,IND,0,0,0,0
Nueces,59,U.S. House,27,Christopher Suprun,IND,0,0,0,0
Nueces,60,U.S. House,27,Christopher Suprun,IND,0,0,0,0
Nueces,61,U.S. House,27,Christopher Suprun,IND,0,0,0,0
Nueces,62,U.S. House,27,Christopher Suprun,IND,0,0,0,0
Nueces,63,U.S. House,27,Christopher Suprun,IND,1,0,0,1
Nueces,64,U.S. House,27,Christopher Suprun,IND,0,0,0,0
Nueces,65,U.S. House,27,Christopher Suprun,IND,0,0,1,1
Nueces,66,U.S. House,27,Christopher Suprun,IND,0,0,1,1
Nueces,67,U.S. House,27,Christopher Suprun,IND,0,0,0,0
Nueces,68,U.S. House,27,Christopher Suprun,IND,0,0,0,0
Nueces,69,U.S. House,27,Christopher Suprun,IND,0,0,1,1
Nueces,70,U.S. House,27,Christopher Suprun,IND,0,1,0,1
Nueces,71,U.S. House,27,Christopher Suprun,IND,0,0,1,1
Nueces,72,U.S. House,27,Christopher Suprun,IND,0,0,0,0
Nueces,73,U.S. House,27,Christopher Suprun,IND,0,0,0,0
Nueces,74,U.S. House,27,Christopher Suprun,IND,0,0,0,0
Nueces,75,U.S. House,27,Christopher Suprun,IND,0,0,0,0
Nueces,76,U.S. House,27,Christopher Suprun,IND,0,0,0,0
Nueces,77,U.S. House,27,Christopher Suprun,IND,0,0,0,0
Nueces,78,U.S. House,27,Christopher Suprun,IND,0,0,0,0
Nueces,79,U.S. House,27,Christopher Suprun,IND,0,0,0,0
Nueces,80,U.S. House,27,Christopher Suprun,IND,0,0,0,0
Nueces,81,U.S. House,27,Christopher Suprun,IND,0,0,0,0
Nueces,82,U.S. House,27,Christopher Suprun,IND,0,0,0,0
Nueces,83,U.S. House,27,Christopher Suprun,IND,0,0,0,0
Nueces,84,U.S. House,27,Christopher Suprun,IND,0,0,0,0
Nueces,85,U.S. House,27,Christopher Suprun,IND,0,0,0,0
Nueces,86,U.S. House,27,Christopher Suprun,IND,2,0,0,2
Nueces,87,U.S. House,27,Christopher Suprun,IND,0,0,0,0
Nueces,88,U.S. House,27,Christopher Suprun,IND,0,1,1,2
Nueces,89,U.S. House,27,Christopher Suprun,IND,0,0,0,0
Nueces,90,U.S. House,27,Christopher Suprun,IND,0,0,1,1
Nueces,91,U.S. House,27,Christopher Suprun,IND,0,0,0,0
Nueces,92,U.S. House,27,Christopher Suprun,IND,0,0,0,0
Nueces,93,U.S. House,27,Christopher Suprun,IND,0,0,0,0
Nueces,94,U.S. House,27,Christopher Suprun,IND,0,0,0,0
Nueces,95,U.S. House,27,Christopher Suprun,IND,1,0,0,1
Nueces,96,U.S. House,27,Christopher Suprun,IND,0,0,0,0
Nueces,97,U.S. House,27,Christopher Suprun,IND,0,0,0,0
Nueces,98,U.S. House,27,Christopher Suprun,IND,0,0,0,0
Nueces,99,U.S. House,27,Christopher Suprun,IND,0,0,0,0
Nueces,100,U.S. House,27,Christopher Suprun,IND,0,0,0,0
Nueces,101,U.S. House,27,Christopher Suprun,IND,0,0,0,0
Nueces,102,U.S. House,27,Christopher Suprun,IND,0,0,0,0
Nueces,103,U.S. House,27,Christopher Suprun,IND,0,0,0,0
Nueces,104,U.S. House,27,Christopher Suprun,IND,0,0,0,0
Nueces,105,U.S. House,27,Christopher Suprun,IND,0,0,0,0
Nueces,106,U.S. House,27,Christopher Suprun,IND,1,0,0,1
Nueces,107,U.S. House,27,Christopher Suprun,IND,1,0,0,1
Nueces,108,U.S. House,27,Christopher Suprun,IND,0,0,0,0
Nueces,109,U.S. House,27,Christopher Suprun,IND,0,0,0,0
Nueces,110,U.S. House,27,Christopher Suprun,IND,0,0,0,0
Nueces,111,U.S. House,27,Christopher Suprun,IND,0,0,0,0
Nueces,112,U.S. House,27,Christopher Suprun,IND,0,0,0,0
Nueces,113,U.S. House,27,Christopher Suprun,IND,0,0,0,0
Nueces,114,U.S. House,27,Christopher Suprun,IND,0,0,0,0
Nueces,115,U.S. House,27,Christopher Suprun,IND,0,0,1,1
Nueces,116,U.S. House,27,Christopher Suprun,IND,0,0,0,0
Nueces,117,U.S. House,27,Christopher Suprun,IND,0,0,1,1
Nueces,118,U.S. House,27,Christopher Suprun,IND,0,0,0,0
Nueces,119,U.S. House,27,Christopher Suprun,IND,0,0,0,0
Nueces,120,U.S. House,27,Christopher Suprun,IND,0,0,0,0
Nueces,121,U.S. House,27,Christopher Suprun,IND,0,0,0,0
Nueces,122,U.S. House,27,Christopher Suprun,IND,2,0,0,2
Nueces,123,U.S. House,27,Christopher Suprun,IND,0,0,0,0
Nueces,124,U.S. House,27,Christopher Suprun,IND,0,0,0,0
Nueces,125,U.S. House,27,Christopher Suprun,IND,0,0,1,1
Nueces,126,U.S. House,27,Christopher Suprun,IND,0,0,0,0
Nueces,127,U.S. House,27,Christopher Suprun,IND,0,0,0,0
Nueces,Total,U.S. House,27,Christopher Suprun,IND,13,3,13,29
Nueces,1,U.S. House,27,Bech Bruun,REP,4,7,1,12
Nueces,2,U.S. House,27,Bech Bruun,REP,5,1,3,9
Nueces,3,U.S. House,27,Bech Bruun,REP,5,2,1,8
Nueces,4,U.S. House,27,Bech Bruun,REP,3,2,1,6
Nueces,5,U.S. House,27,Bech Bruun,REP,7,2,3,12
Nueces,6,U.S. House,27,Bech Bruun,REP,7,3,3,13
Nueces,7,U.S. House,27,Bech Bruun,REP,0,0,0,0
Nueces,8,U.S. House,27,Bech Bruun,REP,7,3,2,12
Nueces,9,U.S. House,27,Bech Bruun,REP,4,2,3,9
Nueces,10,U.S. House,27,Bech Bruun,REP,1,3,1,5
Nueces,11,U.S. House,27,Bech Bruun,REP,0,1,0,1
Nueces,12,U.S. House,27,Bech Bruun,REP,0,2,0,2
Nueces,13,U.S. House,27,Bech Bruun,REP,0,1,0,1
Nueces,14,U.S. House,27,Bech Bruun,REP,0,1,3,4
Nueces,15,U.S. House,27,Bech Bruun,REP,1,1,2,4
Nueces,16,U.S. House,27,Bech Bruun,REP,0,0,2,2
Nueces,17,U.S. House,27,Bech Bruun,REP,4,2,1,7
Nueces,18,U.S. House,27,Bech Bruun,REP,4,4,0,8
Nueces,19,U.S. House,27,Bech Bruun,REP,12,2,12,26
Nueces,20,U.S. House,27,Bech Bruun,REP,1,2,3,6
Nueces,21,U.S. House,27,Bech Bruun,REP,1,0,3,4
Nueces,22,U.S. House,27,Bech Bruun,REP,0,0,0,0
Nueces,23,U.S. House,27,Bech Bruun,REP,5,9,2,16
Nueces,24,U.S. House,27,Bech Bruun,REP,0,0,0,0
Nueces,25,U.S. House,27,Bech Bruun,REP,1,0,1,2
Nueces,26,U.S. House,27,Bech Bruun,REP,6,10,10,26
Nueces,27,U.S. House,27,Bech Bruun,REP,1,1,0,2
Nueces,28,U.S. House,27,Bech Bruun,REP,1,1,2,4
Nueces,29,U.S. House,27,Bech Bruun,REP,4,5,2,11
Nueces,30,U.S. House,27,Bech Bruun,REP,0,0,0,0
Nueces,31,U.S. House,27,Bech Bruun,REP,0,0,1,1
Nueces,32,U.S. House,27,Bech Bruun,REP,0,2,4,6
Nueces,33,U.S. House,27,Bech Bruun,REP,2,0,0,2
Nueces,34,U.S. House,27,Bech Bruun,REP,1,0,0,1
Nueces,35,U.S. House,27,Bech Bruun,REP,0,0,0,0
Nueces,36,U.S. House,27,Bech Bruun,REP,3,0,0,3
Nueces,37,U.S. House,27,Bech Bruun,REP,0,0,0,0
Nueces,38,U.S. House,27,Bech Bruun,REP,0,0,0,0
Nueces,39,U.S. House,27,Bech Bruun,REP,0,1,1,2
Nueces,40,U.S. House,27,Bech Bruun,REP,18,11,2,31
Nueces,41,U.S. House,27,Bech Bruun,REP,0,0,1,1
Nueces,42,U.S. House,27,Bech Bruun,REP,0,0,0,0
Nueces,43,U.S. House,27,Bech Bruun,REP,0,1,0,1
Nueces,44,U.S. House,27,Bech Bruun,REP,0,0,0,0
Nueces,45,U.S. House,27,Bech Bruun,REP,0,1,0,1
Nueces,46,U.S. House,27,Bech Bruun,REP,0,0,0,0
Nueces,47,U.S. House,27,Bech Bruun,REP,0,0,0,0
Nueces,48,U.S. House,27,Bech Bruun,REP,1,2,0,3
Nueces,49,U.S. House,27,Bech Bruun,REP,0,2,6,8
Nueces,50,U.S. House,27,Bech Bruun,REP,0,0,0,0
Nueces,51,U.S. House,27,Bech Bruun,REP,2,0,0,2
Nueces,52,U.S. House,27,Bech Bruun,REP,1,0,0,1
Nueces,53,U.S. House,27,Bech Bruun,REP,0,0,0,0
Nueces,54,U.S. House,27,Bech Bruun,REP,1,0,0,1
Nueces,55,U.S. House,27,Bech Bruun,REP,0,1,0,1
Nueces,56,U.S. House,27,Bech Bruun,REP,0,0,0,0
Nueces,57,U.S. House,27,Bech Bruun,REP,3,2,0,5
Nueces,58,U.S. House,27,Bech Bruun,REP,2,1,0,3
Nueces,59,U.S. House,27,Bech Bruun,REP,4,4,2,10
Nueces,60,U.S. House,27,Bech Bruun,REP,1,1,0,2
Nueces,61,U.S. House,27,Bech Bruun,REP,0,0,0,0
Nueces,62,U.S. House,27,Bech Bruun,REP,0,0,0,0
Nueces,63,U.S. House,27,Bech Bruun,REP,12,6,7,25
Nueces,64,U.S. House,27,Bech Bruun,REP,2,4,1,7
Nueces,65,U.S. House,27,Bech Bruun,REP,14,5,3,22
Nueces,66,U.S. House,27,Bech Bruun,REP,0,4,2,6
Nueces,67,U.S. House,27,Bech Bruun,REP,4,7,2,13
Nueces,68,U.S. House,27,Bech Bruun,REP,0,0,0,0
Nueces,69,U.S. House,27,Bech Bruun,REP,2,1,1,4
Nueces,70,U.S. House,27,Bech Bruun,REP,2,1,5,8
Nueces,71,U.S. House,27,Bech Bruun,REP,1,1,1,3
Nueces,72,U.S. House,27,Bech Bruun,REP,0,0,0,0
Nueces,73,U.S. House,27,Bech Bruun,REP,0,1,0,1
Nueces,74,U.S. House,27,Bech Bruun,REP,0,1,1,2
Nueces,75,U.S. House,27,Bech Bruun,REP,1,1,0,2
Nueces,76,U.S. House,27,Bech Bruun,REP,0,0,0,0
Nueces,77,U.S. House,27,Bech Bruun,REP,0,0,0,0
Nueces,78,U.S. House,27,Bech Bruun,REP,0,0,0,0
Nueces,79,U.S. House,27,Bech Bruun,REP,0,0,0,0
Nueces,80,U.S. House,27,Bech Bruun,REP,2,0,0,2
Nueces,81,U.S. House,27,Bech Bruun,REP,8,6,7,21
Nueces,82,U.S. House,27,Bech Bruun,REP,1,0,1,2
Nueces,83,U.S. House,27,Bech Bruun,REP,0,0,0,0
Nueces,84,U.S. House,27,Bech Bruun,REP,0,1,1,2
Nueces,85,U.S. House,27,Bech Bruun,REP,0,0,0,0
Nueces,86,U.S. House,27,Bech Bruun,REP,2,0,2,4
Nueces,87,U.S. House,27,Bech Bruun,REP,4,1,0,5
Nueces,88,U.S. House,27,Bech Bruun,REP,3,7,1,11
Nueces,89,U.S. House,27,Bech Bruun,REP,0,0,1,1
Nueces,90,U.S. House,27,Bech Bruun,REP,1,1,0,2
Nueces,91,U.S. House,27,Bech Bruun,REP,13,4,3,20
Nueces,92,U.S. House,27,Bech Bruun,REP,9,4,3,16
Nueces,93,U.S. House,27,Bech Bruun,REP,4,0,1,5
Nueces,94,U.S. House,27,Bech Bruun,REP,1,3,3,7
Nueces,95,U.S. House,27,Bech Bruun,REP,0,0,0,0
Nueces,96,U.S. House,27,Bech Bruun,REP,2,2,1,5
Nueces,97,U.S. House,27,Bech Bruun,REP,0,0,0,0
Nueces,98,U.S. House,27,Bech Bruun,REP,0,0,0,0
Nueces,99,U.S. House,27,Bech Bruun,REP,0,1,2,3
Nueces,100,U.S. House,27,Bech Bruun,REP,0,1,0,1
Nueces,101,U.S. House,27,Bech Bruun,REP,6,2,3,11
Nueces,102,U.S. House,27,Bech Bruun,REP,3,3,3,9
Nueces,103,U.S. House,27,Bech Bruun,REP,9,2,0,11
Nueces,104,U.S. House,27,Bech Bruun,REP,0,0,0,0
Nueces,105,U.S. House,27,Bech Bruun,REP,0,0,0,0
Nueces,106,U.S. House,27,Bech Bruun,REP,6,7,0,13
Nueces,107,U.S. House,27,Bech Bruun,REP,7,5,13,25
Nueces,108,U.S. House,27,Bech Bruun,REP,0,0,0,0
Nueces,109,U.S. House,27,Bech Bruun,REP,0,1,1,2
Nueces,110,U.S. House,27,Bech Bruun,REP,2,0,1,3
Nueces,111,U.S. House,27,Bech Bruun,REP,3,0,2,5
Nueces,112,U.S. House,27,Bech Bruun,REP,7,10,6,23
Nueces,113,U.S. House,27,Bech Bruun,REP,0,0,0,0
Nueces,114,U.S. House,27,Bech Bruun,REP,0,0,1,1
Nueces,115,U.S. House,27,Bech Bruun,REP,4,4,5,13
Nueces,116,U.S. House,27,Bech Bruun,REP,0,3,4,7
Nueces,117,U.S. House,27,Bech Bruun,REP,8,5,8,21
Nueces,118,U.S. House,27,Bech Bruun,REP,2,5,3,10
Nueces,119,U.S. House,27,Bech Bruun,REP,5,6,1,12
Nueces,120,U.S. House,27,Bech Bruun,REP,5,6,2,13
Nueces,121,U.S. House,27,Bech Bruun,REP,2,1,1,4
Nueces,122,U.S. House,27,Bech Bruun,REP,16,1,5,22
Nueces,123,U.S. House,27,Bech Bruun,REP,3,1,2,6
Nueces,124,U.S. House,27,Bech Bruun,REP,5,3,8,16
Nueces,125,U.S. House,27,Bech Bruun,REP,4,4,3,11
Nueces,126,U.S. House,27,Bech Bruun,REP,2,1,7,10
Nueces,127,U.S. House,27,Bech Bruun,REP,0,0,3,3
Nueces,Total,U.S. House,27,Bech Bruun,REP,310,229,209,748
Nueces,1,U.S. House,27,Eric Holguin,DEM,29,13,25,67
Nueces,2,U.S. House,27,Eric Holguin,DEM,50,16,45,111
Nueces,3,U.S. House,27,Eric Holguin,DEM,76,31,98,205
Nueces,4,U.S. House,27,Eric Holguin,DEM,42,32,45,119
Nueces,5,U.S. House,27,Eric Holguin,DEM,54,21,45,120
Nueces,6,U.S. House,27,Eric Holguin,DEM,32,13,26,71
Nueces,7,U.S. House,27,Eric Holguin,DEM,6,2,13,21
Nueces,8,U.S. House,27,Eric Holguin,DEM,55,13,90,158
Nueces,9,U.S. House,27,Eric Holguin,DEM,31,13,19,63
Nueces,10,U.S. House,27,Eric Holguin,DEM,11,4,18,33
Nueces,11,U.S. House,27,Eric Holguin,DEM,0,1,23,24
Nueces,12,U.S. House,27,Eric Holguin,DEM,5,5,8,18
Nueces,13,U.S. House,27,Eric Holguin,DEM,10,15,11,36
Nueces,14,U.S. House,27,Eric Holguin,DEM,1,2,1,4
Nueces,15,U.S. House,27,Eric Holguin,DEM,3,4,7,14
Nueces,16,U.S. House,27,Eric Holguin,DEM,2,0,5,7
Nueces,17,U.S. House,27,Eric Holguin,DEM,36,28,42,106
Nueces,18,U.S. House,27,Eric Holguin,DEM,29,10,41,80
Nueces,19,U.S. House,27,Eric Holguin,DEM,56,8,77,141
Nueces,20,U.S. House,27,Eric Holguin,DEM,47,16,49,112
Nueces,21,U.S. House,27,Eric Holguin,DEM,7,0,5,12
Nueces,22,U.S. House,27,Eric Holguin,DEM,0,1,3,4
Nueces,23,U.S. House,27,Eric Holguin,DEM,17,7,29,53
Nueces,24,U.S. House,27,Eric Holguin,DEM,7,4,3,14
Nueces,25,U.S. House,27,Eric Holguin,DEM,3,0,5,8
Nueces,26,U.S. House,27,Eric Holguin,DEM,80,19,96,195
Nueces,27,U.S. House,27,Eric Holguin,DEM,2,1,7,10
Nueces,28,U.S. House,27,Eric Holguin,DEM,2,0,4,6
Nueces,29,U.S. House,27,Eric Holguin,DEM,56,13,65,134
Nueces,30,U.S. House,27,Eric Holguin,DEM,3,1,1,5
Nueces,31,U.S. House,27,Eric Holguin,DEM,4,1,6,11
Nueces,32,U.S. House,27,Eric Holguin,DEM,17,8,43,68
Nueces,33,U.S. House,27,Eric Holguin,DEM,5,6,8,19
Nueces,34,U.S. House,27,Eric Holguin,DEM,1,4,3,8
Nueces,35,U.S. House,27,Eric Holguin,DEM,15,8,6,29
Nueces,36,U.S. House,27,Eric Holguin,DEM,6,5,4,15
Nueces,37,U.S. House,27,Eric Holguin,DEM,9,9,19,37
Nueces,38,U.S. House,27,Eric Holguin,DEM,1,3,2,6
Nueces,39,U.S. House,27,Eric Holguin,DEM,19,1,7,27
Nueces,40,U.S. House,27,Eric Holguin,DEM,63,18,61,142
Nueces,41,U.S. House,27,Eric Holguin,DEM,2,2,2,6
Nueces,42,U.S. House,27,Eric Holguin,DEM,17,4,22,43
Nueces,43,U.S. House,27,Eric Holguin,DEM,3,3,15,21
Nueces,44,U.S. House,27,Eric Holguin,DEM,2,3,17,22
Nueces,45,U.S. House,27,Eric Holguin,DEM,1,4,5,10
Nueces,46,U.S. House,27,Eric Holguin,DEM,1,1,0,2
Nueces,47,U.S. House,27,Eric Holguin,DEM,4,0,2,6
Nueces,48,U.S. House,27,Eric Holguin,DEM,32,19,34,85
Nueces,49,U.S. House,27,Eric Holguin,DEM,15,6,16,37
Nueces,50,U.S. House,27,Eric Holguin,DEM,16,4,28,48
Nueces,51,U.S. House,27,Eric Holguin,DEM,12,13,27,52
Nueces,52,U.S. House,27,Eric Holguin,DEM,13,10,6,29
Nueces,53,U.S. House,27,Eric Holguin,DEM,11,5,5,21
Nueces,54,U.S. House,27,Eric Holguin,DEM,34,13,26,73
Nueces,55,U.S. House,27,Eric Holguin,DEM,22,13,19,54
Nueces,56,U.S. House,27,Eric Holguin,DEM,2,8,11,21
Nueces,57,U.S. House,27,Eric Holguin,DEM,11,5,17,33
Nueces,58,U.S. House,27,Eric Holguin,DEM,46,6,56,108
Nueces,59,U.S. House,27,Eric Holguin,DEM,29,8,71,108
Nueces,60,U.S. House,27,Eric Holguin,DEM,9,10,14,33
Nueces,61,U.S. House,27,Eric Holguin,DEM,5,4,2,11
Nueces,62,U.S. House,27,Eric Holguin,DEM,7,6,8,21
Nueces,63,U.S. House,27,Eric Holguin,DEM,98,17,117,232
Nueces,64,U.S. House,27,Eric Holguin,DEM,32,6,47,85
Nueces,65,U.S. House,27,Eric Holguin,DEM,102,13,113,228
Nueces,66,U.S. House,27,Eric Holguin,DEM,21,9,27,57
Nueces,67,U.S. House,27,Eric Holguin,DEM,37,23,69,129
Nueces,68,U.S. House,27,Eric Holguin,DEM,6,15,19,40
Nueces,69,U.S. House,27,Eric Holguin,DEM,26,18,43,87
Nueces,70,U.S. House,27,Eric Holguin,DEM,39,24,34,97
Nueces,71,U.S. House,27,Eric Holguin,DEM,12,21,28,61
Nueces,72,U.S. House,27,Eric Holguin,DEM,16,16,19,51
Nueces,73,U.S. House,27,Eric Holguin,DEM,10,33,21,64
Nueces,74,U.S. House,27,Eric Holguin,DEM,18,8,23,49
Nueces,75,U.S. House,27,Eric Holguin,DEM,23,9,24,56
Nueces,76,U.S. House,27,Eric Holguin,DEM,4,7,8,19
Nueces,77,U.S. House,27,Eric Holguin,DEM,1,1,6,8
Nueces,78,U.S. House,27,Eric Holguin,DEM,21,10,15,46
Nueces,79,U.S. House,27,Eric Holguin,DEM,18,7,16,41
Nueces,80,U.S. House,27,Eric Holguin,DEM,8,7,24,39
Nueces,81,U.S. House,27,Eric Holguin,DEM,68,16,66,150
Nueces,82,U.S. House,27,Eric Holguin,DEM,5,1,2,8
Nueces,83,U.S. House,27,Eric Holguin,DEM,16,11,15,42
Nueces,84,U.S. House,27,Eric Holguin,DEM,22,8,20,50
Nueces,85,U.S. House,27,Eric Holguin,DEM,4,6,6,16
Nueces,86,U.S. House,27,Eric Holguin,DEM,21,4,40,65
Nueces,87,U.S. House,27,Eric Holguin,DEM,24,5,23,52
Nueces,88,U.S. House,27,Eric Holguin,DEM,19,31,50,100
Nueces,89,U.S. House,27,Eric Holguin,DEM,12,4,8,24
Nueces,90,U.S. House,27,Eric Holguin,DEM,7,9,16,32
Nueces,91,U.S. House,27,Eric Holguin,DEM,51,26,57,134
Nueces,92,U.S. House,27,Eric Holguin,DEM,57,23,56,136
Nueces,93,U.S. House,27,Eric Holguin,DEM,38,19,26,83
Nueces,94,U.S. House,27,Eric Holguin,DEM,37,13,37,87
Nueces,95,U.S. House,27,Eric Holguin,DEM,4,6,11,21
Nueces,96,U.S. House,27,Eric Holguin,DEM,9,6,14,29
Nueces,97,U.S. House,27,Eric Holguin,DEM,15,12,21,48
Nueces,98,U.S. House,27,Eric Holguin,DEM,17,24,18,59
Nueces,99,U.S. House,27,Eric Holguin,DEM,4,3,10,17
Nueces,100,U.S. House,27,Eric Holguin,DEM,16,12,7,35
Nueces,101,U.S. House,27,Eric Holguin,DEM,37,21,39,97
Nueces,102,U.S. House,27,Eric Holguin,DEM,7,11,19,37
Nueces,103,U.S. House,27,Eric Holguin,DEM,25,1,35,61
Nueces,104,U.S. House,27,Eric Holguin,DEM,1,7,8,16
Nueces,105,U.S. House,27,Eric Holguin,DEM,10,9,12,31
Nueces,106,U.S. House,27,Eric Holguin,DEM,70,25,36,131
Nueces,107,U.S. House,27,Eric Holguin,DEM,55,12,51,118
Nueces,108,U.S. House,27,Eric Holguin,DEM,8,0,8,16
Nueces,109,U.S. House,27,Eric Holguin,DEM,13,8,10,31
Nueces,110,U.S. House,27,Eric Holguin,DEM,13,4,14,31
Nueces,111,U.S. House,27,Eric Holguin,DEM,13,0,6,19
Nueces,112,U.S. House,27,Eric Holguin,DEM,58,30,54,142
Nueces,113,U.S. House,27,Eric Holguin,DEM,10,2,2,14
Nueces,114,U.S. House,27,Eric Holguin,DEM,1,2,5,8
Nueces,115,U.S. House,27,Eric Holguin,DEM,30,8,48,86
Nueces,116,U.S. House,27,Eric Holguin,DEM,68,32,71,171
Nueces,117,U.S. House,27,Eric Holguin,DEM,34,18,23,75
Nueces,118,U.S. House,27,Eric Holguin,DEM,39,30,41,110
Nueces,119,U.S. House,27,Eric Holguin,DEM,60,36,41,137
Nueces,120,U.S. House,27,Eric Holguin,DEM,32,17,33,82
Nueces,121,U.S. House,27,Eric Holguin,DEM,32,17,27,76
Nueces,122,U.S. House,27,Eric Holguin,DEM,44,9,39,92
Nueces,123,U.S. House,27,Eric Holguin,DEM,22,9,20,51
Nueces,124,U.S. House,27,Eric Holguin,DEM,40,18,54,112
Nueces,125,U.S. House,27,Eric Holguin,DEM,67,24,103,194
Nueces,126,U.S. House,27,Eric Holguin,DEM,19,11,43,73
Nueces,127,U.S. House,27,Eric Holguin,DEM,17,3,22,42
Nueces,Total,U.S. House,27,Eric Holguin,DEM,2949,1350,3488,7787
Nueces,1,U.S. House,27,Raul (Roy) Barrera,DEM,3,0,1,4
Nueces,2,U.S. House,27,Raul (Roy) Barrera,DEM,4,6,1,11
Nueces,3,U.S. House,27,Raul (Roy) Barrera,DEM,3,6,0,9
Nueces,4,U.S. House,27,Raul (Roy) Barrera,DEM,3,5,2,10
Nueces,5,U.S. House,27,Raul (Roy) Barrera,DEM,0,1,1,2
Nueces,6,U.S. House,27,Raul (Roy) Barrera,DEM,3,7,4,14
Nueces,7,U.S. House,27,Raul (Roy) Barrera,DEM,0,0,0,0
Nueces,8,U.S. House,27,Raul (Roy) Barrera,DEM,3,5,5,13
Nueces,9,U.S. House,27,Raul (Roy) Barrera,DEM,5,2,1,8
Nueces,10,U.S. House,27,Raul (Roy) Barrera,DEM,0,0,0,0
Nueces,11,U.S. House,27,Raul (Roy) Barrera,DEM,0,0,4,4
Nueces,12,U.S. House,27,Raul (Roy) Barrera,DEM,0,3,0,3
Nueces,13,U.S. House,27,Raul (Roy) Barrera,DEM,3,9,3,15
Nueces,14,U.S. House,27,Raul (Roy) Barrera,DEM,0,2,0,2
Nueces,15,U.S. House,27,Raul (Roy) Barrera,DEM,2,1,2,5
Nueces,16,U.S. House,27,Raul (Roy) Barrera,DEM,1,0,0,1
Nueces,17,U.S. House,27,Raul (Roy) Barrera,DEM,8,5,1,14
Nueces,18,U.S. House,27,Raul (Roy) Barrera,DEM,1,1,5,7
Nueces,19,U.S. House,27,Raul (Roy) Barrera,DEM,1,5,8,14
Nueces,20,U.S. House,27,Raul (Roy) Barrera,DEM,4,3,3,10
Nueces,21,U.S. House,27,Raul (Roy) Barrera,DEM,1,2,0,3
Nueces,22,U.S. House,27,Raul (Roy) Barrera,DEM,0,1,0,1
Nueces,23,U.S. House,27,Raul (Roy) Barrera,DEM,0,2,0,2
Nueces,24,U.S. House,27,Raul (Roy) Barrera,DEM,1,4,3,8
Nueces,25,U.S. House,27,Raul (Roy) Barrera,DEM,0,1,2,3
Nueces,26,U.S. House,27,Raul (Roy) Barrera,DEM,7,2,1,10
Nueces,27,U.S. House,27,Raul (Roy) Barrera,DEM,0,3,2,5
Nueces,28,U.S. House,27,Raul (Roy) Barrera,DEM,0,0,0,0
Nueces,29,U.S. House,27,Raul (Roy) Barrera,DEM,1,2,1,4
Nueces,30,U.S. House,27,Raul (Roy) Barrera,DEM,0,0,0,0
Nueces,31,U.S. House,27,Raul (Roy) Barrera,DEM,1,1,0,2
Nueces,32,U.S. House,27,Raul (Roy) Barrera,DEM,0,2,2,4
Nueces,33,U.S. House,27,Raul (Roy) Barrera,DEM,1,2,1,4
Nueces,34,U.S. House,27,Raul (Roy) Barrera,DEM,0,4,0,4
Nueces,35,U.S. House,27,Raul (Roy) Barrera,DEM,3,7,0,10
Nueces,36,U.S. House,27,Raul (Roy) Barrera,DEM,2,10,2,14
Nueces,37,U.S. House,27,Raul (Roy) Barrera,DEM,2,8,3,13
Nueces,38,U.S. House,27,Raul (Roy) Barrera,DEM,0,1,0,1
Nueces,39,U.S. House,27,Raul (Roy) Barrera,DEM,1,0,1,2
Nueces,40,U.S. House,27,Raul (Roy) Barrera,DEM,5,0,6,11
Nueces,41,U.S. House,27,Raul (Roy) Barrera,DEM,0,2,0,2
Nueces,42,U.S. House,27,Raul (Roy) Barrera,DEM,0,0,0,0
Nueces,43,U.S. House,27,Raul (Roy) Barrera,DEM,3,2,1,6
Nueces,44,U.S. House,27,Raul (Roy) Barrera,DEM,0,3,0,3
Nueces,45,U.S. House,27,Raul (Roy) Barrera,DEM,0,2,0,2
Nueces,46,U.S. House,27,Raul (Roy) Barrera,DEM,0,1,0,1
Nueces,47,U.S. House,27,Raul (Roy) Barrera,DEM,1,0,0,1
Nueces,48,U.S. House,27,Raul (Roy) Barrera,DEM,0,6,1,7
Nueces,49,U.S. House,27,Raul (Roy) Barrera,DEM,2,0,1,3
Nueces,50,U.S. House,27,Raul (Roy) Barrera,DEM,0,0,1,1
Nueces,51,U.S. House,27,Raul (Roy) Barrera,DEM,1,5,5,11
Nueces,52,U.S. House,27,Raul (Roy) Barrera,DEM,1,3,1,5
Nueces,53,U.S. House,27,Raul (Roy) Barrera,DEM,3,4,1,8
Nueces,54,U.S. House,27,Raul (Roy) Barrera,DEM,3,5,2,10
Nueces,55,U.S. House,27,Raul (Roy) Barrera,DEM,1,4,0,5
Nueces,56,U.S. House,27,Raul (Roy) Barrera,DEM,1,5,1,7
Nueces,57,U.S. House,27,Raul (Roy) Barrera,DEM,0,1,4,5
Nueces,58,U.S. House,27,Raul (Roy) Barrera,DEM,4,2,2,8
Nueces,59,U.S. House,27,Raul (Roy) Barrera,DEM,3,1,5,9
Nueces,60,U.S. House,27,Raul (Roy) Barrera,DEM,2,6,0,8
Nueces,61,U.S. House,27,Raul (Roy) Barrera,DEM,2,1,2,5
Nueces,62,U.S. House,27,Raul (Roy) Barrera,DEM,1,0,1,2
Nueces,63,U.S. House,27,Raul (Roy) Barrera,DEM,2,5,0,7
Nueces,64,U.S. House,27,Raul (Roy) Barrera,DEM,0,0,3,3
Nueces,65,U.S. House,27,Raul (Roy) Barrera,DEM,2,3,2,7
Nueces,66,U.S. House,27,Raul (Roy) Barrera,DEM,3,5,1,9
Nueces,67,U.S. House,27,Raul (Roy) Barrera,DEM,1,1,2,4
Nueces,68,U.S. House,27,Raul (Roy) Barrera,DEM,0,5,1,6
Nueces,69,U.S. House,27,Raul (Roy) Barrera,DEM,1,4,4,9
Nueces,70,U.S. House,27,Raul (Roy) Barrera,DEM,3,6,7,16
Nueces,71,U.S. House,27,Raul (Roy) Barrera,DEM,5,12,2,19
Nueces,72,U.S. House,27,Raul (Roy) Barrera,DEM,0,1,3,4
Nueces,73,U.S. House,27,Raul (Roy) Barrera,DEM,2,3,3,8
Nueces,74,U.S. House,27,Raul (Roy) Barrera,DEM,3,6,1,10
Nueces,75,U.S. House,27,Raul (Roy) Barrera,DEM,5,5,4,14
Nueces,76,U.S. House,27,Raul (Roy) Barrera,DEM,2,2,0,4
Nueces,77,U.S. House,27,Raul (Roy) Barrera,DEM,0,2,0,2
Nueces,78,U.S. House,27,Raul (Roy) Barrera,DEM,2,4,1,7
Nueces,79,U.S. House,27,Raul (Roy) Barrera,DEM,1,3,3,7
Nueces,80,U.S. House,27,Raul (Roy) Barrera,DEM,3,2,5,10
Nueces,81,U.S. House,27,Raul (Roy) Barrera,DEM,6,2,2,10
Nueces,82,U.S. House,27,Raul (Roy) Barrera,DEM,0,2,1,3
Nueces,83,U.S. House,27,Raul (Roy) Barrera,DEM,3,7,0,10
Nueces,84,U.S. House,27,Raul (Roy) Barrera,DEM,2,1,0,3
Nueces,85,U.S. House,27,Raul (Roy) Barrera,DEM,2,0,2,4
Nueces,86,U.S. House,27,Raul (Roy) Barrera,DEM,0,0,1,1
Nueces,87,U.S. House,27,Raul (Roy) Barrera,DEM,4,1,4,9
Nueces,88,U.S. House,27,Raul (Roy) Barrera,DEM,5,6,2,13
Nueces,89,U.S. House,27,Raul (Roy) Barrera,DEM,0,2,0,2
Nueces,90,U.S. House,27,Raul (Roy) Barrera,DEM,1,0,0,1
Nueces,91,U.S. House,27,Raul (Roy) Barrera,DEM,3,4,1,8
Nueces,92,U.S. House,27,Raul (Roy) Barrera,DEM,0,2,2,4
Nueces,93,U.S. House,27,Raul (Roy) Barrera,DEM,8,2,3,13
Nueces,94,U.S. House,27,Raul (Roy) Barrera,DEM,3,3,2,8
Nueces,95,U.S. House,27,Raul (Roy) Barrera,DEM,3,1,0,4
Nueces,96,U.S. House,27,Raul (Roy) Barrera,DEM,1,4,1,6
Nueces,97,U.S. House,27,Raul (Roy) Barrera,DEM,0,6,2,8
Nueces,98,U.S. House,27,Raul (Roy) Barrera,DEM,2,8,1,11
Nueces,99,U.S. House,27,Raul (Roy) Barrera,DEM,0,0,1,1
Nueces,100,U.S. House,27,Raul (Roy) Barrera,DEM,2,2,2,6
Nueces,101,U.S. House,27,Raul (Roy) Barrera,DEM,5,13,6,24
Nueces,102,U.S. House,27,Raul (Roy) Barrera,DEM,3,4,7,14
Nueces,103,U.S. House,27,Raul (Roy) Barrera,DEM,1,0,2,3
Nueces,104,U.S. House,27,Raul (Roy) Barrera,DEM,1,4,1,6
Nueces,105,U.S. House,27,Raul (Roy) Barrera,DEM,3,10,3,16
Nueces,106,U.S. House,27,Raul (Roy) Barrera,DEM,2,3,4,9
Nueces,107,U.S. House,27,Raul (Roy) Barrera,DEM,7,2,4,13
Nueces,108,U.S. House,27,Raul (Roy) Barrera,DEM,0,1,1,2
Nueces,109,U.S. House,27,Raul (Roy) Barrera,DEM,1,2,2,5
Nueces,110,U.S. House,27,Raul (Roy) Barrera,DEM,1,2,1,4
Nueces,111,U.S. House,27,Raul (Roy) Barrera,DEM,1,1,0,2
Nueces,112,U.S. House,27,Raul (Roy) Barrera,DEM,1,6,2,9
Nueces,113,U.S. House,27,Raul (Roy) Barrera,DEM,0,6,1,7
Nueces,114,U.S. House,27,Raul (Roy) Barrera,DEM,3,1,0,4
Nueces,115,U.S. House,27,Raul (Roy) Barrera,DEM,3,2,1,6
Nueces,116,U.S. House,27,Raul (Roy) Barrera,DEM,5,9,3,17
Nueces,117,U.S. House,27,Raul (Roy) Barrera,DEM,1,0,4,5
Nueces,118,U.S. House,27,Raul (Roy) Barrera,DEM,3,2,8,13
Nueces,119,U.S. House,27,Raul (Roy) Barrera,DEM,1,3,2,6
Nueces,120,U.S. House,27,Raul (Roy) Barrera,DEM,1,3,4,8
Nueces,121,U.S. House,27,Raul (Roy) Barrera,DEM,1,4,1,6
Nueces,122,U.S. House,27,Raul (Roy) Barrera,DEM,4,3,2,9
Nueces,123,U.S. House,27,Raul (Roy) Barrera,DEM,4,2,8,14
Nueces,124,U.S. House,27,Raul (Roy) Barrera,DEM,2,3,3,8
Nueces,125,U.S. House,27,Raul (Roy) Barrera,DEM,4,3,2,9
Nueces,126,U.S. House,27,Raul (Roy) Barrera,DEM,1,2,3,6
Nueces,127,U.S. House,27,Raul (Roy) Barrera,DEM,2,0,1,3
Nueces,Total,U.S. House,27,Raul (Roy) Barrera,DEM,238,379,238,855
Nueces,1,U.S. House,27,Mike Westergren,DEM,3,1,1,5
Nueces,2,U.S. House,27,Mike Westergren,DEM,5,5,4,14
Nueces,3,U.S. House,27,Mike Westergren,DEM,4,5,5,14
Nueces,4,U.S. House,27,Mike Westergren,DEM,4,4,2,10
Nueces,5,U.S. House,27,Mike Westergren,DEM,7,3,2,12
Nueces,6,U.S. House,27,Mike Westergren,DEM,1,4,2,7
Nueces,7,U.S. House,27,Mike Westergren,DEM,1,1,2,4
Nueces,8,U.S. House,27,Mike Westergren,DEM,4,6,3,13
Nueces,9,U.S. House,27,Mike Westergren,DEM,4,2,1,7
Nueces,10,U.S. House,27,Mike Westergren,DEM,0,0,1,1
Nueces,11,U.S. House,27,Mike Westergren,DEM,0,0,1,1
Nueces,12,U.S. House,27,Mike Westergren,DEM,1,0,0,1
Nueces,13,U.S. House,27,Mike Westergren,DEM,0,0,1,1
Nueces,14,U.S. House,27,Mike Westergren,DEM,0,0,0,0
Nueces,15,U.S. House,27,Mike Westergren,DEM,1,1,2,4
Nueces,16,U.S. House,27,Mike Westergren,DEM,0,0,0,0
Nueces,17,U.S. House,27,Mike Westergren,DEM,6,6,3,15
Nueces,18,U.S. House,27,Mike Westergren,DEM,3,1,1,5
Nueces,19,U.S. House,27,Mike Westergren,DEM,9,2,5,16
Nueces,20,U.S. House,27,Mike Westergren,DEM,2,6,2,10
Nueces,21,U.S. House,27,Mike Westergren,DEM,0,0,1,1
Nueces,22,U.S. House,27,Mike Westergren,DEM,0,1,0,1
Nueces,23,U.S. House,27,Mike Westergren,DEM,0,2,2,4
Nueces,24,U.S. House,27,Mike Westergren,DEM,1,1,1,3
Nueces,25,U.S. House,27,Mike Westergren,DEM,0,0,0,0
Nueces,26,U.S. House,27,Mike Westergren,DEM,3,8,4,15
Nueces,27,U.S. House,27,Mike Westergren,DEM,0,0,2,2
Nueces,28,U.S. House,27,Mike Westergren,DEM,0,0,0,0
Nueces,29,U.S. House,27,Mike Westergren,DEM,2,8,1,11
Nueces,30,U.S. House,27,Mike Westergren,DEM,0,1,0,1
Nueces,31,U.S. House,27,Mike Westergren,DEM,1,2,0,3
Nueces,32,U.S. House,27,Mike Westergren,DEM,3,1,1,5
Nueces,33,U.S. House,27,Mike Westergren,DEM,1,0,0,1
Nueces,34,U.S. House,27,Mike Westergren,DEM,0,1,0,1
Nueces,35,U.S. House,27,Mike Westergren,DEM,1,0,0,1
Nueces,36,U.S. House,27,Mike Westergren,DEM,0,2,1,3
Nueces,37,U.S. House,27,Mike Westergren,DEM,0,0,0,0
Nueces,38,U.S. House,27,Mike Westergren,DEM,0,0,0,0
Nueces,39,U.S. House,27,Mike Westergren,DEM,2,2,1,5
Nueces,40,U.S. House,27,Mike Westergren,DEM,0,1,0,1
Nueces,41,U.S. House,27,Mike Westergren,DEM,0,0,0,0
Nueces,42,U.S. House,27,Mike Westergren,DEM,1,0,0,1
Nueces,43,U.S. House,27,Mike Westergren,DEM,0,2,3,5
Nueces,44,U.S. House,27,Mike Westergren,DEM,1,0,0,1
Nueces,45,U.S. House,27,Mike Westergren,DEM,0,1,0,1
Nueces,46,U.S. House,27,Mike Westergren,DEM,0,1,0,1
Nueces,47,U.S. House,27,Mike Westergren,DEM,0,0,1,1
Nueces,48,U.S. House,27,Mike Westergren,DEM,1,6,0,7
Nueces,49,U.S. House,27,Mike Westergren,DEM,1,1,0,2
Nueces,50,U.S. House,27,Mike Westergren,DEM,0,0,2,2
Nueces,51,U.S. House,27,Mike Westergren,DEM,2,8,1,11
Nueces,52,U.S. House,27,Mike Westergren,DEM,0,1,1,2
Nueces,53,U.S. House,27,Mike Westergren,DEM,1,2,0,3
Nueces,54,U.S. House,27,Mike Westergren,DEM,1,1,0,2
Nueces,55,U.S. House,27,Mike Westergren,DEM,2,0,0,2
Nueces,56,U.S. House,27,Mike Westergren,DEM,1,0,2,3
Nueces,57,U.S. House,27,Mike Westergren,DEM,1,3,3,7
Nueces,58,U.S. House,27,Mike Westergren,DEM,1,1,2,4
Nueces,59,U.S. House,27,Mike Westergren,DEM,1,5,4,10
Nueces,60,U.S. House,27,Mike Westergren,DEM,0,0,4,4
Nueces,61,U.S. House,27,Mike Westergren,DEM,0,0,1,1
Nueces,62,U.S. House,27,Mike Westergren,DEM,4,0,0,4
Nueces,63,U.S. House,27,Mike Westergren,DEM,7,6,7,20
Nueces,64,U.S. House,27,Mike Westergren,DEM,5,1,4,10
Nueces,65,U.S. House,27,Mike Westergren,DEM,6,5,6,17
Nueces,66,U.S. House,27,Mike Westergren,DEM,2,0,0,2
Nueces,67,U.S. House,27,Mike Westergren,DEM,1,6,1,8
Nueces,68,U.S. House,27,Mike Westergren,DEM,0,0,3,3
Nueces,69,U.S. House,27,Mike Westergren,DEM,3,9,2,14
Nueces,70,U.S. House,27,Mike Westergren,DEM,1,4,3,8
Nueces,71,U.S. House,27,Mike Westergren,DEM,1,4,1,6
Nueces,72,U.S. House,27,Mike Westergren,DEM,2,3,1,6
Nueces,73,U.S. House,27,Mike Westergren,DEM,0,0,1,1
Nueces,74,U.S. House,27,Mike Westergren,DEM,2,1,1,4
Nueces,75,U.S. House,27,Mike Westergren,DEM,2,1,1,4
Nueces,76,U.S. House,27,Mike Westergren,DEM,0,1,0,1
Nueces,77,U.S. House,27,Mike Westergren,DEM,0,0,0,0
Nueces,78,U.S. House,27,Mike Westergren,DEM,1,1,2,4
Nueces,79,U.S. House,27,Mike Westergren,DEM,1,1,2,4
Nueces,80,U.S. House,27,Mike Westergren,DEM,2,5,1,8
Nueces,81,U.S. House,27,Mike Westergren,DEM,4,1,2,7
Nueces,82,U.S. House,27,Mike Westergren,DEM,1,0,0,1
Nueces,83,U.S. House,27,Mike Westergren,DEM,1,0,0,1
Nueces,84,U.S. House,27,Mike Westergren,DEM,0,2,0,2
Nueces,85,U.S. House,27,Mike Westergren,DEM,0,3,0,3
Nueces,86,U.S. House,27,Mike Westergren,DEM,1,0,6,7
Nueces,87,U.S. House,27,Mike Westergren,DEM,1,2,2,5
Nueces,88,U.S. House,27,Mike Westergren,DEM,1,5,2,8
Nueces,89,U.S. House,27,Mike Westergren,DEM,0,0,1,1
Nueces,90,U.S. House,27,Mike Westergren,DEM,0,1,0,1
Nueces,91,U.S. House,27,Mike Westergren,DEM,3,5,1,9
Nueces,92,U.S. House,27,Mike Westergren,DEM,5,4,3,12
Nueces,93,U.S. House,27,Mike Westergren,DEM,1,3,0,4
Nueces,94,U.S. House,27,Mike Westergren,DEM,3,2,5,10
Nueces,95,U.S. House,27,Mike Westergren,DEM,1,0,0,1
Nueces,96,U.S. House,27,Mike Westergren,DEM,1,1,2,4
Nueces,97,U.S. House,27,Mike Westergren,DEM,2,1,0,3
Nueces,98,U.S. House,27,Mike Westergren,DEM,2,9,4,15
Nueces,99,U.S. House,27,Mike Westergren,DEM,2,1,0,3
Nueces,100,U.S. House,27,Mike Westergren,DEM,0,2,0,2
Nueces,101,U.S. House,27,Mike Westergren,DEM,3,1,2,6
Nueces,102,U.S. House,27,Mike Westergren,DEM,0,0,1,1
Nueces,103,U.S. House,27,Mike Westergren,DEM,2,0,1,3
Nueces,104,U.S. House,27,Mike Westergren,DEM,1,6,0,7
Nueces,105,U.S. House,27,Mike Westergren,DEM,0,0,0,0
Nueces,106,U.S. House,27,Mike Westergren,DEM,6,5,2,13
Nueces,107,U.S. House,27,Mike Westergren,DEM,2,0,2,4
Nueces,108,U.S. House,27,Mike Westergren,DEM,2,0,0,2
Nueces,109,U.S. House,27,Mike Westergren,DEM,1,0,1,2
Nueces,110,U.S. House,27,Mike Westergren,DEM,0,3,0,3
Nueces,111,U.S. House,27,Mike Westergren,DEM,0,0,0,0
Nueces,112,U.S. House,27,Mike Westergren,DEM,2,4,3,9
Nueces,113,U.S. House,27,Mike Westergren,DEM,0,0,0,0
Nueces,114,U.S. House,27,Mike Westergren,DEM,1,1,0,2
Nueces,115,U.S. House,27,Mike Westergren,DEM,1,0,1,2
Nueces,116,U.S. House,27,Mike Westergren,DEM,5,3,2,10
Nueces,117,U.S. House,27,Mike Westergren,DEM,1,3,0,4
Nueces,118,U.S. House,27,Mike Westergren,DEM,2,0,1,3
Nueces,119,U.S. House,27,Mike Westergren,DEM,2,0,5,7
Nueces,120,U.S. House,27,Mike Westergren,DEM,2,6,0,8
Nueces,121,U.S. House,27,Mike Westergren,DEM,1,0,1,2
Nueces,122,U.S. House,27,Mike Westergren,DEM,5,0,0,5
Nueces,123,U.S. House,27,Mike Westergren,DEM,0,0,2,2
Nueces,124,U.S. House,27,Mike Westergren,DEM,0,4,2,6
Nueces,125,U.S. House,27,Mike Westergren,DEM,1,1,0,2
Nueces,126,U.S. House,27,Mike Westergren,DEM,0,1,2,3
Nueces,127,U.S. House,27,Mike Westergren,DEM,0,0,1,1
Nueces,Total,U.S. House,27,Mike Westergren,DEM,192,237,169,598
Nueces,1,U.S. House,27,Judith Cutright,IND,0,0,1,1
Nueces,2,U.S. House,27,Judith Cutright,IND,0,0,1,1
Nueces,3,U.S. House,27,Judith Cutright,IND,0,0,1,1
Nueces,4,U.S. House,27,Judith Cutright,IND,3,1,0,4
Nueces,5,U.S. House,27,Judith Cutright,IND,1,0,1,2
Nueces,6,U.S. House,27,Judith Cutright,IND,1,0,0,1
Nueces,7,U.S. House,27,Judith Cutright,IND,0,0,0,0
Nueces,8,U.S. House,27,Judith Cutright,IND,1,0,0,1
Nueces,9,U.S. House,27,Judith Cutright,IND,0,0,2,2
Nueces,10,U.S. House,27,Judith Cutright,IND,0,0,0,0
Nueces,11,U.S. House,27,Judith Cutright,IND,0,0,0,0
Nueces,12,U.S. House,27,Judith Cutright,IND,0,0,0,0
Nueces,13,U.S. House,27,Judith Cutright,IND,0,0,0,0
Nueces,14,U.S. House,27,Judith Cutright,IND,0,0,1,1
Nueces,15,U.S. House,27,Judith Cutright,IND,0,0,1,1
Nueces,16,U.S. House,27,Judith Cutright,IND,0,0,0,0
Nueces,17,U.S. House,27,Judith Cutright,IND,0,2,0,2
Nueces,18,U.S. House,27,Judith Cutright,IND,1,1,0,2
Nueces,19,U.S. House,27,Judith Cutright,IND,3,0,1,4
Nueces,20,U.S. House,27,Judith Cutright,IND,0,1,0,1
Nueces,21,U.S. House,27,Judith Cutright,IND,0,0,0,0
Nueces,22,U.S. House,27,Judith Cutright,IND,0,0,0,0
Nueces,23,U.S. House,27,Judith Cutright,IND,0,0,0,0
Nueces,24,U.S. House,27,Judith Cutright,IND,0,0,0,0
Nueces,25,U.S. House,27,Judith Cutright,IND,0,0,0,0
Nueces,26,U.S. House,27,Judith Cutright,IND,4,0,1,5
Nueces,27,U.S. House,27,Judith Cutright,IND,0,0,1,1
Nueces,28,U.S. House,27,Judith Cutright,IND,0,0,0,0
Nueces,29,U.S. House,27,Judith Cutright,IND,0,0,0,0
Nueces,30,U.S. House,27,Judith Cutright,IND,0,0,0,0
Nueces,31,U.S. House,27,Judith Cutright,IND,0,2,0,2
Nueces,32,U.S. House,27,Judith Cutright,IND,1,0,0,1
Nueces,33,U.S. House,27,Judith Cutright,IND,0,1,0,1
Nueces,34,U.S. House,27,Judith Cutright,IND,0,0,0,0
Nueces,35,U.S. House,27,Judith Cutright,IND,0,0,0,0
Nueces,36,U.S. House,27,Judith Cutright,IND,0,1,0,1
Nueces,37,U.S. House,27,Judith Cutright,IND,0,0,0,0
Nueces,38,U.S. House,27,Judith Cutright,IND,0,0,0,0
Nueces,39,U.S. House,27,Judith Cutright,IND,0,0,0,0
Nueces,40,U.S. House,27,Judith Cutright,IND,2,0,1,3
Nueces,41,U.S. House,27,Judith Cutright,IND,0,0,0,0
Nueces,42,U.S. House,27,Judith Cutright,IND,0,0,0,0
Nueces,43,U.S. House,27,Judith Cutright,IND,0,0,0,0
Nueces,44,U.S. House,27,Judith Cutright,IND,0,0,0,0
Nueces,45,U.S. House,27,Judith Cutright,IND,0,0,0,0
Nueces,46,U.S. House,27,Judith Cutright,IND,0,0,0,0
Nueces,47,U.S. House,27,Judith Cutright,IND,0,0,0,0
Nueces,48,U.S. House,27,Judith Cutright,IND,0,0,0,0
Nueces,49,U.S. House,27,Judith Cutright,IND,0,0,0,0
Nueces,50,U.S. House,27,Judith Cutright,IND,0,0,0,0
Nueces,51,U.S. House,27,Judith Cutright,IND,0,0,0,0
Nueces,52,U.S. House,27,Judith Cutright,IND,0,0,0,0
Nueces,53,U.S. House,27,Judith Cutright,IND,1,0,0,1
Nueces,54,U.S. House,27,Judith Cutright,IND,0,0,0,0
Nueces,55,U.S. House,27,Judith Cutright,IND,0,0,0,0
Nueces,56,U.S. House,27,Judith Cutright,IND,1,0,0,1
Nueces,57,U.S. House,27,Judith Cutright,IND,0,0,1,1
Nueces,58,U.S. House,27,Judith Cutright,IND,1,0,0,1
Nueces,59,U.S. House,27,Judith Cutright,IND,1,0,0,1
Nueces,60,U.S. House,27,Judith Cutright,IND,0,0,1,1
Nueces,61,U.S. House,27,Judith Cutright,IND,0,0,0,0
Nueces,62,U.S. House,27,Judith Cutright,IND,0,0,0,0
Nueces,63,U.S. House,27,Judith Cutright,IND,0,0,1,1
Nueces,64,U.S. House,27,Judith Cutright,IND,0,0,1,1
Nueces,65,U.S. House,27,Judith Cutright,IND,0,3,1,4
Nueces,66,U.S. House,27,Judith Cutright,IND,0,1,0,1
Nueces,67,U.S. House,27,Judith Cutright,IND,0,0,1,1
Nueces,68,U.S. House,27,Judith Cutright,IND,0,0,0,0
Nueces,69,U.S. House,27,Judith Cutright,IND,0,0,0,0
Nueces,70,U.S. House,27,Judith Cutright,IND,0,2,0,2
Nueces,71,U.S. House,27,Judith Cutright,IND,0,0,0,0
Nueces,72,U.S. House,27,Judith Cutright,IND,0,0,1,1
Nueces,73,U.S. House,27,Judith Cutright,IND,0,0,0,0
Nueces,74,U.S. House,27,Judith Cutright,IND,0,0,0,0
Nueces,75,U.S. House,27,Judith Cutright,IND,0,0,0,0
Nueces,76,U.S. House,27,Judith Cutright,IND,0,1,0,1
Nueces,77,U.S. House,27,Judith Cutright,IND,0,0,0,0
Nueces,78,U.S. House,27,Judith Cutright,IND,0,0,0,0
Nueces,79,U.S. House,27,Judith Cutright,IND,0,0,0,0
Nueces,80,U.S. House,27,Judith Cutright,IND,0,0,0,0
Nueces,81,U.S. House,27,Judith Cutright,IND,5,2,3,10
Nueces,82,U.S. House,27,Judith Cutright,IND,0,0,0,0
Nueces,83,U.S. House,27,Judith Cutright,IND,0,0,0,0
Nueces,84,U.S. House,27,Judith Cutright,IND,0,0,0,0
Nueces,85,U.S. House,27,Judith Cutright,IND,0,0,0,0
Nueces,86,U.S. House,27,Judith Cutright,IND,0,0,0,0
Nueces,87,U.S. House,27,Judith Cutright,IND,0,0,0,0
Nueces,88,U.S. House,27,Judith Cutright,IND,0,0,0,0
Nueces,89,U.S. House,27,Judith Cutright,IND,0,0,0,0
Nueces,90,U.S. House,27,Judith Cutright,IND,0,0,0,0
Nueces,91,U.S. House,27,Judith Cutright,IND,0,0,1,1
Nueces,92,U.S. House,27,Judith Cutright,IND,1,0,0,1
Nueces,93,U.S. House,27,Judith Cutright,IND,1,0,0,1
Nueces,94,U.S. House,27,Judith Cutright,IND,0,0,0,0
Nueces,95,U.S. House,27,Judith Cutright,IND,0,0,1,1
Nueces,96,U.S. House,27,Judith Cutright,IND,0,1,0,1
Nueces,97,U.S. House,27,Judith Cutright,IND,0,0,0,0
Nueces,98,U.S. House,27,Judith Cutright,IND,0,0,0,0
Nueces,99,U.S. House,27,Judith Cutright,IND,0,0,0,0
Nueces,100,U.S. House,27,Judith Cutright,IND,0,0,0,0
Nueces,101,U.S. House,27,Judith Cutright,IND,0,0,1,1
Nueces,102,U.S. House,27,Judith Cutright,IND,0,0,1,1
Nueces,103,U.S. House,27,Judith Cutright,IND,0,1,1,2
Nueces,104,U.S. House,27,Judith Cutright,IND,0,0,0,0
Nueces,105,U.S. House,27,Judith Cutright,IND,0,0,0,0
Nueces,106,U.S. House,27,Judith Cutright,IND,0,0,0,0
Nueces,107,U.S. House,27,Judith Cutright,IND,0,0,1,1
Nueces,108,U.S. House,27,Judith Cutright,IND,0,0,0,0
Nueces,109,U.S. House,27,Judith Cutright,IND,0,0,0,0
Nueces,110,U.S. House,27,Judith Cutright,IND,0,0,0,0
Nueces,111,U.S. House,27,Judith Cutright,IND,1,0,0,1
Nueces,112,U.S. House,27,Judith Cutright,IND,1,0,0,1
Nueces,113,U.S. House,27,Judith Cutright,IND,0,0,0,0
Nueces,114,U.S. House,27,Judith Cutright,IND,0,0,0,0
Nueces,115,U.S. House,27,Judith Cutright,IND,1,0,0,1
Nueces,116,U.S. House,27,Judith Cutright,IND,1,2,1,4
Nueces,117,U.S. House,27,Judith Cutright,IND,0,0,1,1
Nueces,118,U.S. House,27,Judith Cutright,IND,0,0,0,0
Nueces,119,U.S. House,27,Judith Cutright,IND,1,0,0,1
Nueces,120,U.S. House,27,Judith Cutright,IND,0,0,1,1
Nueces,121,U.S. House,27,Judith Cutright,IND,0,0,0,0
Nueces,122,U.S. House,27,Judith Cutright,IND,0,0,3,3
Nueces,123,U.S. House,27,Judith Cutright,IND,0,0,1,1
Nueces,124,U.S. House,27,Judith Cutright,IND,0,1,1,2
Nueces,125,U.S. House,27,Judith Cutright,IND,0,2,1,3
Nueces,126,U.S. House,27,Judith Cutright,IND,1,0,4,5
Nueces,127,U.S. House,27,Judith Cutright,IND,1,1,0,2
Nueces,Total,U.S. House,27,Judith Cutright,IND,35,26,41,102
Nueces,1,U.S. House,27,Michael Cloud,REP,18,13,21,52
Nueces,2,U.S. House,27,Michael Cloud,REP,66,19,46,131
Nueces,3,U.S. House,27,Michael Cloud,REP,93,15,86,194
Nueces,4,U.S. House,27,Michael Cloud,REP,29,10,21,60
Nueces,5,U.S. House,27,Michael Cloud,REP,50,11,63,124
Nueces,6,U.S. House,27,Michael Cloud,REP,90,4,69,163
Nueces,7,U.S. House,27,Michael Cloud,REP,3,0,2,5
Nueces,8,U.S. House,27,Michael Cloud,REP,69,25,63,157
Nueces,9,U.S. House,27,Michael Cloud,REP,64,9,48,121
Nueces,10,U.S. House,27,Michael Cloud,REP,18,8,34,60
Nueces,11,U.S. House,27,Michael Cloud,REP,1,0,14,15
Nueces,12,U.S. House,27,Michael Cloud,REP,12,4,4,20
Nueces,13,U.S. House,27,Michael Cloud,REP,1,1,2,4
Nueces,14,U.S. House,27,Michael Cloud,REP,13,0,8,21
Nueces,15,U.S. House,27,Michael Cloud,REP,9,4,16,29
Nueces,16,U.S. House,27,Michael Cloud,REP,7,2,11,20
Nueces,17,U.S. House,27,Michael Cloud,REP,49,13,26,88
Nueces,18,U.S. House,27,Michael Cloud,REP,67,9,43,119
Nueces,19,U.S. House,27,Michael Cloud,REP,69,9,65,143
Nueces,20,U.S. House,27,Michael Cloud,REP,31,4,22,57
Nueces,21,U.S. House,27,Michael Cloud,REP,5,0,18,23
Nueces,22,U.S. House,27,Michael Cloud,REP,6,3,4,13
Nueces,23,U.S. House,27,Michael Cloud,REP,87,16,72,175
Nueces,24,U.S. House,27,Michael Cloud,REP,1,0,4,5
Nueces,25,U.S. House,27,Michael Cloud,REP,7,1,12,20
Nueces,26,U.S. House,27,Michael Cloud,REP,131,21,128,280
Nueces,27,U.S. House,27,Michael Cloud,REP,4,3,4,11
Nueces,28,U.S. House,27,Michael Cloud,REP,6,0,21,27
Nueces,29,U.S. House,27,Michael Cloud,REP,57,9,80,146
Nueces,30,U.S. House,27,Michael Cloud,REP,0,0,1,1
Nueces,31,U.S. House,27,Michael Cloud,REP,4,0,1,5
Nueces,32,U.S. House,27,Michael Cloud,REP,43,4,27,74
Nueces,33,U.S. House,27,Michael Cloud,REP,2,1,1,4
Nueces,34,U.S. House,27,Michael Cloud,REP,1,1,1,3
Nueces,35,U.S. House,27,Michael Cloud,REP,1,1,0,2
Nueces,36,U.S. House,27,Michael Cloud,REP,7,1,8,16
Nueces,37,U.S. House,27,Michael Cloud,REP,14,2,6,22
Nueces,38,U.S. House,27,Michael Cloud,REP,2,0,2,4
Nueces,39,U.S. House,27,Michael Cloud,REP,7,5,11,23
Nueces,40,U.S. House,27,Michael Cloud,REP,224,20,124,368
Nueces,41,U.S. House,27,Michael Cloud,REP,0,0,1,1
Nueces,42,U.S. House,27,Michael Cloud,REP,11,2,20,33
Nueces,43,U.S. House,27,Michael Cloud,REP,2,0,1,3
Nueces,44,U.S. House,27,Michael Cloud,REP,3,1,0,4
Nueces,45,U.S. House,27,Michael Cloud,REP,2,0,0,2
Nueces,46,U.S. House,27,Michael Cloud,REP,3,0,0,3
Nueces,47,U.S. House,27,Michael Cloud,REP,2,0,0,2
Nueces,48,U.S. House,27,Michael Cloud,REP,24,9,24,57
Nueces,49,U.S. House,27,Michael Cloud,REP,47,9,20,76
Nueces,50,U.S. House,27,Michael Cloud,REP,6,2,8,16
Nueces,51,U.S. House,27,Michael Cloud,REP,18,7,10,35
Nueces,52,U.S. House,27,Michael Cloud,REP,5,2,3,10
Nueces,53,U.S. House,27,Michael Cloud,REP,8,2,2,12
Nueces,54,U.S. House,27,Michael Cloud,REP,3,2,6,11
Nueces,55,U.S. House,27,Michael Cloud,REP,1,1,7,9
Nueces,56,U.S. House,27,Michael Cloud,REP,4,1,2,7
Nueces,57,U.S. House,27,Michael Cloud,REP,5,0,12,17
Nueces,58,U.S. House,27,Michael Cloud,REP,36,4,30,70
Nueces,59,U.S. House,27,Michael Cloud,REP,33,12,29,74
Nueces,60,U.S. House,27,Michael Cloud,REP,1,1,1,3
Nueces,61,U.S. House,27,Michael Cloud,REP,0,0,0,0
Nueces,62,U.S. House,27,Michael Cloud,REP,4,1,2,7
Nueces,63,U.S. House,27,Michael Cloud,REP,83,11,104,198
Nueces,64,U.S. House,27,Michael Cloud,REP,50,5,67,122
Nueces,65,U.S. House,27,Michael Cloud,REP,131,19,118,268
Nueces,66,U.S. House,27,Michael Cloud,REP,35,7,29,71
Nueces,67,U.S. House,27,Michael Cloud,REP,66,28,71,165
Nueces,68,U.S. House,27,Michael Cloud,REP,12,3,6,21
Nueces,69,U.S. House,27,Michael Cloud,REP,14,6,17,37
Nueces,70,U.S. House,27,Michael Cloud,REP,30,6,13,49
Nueces,71,U.S. House,27,Michael Cloud,REP,5,3,5,13
Nueces,72,U.S. House,27,Michael Cloud,REP,14,4,10,28
Nueces,73,U.S. House,27,Michael Cloud,REP,0,0,5,5
Nueces,74,U.S. House,27,Michael Cloud,REP,6,2,1,9
Nueces,75,U.S. House,27,Michael Cloud,REP,4,0,3,7
Nueces,76,U.S. House,27,Michael Cloud,REP,3,0,1,4
Nueces,77,U.S. House,27,Michael Cloud,REP,0,0,0,0
Nueces,78,U.S. House,27,Michael Cloud,REP,5,4,3,12
Nueces,79,U.S. House,27,Michael Cloud,REP,5,0,2,7
Nueces,80,U.S. House,27,Michael Cloud,REP,6,0,5,11
Nueces,81,U.S. House,27,Michael Cloud,REP,233,19,103,355
Nueces,82,U.S. House,27,Michael Cloud,REP,4,1,1,6
Nueces,83,U.S. House,27,Michael Cloud,REP,4,0,2,6
Nueces,84,U.S. House,27,Michael Cloud,REP,18,0,8,26
Nueces,85,U.S. House,27,Michael Cloud,REP,0,0,1,1
Nueces,86,U.S. House,27,Michael Cloud,REP,21,2,23,46
Nueces,87,U.S. House,27,Michael Cloud,REP,21,8,11,40
Nueces,88,U.S. House,27,Michael Cloud,REP,41,9,41,91
Nueces,89,U.S. House,27,Michael Cloud,REP,4,2,4,10
Nueces,90,U.S. House,27,Michael Cloud,REP,16,4,8,28
Nueces,91,U.S. House,27,Michael Cloud,REP,72,18,41,131
Nueces,92,U.S. House,27,Michael Cloud,REP,63,14,52,129
Nueces,93,U.S. House,27,Michael Cloud,REP,11,2,7,20
Nueces,94,U.S. House,27,Michael Cloud,REP,27,12,22,61
Nueces,95,U.S. House,27,Michael Cloud,REP,7,3,3,13
Nueces,96,U.S. House,27,Michael Cloud,REP,3,5,3,11
Nueces,97,U.S. House,27,Michael Cloud,REP,4,4,2,10
Nueces,98,U.S. House,27,Michael Cloud,REP,1,0,9,10
Nueces,99,U.S. House,27,Michael Cloud,REP,2,1,4,7
Nueces,100,U.S. House,27,Michael Cloud,REP,15,7,9,31
Nueces,101,U.S. House,27,Michael Cloud,REP,80,9,17,106
Nueces,102,U.S. House,27,Michael Cloud,REP,45,8,31,84
Nueces,103,U.S. House,27,Michael Cloud,REP,62,10,56,128
Nueces,104,U.S. House,27,Michael Cloud,REP,0,0,0,0
Nueces,105,U.S. House,27,Michael Cloud,REP,2,0,1,3
Nueces,106,U.S. House,27,Michael Cloud,REP,61,18,41,120
Nueces,107,U.S. House,27,Michael Cloud,REP,132,12,110,254
Nueces,108,U.S. House,27,Michael Cloud,REP,5,1,3,9
Nueces,109,U.S. House,27,Michael Cloud,REP,12,2,9,23
Nueces,110,U.S. House,27,Michael Cloud,REP,43,4,10,57
Nueces,111,U.S. House,27,Michael Cloud,REP,23,3,12,38
Nueces,112,U.S. House,27,Michael Cloud,REP,79,18,51,148
Nueces,113,U.S. House,27,Michael Cloud,REP,2,0,2,4
Nueces,114,U.S. House,27,Michael Cloud,REP,2,1,1,4
Nueces,115,U.S. House,27,Michael Cloud,REP,36,6,41,83
Nueces,116,U.S. House,27,Michael Cloud,REP,73,22,56,151
Nueces,117,U.S. House,27,Michael Cloud,REP,124,21,66,211
Nueces,118,U.S. House,27,Michael Cloud,REP,37,7,25,69
Nueces,119,U.S. House,27,Michael Cloud,REP,118,27,66,211
Nueces,120,U.S. House,27,Michael Cloud,REP,56,13,32,101
Nueces,121,U.S. House,27,Michael Cloud,REP,26,10,27,63
Nueces,122,U.S. House,27,Michael Cloud,REP,113,8,86,207
Nueces,123,U.S. House,27,Michael Cloud,REP,66,7,28,101
Nueces,124,U.S. House,27,Michael Cloud,REP,47,6,66,119
Nueces,125,U.S. House,27,Michael Cloud,REP,75,29,77,181
Nueces,126,U.S. House,27,Michael Cloud,REP,42,10,56,108
Nueces,127,U.S. House,27,Michael Cloud,REP,46,6,53,105
Nueces,Total,U.S. House,27,Michael Cloud,REP,4029,771,3204,8004
Nueces,1,U.S. House,27,Daniel Tinus,LIB,0,0,0,0
Nueces,2,U.S. House,27,Daniel Tinus,LIB,1,0,0,1
Nueces,3,U.S. House,27,Daniel Tinus,LIB,1,0,0,1
Nueces,4,U.S. House,27,Daniel Tinus,LIB,0,0,0,0
Nueces,5,U.S. House,27,Daniel Tinus,LIB,0,0,0,0
Nueces,6,U.S. House,27,Daniel Tinus,LIB,0,0,0,0
Nueces,7,U.S. House,27,Daniel Tinus,LIB,0,0,0,0
Nueces,8,U.S. House,27,Daniel Tinus,LIB,0,0,0,0
Nueces,9,U.S. House,27,Daniel Tinus,LIB,0,0,0,0
Nueces,10,U.S. House,27,Daniel Tinus,LIB,0,0,0,0
Nueces,11,U.S. House,27,Daniel Tinus,LIB,0,0,0,0
Nueces,12,U.S. House,27,Daniel Tinus,LIB,0,0,0,0
Nueces,13,U.S. House,27,Daniel Tinus,LIB,0,0,0,0
Nueces,14,U.S. House,27,Daniel Tinus,LIB,0,0,0,0
Nueces,15,U.S. House,27,Daniel Tinus,LIB,0,0,0,0
Nueces,16,U.S. House,27,Daniel Tinus,LIB,0,0,0,0
Nueces,17,U.S. House,27,Daniel Tinus,LIB,0,0,0,0
Nueces,18,U.S. House,27,Daniel Tinus,LIB,0,0,2,2
Nueces,19,U.S. House,27,Daniel Tinus,LIB,0,1,1,2
Nueces,20,U.S. House,27,Daniel Tinus,LIB,0,0,0,0
Nueces,21,U.S. House,27,Daniel Tinus,LIB,0,0,0,0
Nueces,22,U.S. House,27,Daniel Tinus,LIB,0,0,0,0
Nueces,23,U.S. House,27,Daniel Tinus,LIB,0,0,0,0
Nueces,24,U.S. House,27,Daniel Tinus,LIB,0,0,0,0
Nueces,25,U.S. House,27,Daniel Tinus,LIB,0,0,0,0
Nueces,26,U.S. House,27,Daniel Tinus,LIB,1,0,0,1
Nueces,27,U.S. House,27,Daniel Tinus,LIB,0,0,0,0
Nueces,28,U.S. House,27,Daniel Tinus,LIB,0,0,1,1
Nueces,29,U.S. House,27,Daniel Tinus,LIB,2,0,0,2
Nueces,30,U.S. House,27,Daniel Tinus,LIB,0,0,0,0
Nueces,31,U.S. House,27,Daniel Tinus,LIB,0,0,0,0
Nueces,32,U.S. House,27,Daniel Tinus,LIB,0,0,0,0
Nueces,33,U.S. House,27,Daniel Tinus,LIB,0,0,0,0
Nueces,34,U.S. House,27,Daniel Tinus,LIB,0,0,0,0
Nueces,35,U.S. House,27,Daniel Tinus,LIB,0,0,0,0
Nueces,36,U.S. House,27,Daniel Tinus,LIB,0,0,0,0
Nueces,37,U.S. House,27,Daniel Tinus,LIB,0,0,2,2
Nueces,38,U.S. House,27,Daniel Tinus,LIB,0,0,0,0
Nueces,39,U.S. House,27,Daniel Tinus,LIB,0,0,0,0
Nueces,40,U.S. House,27,Daniel Tinus,LIB,0,0,0,0
Nueces,41,U.S. House,27,Daniel Tinus,LIB,0,0,0,0
Nueces,42,U.S. House,27,Daniel Tinus,LIB,0,0,0,0
Nueces,43,U.S. House,27,Daniel Tinus,LIB,0,0,0,0
Nueces,44,U.S. House,27,Daniel Tinus,LIB,0,0,0,0
Nueces,45,U.S. House,27,Daniel Tinus,LIB,0,0,0,0
Nueces,46,U.S. House,27,Daniel Tinus,LIB,0,0,0,0
Nueces,47,U.S. House,27,Daniel Tinus,LIB,0,0,0,0
Nueces,48,U.S. House,27,Daniel Tinus,LIB,0,0,1,1
Nueces,49,U.S. House,27,Daniel Tinus,LIB,0,0,0,0
Nueces,50,U.S. House,27,Daniel Tinus,LIB,0,0,0,0
Nueces,51,U.S. House,27,Daniel Tinus,LIB,0,0,0,0
Nueces,52,U.S. House,27,Daniel Tinus,LIB,0,0,0,0
Nueces,53,U.S. House,27,Daniel Tinus,LIB,0,0,0,0
Nueces,54,U.S. House,27,Daniel Tinus,LIB,0,0,1,1
Nueces,55,U.S. House,27,Daniel Tinus,LIB,0,0,0,0
Nueces,56,U.S. House,27,Daniel Tinus,LIB,0,0,0,0
Nueces,57,U.S. House,27,Daniel Tinus,LIB,0,0,0,0
Nueces,58,U.S. House,27,Daniel Tinus,LIB,1,0,1,2
Nueces,59,U.S. House,27,Daniel Tinus,LIB,1,0,0,1
Nueces,60,U.S. House,27,Daniel Tinus,LIB,0,0,0,0
Nueces,61,U.S. House,27,Daniel Tinus,LIB,0,0,0,0
Nueces,62,U.S. House,27,Daniel Tinus,LIB,1,0,0,1
Nueces,63,U.S. House,27,Daniel Tinus,LIB,1,0,0,1
Nueces,64,U.S. House,27,Daniel Tinus,LIB,0,0,0,0
Nueces,65,U.S. House,27,Daniel Tinus,LIB,3,0,2,5
Nueces,66,U.S. House,27,Daniel Tinus,LIB,0,0,0,0
Nueces,67,U.S. House,27,Daniel Tinus,LIB,0,0,0,0
Nueces,68,U.S. House,27,Daniel Tinus,LIB,0,0,0,0
Nueces,69,U.S. House,27,Daniel Tinus,LIB,0,0,0,0
Nueces,70,U.S. House,27,Daniel Tinus,LIB,0,0,0,0
Nueces,71,U.S. House,27,Daniel Tinus,LIB,0,0,0,0
Nueces,72,U.S. House,27,Daniel Tinus,LIB,0,0,0,0
Nueces,73,U.S. House,27,Daniel Tinus,LIB,0,0,0,0
Nueces,74,U.S. House,27,Daniel Tinus,LIB,0,1,0,1
Nueces,75,U.S. House,27,Daniel Tinus,LIB,0,0,0,0
Nueces,76,U.S. House,27,Daniel Tinus,LIB,0,0,0,0
Nueces,77,U.S. House,27,Daniel Tinus,LIB,0,0,0,0
Nueces,78,U.S. House,27,Daniel Tinus,LIB,0,0,0,0
Nueces,79,U.S. House,27,Daniel Tinus,LIB,0,0,0,0
Nueces,80,U.S. House,27,Daniel Tinus,LIB,0,0,0,0
Nueces,81,U.S. House,27,Daniel Tinus,LIB,1,0,4,5
Nueces,82,U.S. House,27,Daniel Tinus,LIB,0,0,0,0
Nueces,83,U.S. House,27,Daniel Tinus,LIB,0,0,0,0
Nueces,84,U.S. House,27,Daniel Tinus,LIB,0,0,0,0
Nueces,85,U.S. House,27,Daniel Tinus,LIB,0,0,0,0
Nueces,86,U.S. House,27,Daniel Tinus,LIB,0,0,1,1
Nueces,87,U.S. House,27,Daniel Tinus,LIB,2,0,0,2
Nueces,88,U.S. House,27,Daniel Tinus,LIB,0,0,0,0
Nueces,89,U.S. House,27,Daniel Tinus,LIB,0,0,0,0
Nueces,90,U.S. House,27,Daniel Tinus,LIB,0,0,0,0
Nueces,91,U.S. House,27,Daniel Tinus,LIB,0,0,0,0
Nueces,92,U.S. House,27,Daniel Tinus,LIB,0,0,0,0
Nueces,93,U.S. House,27,Daniel Tinus,LIB,0,0,0,0
Nueces,94,U.S. House,27,Daniel Tinus,LIB,0,0,1,1
Nueces,95,U.S. House,27,Daniel Tinus,LIB,0,0,0,0
Nueces,96,U.S. House,27,Daniel Tinus,LIB,0,0,0,0
Nueces,97,U.S. House,27,Daniel Tinus,LIB,0,0,0,0
Nueces,98,U.S. House,27,Daniel Tinus,LIB,0,0,0,0
Nueces,99,U.S. House,27,Daniel Tinus,LIB,0,0,0,0
Nueces,100,U.S. House,27,Daniel Tinus,LIB,0,0,0,0
Nueces,101,U.S. House,27,Daniel Tinus,LIB,0,0,0,0
Nueces,102,U.S. House,27,Daniel Tinus,LIB,0,0,0,0
Nueces,103,U.S. House,27,Daniel Tinus,LIB,0,0,0,0
Nueces,104,U.S. House,27,Daniel Tinus,LIB,0,0,0,0
Nueces,105,U.S. House,27,Daniel Tinus,LIB,0,0,0,0
Nueces,106,U.S. House,27,Daniel Tinus,LIB,0,0,0,0
Nueces,107,U.S. House,27,Daniel Tinus,LIB,0,1,0,1
Nueces,108,U.S. House,27,Daniel Tinus,LIB,0,0,0,0
Nueces,109,U.S. House,27,Daniel Tinus,LIB,0,0,0,0
Nueces,110,U.S. House,27,Daniel Tinus,LIB,0,0,0,0
Nueces,111,U.S. House,27,Daniel Tinus,LIB,0,0,0,0
Nueces,112,U.S. House,27,Daniel Tinus,LIB,0,1,0,1
Nueces,113,U.S. House,27,Daniel Tinus,LIB,0,0,0,0
Nueces,114,U.S. House,27,Daniel Tinus,LIB,1,0,0,1
Nueces,115,U.S. House,27,Daniel Tinus,LIB,1,0,0,1
Nueces,116,U.S. House,27,Daniel Tinus,LIB,2,0,0,2
Nueces,117,U.S. House,27,Daniel Tinus,LIB,0,1,1,2
Nueces,118,U.S. House,27,Daniel Tinus,LIB,0,0,1,1
Nueces,119,U.S. House,27,Daniel Tinus,LIB,0,0,1,1
Nueces,120,U.S. House,27,Daniel Tinus,LIB,0,0,0,0
Nueces,121,U.S. House,27,Daniel Tinus,LIB,0,1,0,1
Nueces,122,U.S. House,27,Daniel Tinus,LIB,0,0,0,0
Nueces,123,U.S. House,27,Daniel Tinus,LIB,0,0,1,1
Nueces,124,U.S. House,27,Daniel Tinus,LIB,1,0,0,1
Nueces,125,U.S. House,27,Daniel Tinus,LIB,0,0,0,0
Nueces,126,U.S. House,27,Daniel Tinus,LIB,0,0,0,0
Nueces,127,U.S. House,27,Daniel Tinus,LIB,2,0,0,2
Nueces,Total,U.S. House,27,Daniel Tinus,LIB,22,6,21,49
Nueces,1,U.S. House,27,Marty Perez,REP,0,0,0,0
Nueces,2,U.S. House,27,Marty Perez,REP,2,0,1,3
Nueces,3,U.S. House,27,Marty Perez,REP,4,0,3,7
Nueces,4,U.S. House,27,Marty Perez,REP,0,0,0,0
Nueces,5,U.S. House,27,Marty Perez,REP,0,0,0,0
Nueces,6,U.S. House,27,Marty Perez,REP,2,0,4,6
Nueces,7,U.S. House,27,Marty Perez,REP,0,0,0,0
Nueces,8,U.S. House,27,Marty Perez,REP,2,0,2,4
Nueces,9,U.S. House,27,Marty Perez,REP,2,0,1,3
Nueces,10,U.S. House,27,Marty Perez,REP,0,0,2,2
Nueces,11,U.S. House,27,Marty Perez,REP,1,1,0,2
Nueces,12,U.S. House,27,Marty Perez,REP,0,0,0,0
Nueces,13,U.S. House,27,Marty Perez,REP,0,0,0,0
Nueces,14,U.S. House,27,Marty Perez,REP,0,0,0,0
Nueces,15,U.S. House,27,Marty Perez,REP,0,0,0,0
Nueces,16,U.S. House,27,Marty Perez,REP,0,0,0,0
Nueces,17,U.S. House,27,Marty Perez,REP,3,0,0,3
Nueces,18,U.S. House,27,Marty Perez,REP,1,1,1,3
Nueces,19,U.S. House,27,Marty Perez,REP,1,2,1,4
Nueces,20,U.S. House,27,Marty Perez,REP,4,1,0,5
Nueces,21,U.S. House,27,Marty Perez,REP,0,0,0,0
Nueces,22,U.S. House,27,Marty Perez,REP,1,0,0,1
Nueces,23,U.S. House,27,Marty Perez,REP,1,0,0,1
Nueces,24,U.S. House,27,Marty Perez,REP,0,1,0,1
Nueces,25,U.S. House,27,Marty Perez,REP,0,0,0,0
Nueces,26,U.S. House,27,Marty Perez,REP,1,2,0,3
Nueces,27,U.S. House,27,Marty Perez,REP,0,1,0,1
Nueces,28,U.S. House,27,Marty Perez,REP,0,0,0,0
Nueces,29,U.S. House,27,Marty Perez,REP,2,2,2,6
Nueces,30,U.S. House,27,Marty Perez,REP,0,0,0,0
Nueces,31,U.S. House,27,Marty Perez,REP,0,0,0,0
Nueces,32,U.S. House,27,Marty Perez,REP,0,0,0,0
Nueces,33,U.S. House,27,Marty Perez,REP,0,2,0,2
Nueces,34,U.S. House,27,Marty Perez,REP,0,0,0,0
Nueces,35,U.S. House,27,Marty Perez,REP,0,1,0,1
Nueces,36,U.S. House,27,Marty Perez,REP,1,0,0,1
Nueces,37,U.S. House,27,Marty Perez,REP,1,0,0,1
Nueces,38,U.S. House,27,Marty Perez,REP,0,0,0,0
Nueces,39,U.S. House,27,Marty Perez,REP,0,1,1,2
Nueces,40,U.S. House,27,Marty Perez,REP,0,1,1,2
Nueces,41,U.S. House,27,Marty Perez,REP,0,0,0,0
Nueces,42,U.S. House,27,Marty Perez,REP,1,0,0,1
Nueces,43,U.S. House,27,Marty Perez,REP,0,0,0,0
Nueces,44,U.S. House,27,Marty Perez,REP,0,0,1,1
Nueces,45,U.S. House,27,Marty Perez,REP,0,0,0,0
Nueces,46,U.S. House,27,Marty Perez,REP,0,0,0,0
Nueces,47,U.S. House,27,Marty Perez,REP,0,0,0,0
Nueces,48,U.S. House,27,Marty Perez,REP,0,0,0,0
Nueces,49,U.S. House,27,Marty Perez,REP,0,0,0,0
Nueces,50,U.S. House,27,Marty Perez,REP,0,0,0,0
Nueces,51,U.S. House,27,Marty Perez,REP,2,0,0,2
Nueces,52,U.S. House,27,Marty Perez,REP,0,1,0,1
Nueces,53,U.S. House,27,Marty Perez,REP,0,1,0,1
Nueces,54,U.S. House,27,Marty Perez,REP,0,1,0,1
Nueces,55,U.S. House,27,Marty Perez,REP,0,0,0,0
Nueces,56,U.S. House,27,Marty Perez,REP,0,0,0,0
Nueces,57,U.S. House,27,Marty Perez,REP,0,0,1,1
Nueces,58,U.S. House,27,Marty Perez,REP,0,0,1,1
Nueces,59,U.S. House,27,Marty Perez,REP,0,0,0,0
Nueces,60,U.S. House,27,Marty Perez,REP,3,1,0,4
Nueces,61,U.S. House,27,Marty Perez,REP,1,0,0,1
Nueces,62,U.S. House,27,Marty Perez,REP,0,0,0,0
Nueces,63,U.S. House,27,Marty Perez,REP,2,0,0,2
Nueces,64,U.S. House,27,Marty Perez,REP,1,0,0,1
Nueces,65,U.S. House,27,Marty Perez,REP,6,0,1,7
Nueces,66,U.S. House,27,Marty Perez,REP,0,0,4,4
Nueces,67,U.S. House,27,Marty Perez,REP,0,0,0,0
Nueces,68,U.S. House,27,Marty Perez,REP,0,0,0,0
Nueces,69,U.S. House,27,Marty Perez,REP,0,1,0,1
Nueces,70,U.S. House,27,Marty Perez,REP,2,0,1,3
Nueces,71,U.S. House,27,Marty Perez,REP,0,0,1,1
Nueces,72,U.S. House,27,Marty Perez,REP,0,1,0,1
Nueces,73,U.S. House,27,Marty Perez,REP,0,0,0,0
Nueces,74,U.S. House,27,Marty Perez,REP,1,0,0,1
Nueces,75,U.S. House,27,Marty Perez,REP,0,1,0,1
Nueces,76,U.S. House,27,Marty Perez,REP,0,0,0,0
Nueces,77,U.S. House,27,Marty Perez,REP,0,0,0,0
Nueces,78,U.S. House,27,Marty Perez,REP,2,0,0,2
Nueces,79,U.S. House,27,Marty Perez,REP,0,0,0,0
Nueces,80,U.S. House,27,Marty Perez,REP,3,0,0,3
Nueces,81,U.S. House,27,Marty Perez,REP,2,0,0,2
Nueces,82,U.S. House,27,Marty Perez,REP,2,2,0,4
Nueces,83,U.S. House,27,Marty Perez,REP,0,0,0,0
Nueces,84,U.S. House,27,Marty Perez,REP,0,0,0,0
Nueces,85,U.S. House,27,Marty Perez,REP,0,0,0,0
Nueces,86,U.S. House,27,Marty Perez,REP,2,0,2,4
Nueces,87,U.S. House,27,Marty Perez,REP,2,2,0,4
Nueces,88,U.S. House,27,Marty Perez,REP,0,0,0,0
Nueces,89,U.S. House,27,Marty Perez,REP,0,0,0,0
Nueces,90,U.S. House,27,Marty Perez,REP,0,0,0,0
Nueces,91,U.S. House,27,Marty Perez,REP,1,0,1,2
Nueces,92,U.S. House,27,Marty Perez,REP,1,0,1,2
Nueces,93,U.S. House,27,Marty Perez,REP,0,0,0,0
Nueces,94,U.S. House,27,Marty Perez,REP,1,1,0,2
Nueces,95,U.S. House,27,Marty Perez,REP,0,1,0,1
Nueces,96,U.S. House,27,Marty Perez,REP,0,0,0,0
Nueces,97,U.S. House,27,Marty Perez,REP,0,0,0,0
Nueces,98,U.S. House,27,Marty Perez,REP,0,0,0,0
Nueces,99,U.S. House,27,Marty Perez,REP,0,0,0,0
Nueces,100,U.S. House,27,Marty Perez,REP,0,0,0,0
Nueces,101,U.S. House,27,Marty Perez,REP,0,0,0,0
Nueces,102,U.S. House,27,Marty Perez,REP,1,0,0,1
Nueces,103,U.S. House,27,Marty Perez,REP,0,0,0,0
Nueces,104,U.S. House,27,Marty Perez,REP,0,0,0,0
Nueces,105,U.S. House,27,Marty Perez,REP,0,0,0,0
Nueces,106,U.S. House,27,Marty Perez,REP,0,2,0,2
Nueces,107,U.S. House,27,Marty Perez,REP,0,1,0,1
Nueces,108,U.S. House,27,Marty Perez,REP,0,0,0,0
Nueces,109,U.S. House,27,Marty Perez,REP,0,0,0,0
Nueces,110,U.S. House,27,Marty Perez,REP,0,0,0,0
Nueces,111,U.S. House,27,Marty Perez,REP,0,0,2,2
Nueces,112,U.S. House,27,Marty Perez,REP,0,1,0,1
Nueces,113,U.S. House,27,Marty Perez,REP,0,0,0,0
Nueces,114,U.S. House,27,Marty Perez,REP,0,0,0,0
Nueces,115,U.S. House,27,Marty Perez,REP,0,0,1,1
Nueces,116,U.S. House,27,Marty Perez,REP,2,2,1,5
Nueces,117,U.S. House,27,Marty Perez,REP,0,0,1,1
Nueces,118,U.S. House,27,Marty Perez,REP,0,0,0,0
Nueces,119,U.S. House,27,Marty Perez,REP,0,0,1,1
Nueces,120,U.S. House,27,Marty Perez,REP,1,0,0,1
Nueces,121,U.S. House,27,Marty Perez,REP,0,0,0,0
Nueces,122,U.S. House,27,Marty Perez,REP,3,0,2,5
Nueces,123,U.S. House,27,Marty Perez,REP,0,0,0,0
Nueces,124,U.S. House,27,Marty Perez,REP,3,1,1,5
Nueces,125,U.S. House,27,Marty Perez,REP,1,0,0,1
Nueces,126,U.S. House,27,Marty Perez,REP,1,0,0,1
Nueces,127,U.S. House,27,Marty Perez,REP,0,0,0,0
Nueces,Total,U.S. House,27,Marty Perez,REP,76,36,42,154
