county,precinct,office,district,candidate,party,early_voting,mail,election_day,votes
Lee,101,Straight Party,,Republican,REP,207,23,131,361
Lee,101,Straight Party,,Democratic,DEM,79,8,78,165
Lee,101,Straight Party,,Libertarian,LIB,2,0,2,4
Lee,101,U.S. Senate,,Ted Cruz,REP,355,30,223,608
Lee,101,U.S. Senate,,Beto O'Rourke,DEM,123,22,109,254
Lee,101,U.S. Senate,,Neal M. Dikeman,LIB,2,0,4,6
Lee,101,U.S. House,10,Michael T. McCaul,REP,356,28,230,614
Lee,101,U.S. House,10,Mike Siegel,DEM,112,20,98,230
Lee,101,U.S. House,10,Mike Ryan,LIB,9,1,6,16
Lee,101,Governor,,Greg Abbott,REP,367,30,238,635
Lee,101,Governor,,Lupe Valdez,DEM,105,22,96,223
Lee,101,Governor,,Mark Jay Tippetts,LIB,5,0,2,7
Lee,101,Lieutenant Governor,,Dan Patrick,REP,342,29,214,585
Lee,101,Lieutenant Governor,,Mike Collier,DEM,128,21,115,264
Lee,101,Lieutenant Governor,,K. Douglas McKennon,LIB,8,1,7,16
Lee,101,Attorney General,,Ken Paxton,REP,338,29,210,577
Lee,101,Attorney General,,Justin Nelson,DEM,128,20,112,260
Lee,101,Attorney General,,Michael Ray Harris,LIB,6,2,11,19
Lee,101,Comptroller of Public Accounts,,Glenn Hegar,REP,357,30,229,616
Lee,101,Comptroller of Public Accounts,,Joi Chevalier,DEM,108,20,98,226
Lee,101,Comptroller of Public Accounts,,Ben Sanders,LIB,11,1,8,20
Lee,101,Commissioner of the General Land Office,,George P. Bush,REP,354,29,230,613
Lee,101,Commissioner of the General Land Office,,Miguel Suazo,DEM,106,21,98,225
Lee,101,Commissioner of the General Land Office,,Matt Pina,LIB,13,1,7,21
Lee,101,Commissioner of Agriculture,,Sid Miller,REP,345,28,217,590
Lee,101,Commissioner of Agriculture,,Kim Olson,DEM,118,22,108,248
Lee,101,Commissioner of Agriculture,,Richard Carpenter,LIB,7,1,8,16
Lee,101,Railroad Commissioner,,Christi Craddick,REP,340,28,222,590
Lee,101,Railroad Commissioner,,Roman McAllen,DEM,113,19,99,231
Lee,101,Railroad Commissioner,,Mike Wright,LIB,14,4,13,31
Lee,101,"Justice, Supreme Court P2",,Jimmy Blacklock,REP,346,29,225,600
Lee,101,"Justice, Supreme Court P2",,Steven Kirkland,DEM,120,21,104,245
Lee,101,"Justice, Supreme Court P4",,John Devine,REP,347,29,226,602
Lee,101,"Justice, Supreme Court P4",,R.K. Sandill,DEM,116,21,102,239
Lee,101,"Justice, Supreme Court P6",,Jeff Brown,REP,346,29,221,596
Lee,101,"Justice, Supreme Court P6",,Kathy Cheng,DEM,115,20,108,243
Lee,101,Presiding Criminal Appeals,,Sharon Keller,REP,345,29,218,592
Lee,101,Presiding Criminal Appeals,,Maria T. Jackson,DEM,113,20,106,239
Lee,101,Presiding Criminal Appeals,,William Strange III,LIB,8,0,6,14
Lee,101,"Judge, Court of Criminal Appeals P7",,B. Parker Hervey,REP,352,30,225,607
Lee,101,"Judge, Court of Criminal Appeals P7",,Ramona Franklin,DEM,110,18,103,231
Lee,101,"Judge, Court of Criminal Appeals P8",,Michelle Slaughter,REP,355,30,236,621
Lee,101,"Judge, Court of Criminal Appeals P8",,Mark Ash,LIB,51,18,50,119
Lee,101,State Representative,17,John P. Cyrier,REP,363,27,234,624
Lee,101,State Representative,17,Michelle Ryan,DEM,109,18,100,227
Lee,101,Justice Court of Appeals D3 P2,,C. Olson Bourland,REP,351,24,222,597
Lee,101,Justice Court of Appeals D3 P2,,Edward Smith,DEM,111,22,104,237
Lee,101,Justice Court of Appeals D3 P3,,Scott Field,REP,350,26,223,599
Lee,101,Justice Court of Appeals D3 P3,,Chari Kelly,DEM,114,18,106,238
Lee,101,Justice Court of Appeals D3 P5,,David Puryear,REP,350,26,225,601
Lee,101,Justice Court of Appeals D3 P5,,Thomas J. Baker,DEM,113,19,104,236
Lee,101,Justice Court of Appeals D3 P6,,Gisela D. Triana,DEM,112,20,104,236
Lee,101,Justice Court of Appeals D3 P6,,Kerry O'Brien,NP,0,0,0,0
Lee,101,Justice Court of Appeals D3 P6,,Write-in 30,NP,0,0,0,0
Lee,101,County Judge,,Paul E Fischer,REP,399,34,279,712
Lee,101,District Clerk,,Lisa Teinert,REP,403,34,274,711
Lee,101,County Clerk,,Sharon Blasig,REP,401,34,272,707
Lee,101,County Treasurer,,Melinda Krause,REP,394,34,270,698
Lee,101,Justice Peace P2,,Michael York,REP,403,34,275,712
Lee,102,Straight Party,,Republican,REP,26,2,15,43
Lee,102,Straight Party,,Democratic,DEM,18,6,19,43
Lee,102,Straight Party,,Libertarian,LIB,0,0,0,0
Lee,102,U.S. Senate,,Ted Cruz,REP,43,4,25,72
Lee,102,U.S. Senate,,Beto O'Rourke,DEM,28,10,23,61
Lee,102,U.S. Senate,,Neal M. Dikeman,LIB,0,0,0,0
Lee,102,U.S. House,10,Michael T. McCaul,REP,43,3,25,71
Lee,102,U.S. House,10,Mike Siegel,DEM,27,11,22,60
Lee,102,U.S. House,10,Mike Ryan,LIB,0,0,0,0
Lee,102,Governor,,Greg Abbott,REP,44,4,26,74
Lee,102,Governor,,Lupe Valdez,DEM,28,10,21,59
Lee,102,Governor,,Mark Jay Tippetts,LIB,0,0,0,0
Lee,102,Lieutenant Governor,,Dan Patrick,REP,40,4,25,69
Lee,102,Lieutenant Governor,,Mike Collier,DEM,30,10,23,63
Lee,102,Lieutenant Governor,,K. Douglas McKennon,LIB,2,0,0,2
Lee,102,Attorney General,,Ken Paxton,REP,43,4,23,70
Lee,102,Attorney General,,Justin Nelson,DEM,28,10,22,60
Lee,102,Attorney General,,Michael Ray Harris,LIB,1,0,2,3
Lee,102,Comptroller of Public Accounts,,Glenn Hegar,REP,44,3,23,70
Lee,102,Comptroller of Public Accounts,,Joi Chevalier,DEM,28,10,22,60
Lee,102,Comptroller of Public Accounts,,Ben Sanders,LIB,0,0,1,1
Lee,102,Commissioner of the General Land Office,,George P. Bush,REP,44,4,25,73
Lee,102,Commissioner of the General Land Office,,Miguel Suazo,DEM,27,10,21,58
Lee,102,Commissioner of the General Land Office,,Matt Pina,LIB,0,0,1,1
Lee,102,Commissioner of Agriculture,,Sid Miller,REP,43,4,25,72
Lee,102,Commissioner of Agriculture,,Kim Olson,DEM,27,10,21,58
Lee,102,Commissioner of Agriculture,,Richard Carpenter,LIB,0,0,1,1
Lee,102,Railroad Commissioner,,Christi Craddick,REP,44,3,24,71
Lee,102,Railroad Commissioner,,Roman McAllen,DEM,25,10,21,56
Lee,102,Railroad Commissioner,,Mike Wright,LIB,1,0,2,3
Lee,102,"Justice, Supreme Court P2",,Jimmy Blacklock,REP,42,3,23,68
Lee,102,"Justice, Supreme Court P2",,Steven Kirkland,DEM,28,11,23,62
Lee,102,"Justice, Supreme Court P4",,John Devine,REP,43,3,23,69
Lee,102,"Justice, Supreme Court P4",,R.K. Sandill,DEM,27,10,23,60
Lee,102,"Justice, Supreme Court P6",,Jeff Brown,REP,44,4,24,72
Lee,102,"Justice, Supreme Court P6",,Kathy Cheng,DEM,27,10,23,60
Lee,102,Presiding Criminal Appeals,,Sharon Keller,REP,44,3,23,70
Lee,102,Presiding Criminal Appeals,,Maria T. Jackson,DEM,25,10,22,57
Lee,102,Presiding Criminal Appeals,,William Strange III,LIB,2,0,1,3
Lee,102,"Judge, Court of Criminal Appeals P7",,B. Parker Hervey,REP,43,3,23,69
Lee,102,"Judge, Court of Criminal Appeals P7",,Ramona Franklin,DEM,28,10,23,61
Lee,102,"Judge, Court of Criminal Appeals P8",,Michelle Slaughter,REP,46,3,25,74
Lee,102,"Judge, Court of Criminal Appeals P8",,Mark Ash,LIB,5,2,4,11
Lee,102,State Representative,17,John P. Cyrier,REP,45,3,26,74
Lee,102,State Representative,17,Michelle Ryan,DEM,27,10,21,58
Lee,102,Justice Court of Appeals D3 P2,,C. Olson Bourland,REP,43,2,23,68
Lee,102,Justice Court of Appeals D3 P2,,Edward Smith,DEM,28,9,23,60
Lee,102,Justice Court of Appeals D3 P3,,Scott Field,REP,44,2,24,70
Lee,102,Justice Court of Appeals D3 P3,,Chari Kelly,DEM,27,9,22,58
Lee,102,Justice Court of Appeals D3 P5,,David Puryear,REP,43,2,23,68
Lee,102,Justice Court of Appeals D3 P5,,Thomas J. Baker,DEM,28,9,23,60
Lee,102,Justice Court of Appeals D3 P6,,Gisela D. Triana,DEM,27,9,22,58
Lee,102,Justice Court of Appeals D3 P6,,Kerry O'Brien,NP,0,0,0,0
Lee,102,Justice Court of Appeals D3 P6,,Write-in 30,NP,0,0,0,0
Lee,102,County Judge,,Paul E Fischer,REP,54,4,36,94
Lee,102,District Clerk,,Lisa Teinert,REP,48,3,33,84
Lee,102,County Clerk,,Sharon Blasig,REP,52,5,35,92
Lee,102,County Treasurer,,Melinda Krause,REP,49,3,35,87
Lee,102,Justice Peace P2,,Michael York,REP,49,3,34,86
Lee,103,Straight Party,,Republican,REP,39,8,37,84
Lee,103,Straight Party,,Democratic,DEM,1,1,2,4
Lee,103,Straight Party,,Libertarian,LIB,0,0,0,0
Lee,103,U.S. Senate,,Ted Cruz,REP,60,10,54,124
Lee,103,U.S. Senate,,Beto O'Rourke,DEM,7,2,4,13
Lee,103,U.S. Senate,,Neal M. Dikeman,LIB,0,0,0,0
Lee,103,U.S. House,10,Michael T. McCaul,REP,61,10,50,121
Lee,103,U.S. House,10,Mike Siegel,DEM,6,2,6,14
Lee,103,U.S. House,10,Mike Ryan,LIB,0,0,0,0
Lee,103,Governor,,Greg Abbott,REP,62,10,57,129
Lee,103,Governor,,Lupe Valdez,DEM,4,2,2,8
Lee,103,Governor,,Mark Jay Tippetts,LIB,1,0,0,1
Lee,103,Lieutenant Governor,,Dan Patrick,REP,57,10,51,118
Lee,103,Lieutenant Governor,,Mike Collier,DEM,10,2,6,18
Lee,103,Lieutenant Governor,,K. Douglas McKennon,LIB,0,0,0,0
Lee,103,Attorney General,,Ken Paxton,REP,58,10,50,118
Lee,103,Attorney General,,Justin Nelson,DEM,9,2,5,16
Lee,103,Attorney General,,Michael Ray Harris,LIB,0,0,1,1
Lee,103,Comptroller of Public Accounts,,Glenn Hegar,REP,59,9,52,120
Lee,103,Comptroller of Public Accounts,,Joi Chevalier,DEM,5,2,3,10
Lee,103,Comptroller of Public Accounts,,Ben Sanders,LIB,2,0,1,3
Lee,103,Commissioner of the General Land Office,,George P. Bush,REP,61,9,52,122
Lee,103,Commissioner of the General Land Office,,Miguel Suazo,DEM,5,2,2,9
Lee,103,Commissioner of the General Land Office,,Matt Pina,LIB,1,0,2,3
Lee,103,Commissioner of Agriculture,,Sid Miller,REP,59,9,48,116
Lee,103,Commissioner of Agriculture,,Kim Olson,DEM,8,2,5,15
Lee,103,Commissioner of Agriculture,,Richard Carpenter,LIB,0,0,2,2
Lee,103,Railroad Commissioner,,Christi Craddick,REP,58,9,49,116
Lee,103,Railroad Commissioner,,Roman McAllen,DEM,8,2,3,13
Lee,103,Railroad Commissioner,,Mike Wright,LIB,1,0,3,4
Lee,103,"Justice, Supreme Court P2",,Jimmy Blacklock,REP,59,9,51,119
Lee,103,"Justice, Supreme Court P2",,Steven Kirkland,DEM,6,2,4,12
Lee,103,"Justice, Supreme Court P4",,John Devine,REP,58,9,51,118
Lee,103,"Justice, Supreme Court P4",,R.K. Sandill,DEM,6,2,4,12
Lee,103,"Justice, Supreme Court P6",,Jeff Brown,REP,58,9,51,118
Lee,103,"Justice, Supreme Court P6",,Kathy Cheng,DEM,8,2,4,14
Lee,103,Presiding Criminal Appeals,,Sharon Keller,REP,60,9,53,122
Lee,103,Presiding Criminal Appeals,,Maria T. Jackson,DEM,4,3,2,9
Lee,103,Presiding Criminal Appeals,,William Strange III,LIB,3,0,0,3
Lee,103,"Judge, Court of Criminal Appeals P7",,B. Parker Hervey,REP,61,9,51,121
Lee,103,"Judge, Court of Criminal Appeals P7",,Ramona Franklin,DEM,6,2,4,12
Lee,103,"Judge, Court of Criminal Appeals P8",,Michelle Slaughter,REP,59,10,52,121
Lee,103,"Judge, Court of Criminal Appeals P8",,Mark Ash,LIB,6,0,2,8
Lee,103,State Representative,17,John P. Cyrier,REP,60,10,50,120
Lee,103,State Representative,17,Michelle Ryan,DEM,7,2,5,14
Lee,103,Justice Court of Appeals D3 P2,,C. Olson Bourland,REP,60,9,51,120
Lee,103,Justice Court of Appeals D3 P2,,Edward Smith,DEM,6,2,3,11
Lee,103,Justice Court of Appeals D3 P3,,Scott Field,REP,57,9,52,118
Lee,103,Justice Court of Appeals D3 P3,,Chari Kelly,DEM,7,2,2,11
Lee,103,Justice Court of Appeals D3 P5,,David Puryear,REP,57,9,52,118
Lee,103,Justice Court of Appeals D3 P5,,Thomas J. Baker,DEM,7,2,3,12
Lee,103,Justice Court of Appeals D3 P6,,Gisela D. Triana,DEM,8,2,2,12
Lee,103,Justice Court of Appeals D3 P6,,Kerry O'Brien,NP,0,0,0,0
Lee,103,Justice Court of Appeals D3 P6,,Write-in 30,NP,0,0,0,0
Lee,103,County Judge,,Paul E Fischer,REP,61,11,57,129
Lee,103,District Clerk,,Lisa Teinert,REP,62,11,54,127
Lee,103,County Clerk,,Sharon Blasig,REP,62,11,56,129
Lee,103,County Treasurer,,Melinda Krause,REP,62,11,52,125
Lee,103,Justice Peace P4,,Danita Smith,REP,63,11,55,129
Lee,201,Straight Party,,Republican,REP,94,11,72,177
Lee,201,Straight Party,,Democratic,DEM,6,1,5,12
Lee,201,Straight Party,,Libertarian,LIB,0,0,0,0
Lee,201,U.S. Senate,,Ted Cruz,REP,168,11,170,349
Lee,201,U.S. Senate,,Beto O'Rourke,DEM,13,2,12,27
Lee,201,U.S. Senate,,Neal M. Dikeman,LIB,1,0,0,1
Lee,201,U.S. House,10,Michael T. McCaul,REP,170,11,169,350
Lee,201,U.S. House,10,Mike Siegel,DEM,12,2,12,26
Lee,201,U.S. House,10,Mike Ryan,LIB,0,0,0,0
Lee,201,Governor,,Greg Abbott,REP,169,12,174,355
Lee,201,Governor,,Lupe Valdez,DEM,13,1,8,22
Lee,201,Governor,,Mark Jay Tippetts,LIB,1,0,0,1
Lee,201,Lieutenant Governor,,Dan Patrick,REP,160,11,166,337
Lee,201,Lieutenant Governor,,Mike Collier,DEM,18,2,15,35
Lee,201,Lieutenant Governor,,K. Douglas McKennon,LIB,4,0,1,5
Lee,201,Attorney General,,Ken Paxton,REP,164,12,166,342
Lee,201,Attorney General,,Justin Nelson,DEM,16,1,14,31
Lee,201,Attorney General,,Michael Ray Harris,LIB,2,0,0,2
Lee,201,Comptroller of Public Accounts,,Glenn Hegar,REP,164,12,168,344
Lee,201,Comptroller of Public Accounts,,Joi Chevalier,DEM,14,1,11,26
Lee,201,Comptroller of Public Accounts,,Ben Sanders,LIB,2,0,1,3
Lee,201,Commissioner of the General Land Office,,George P. Bush,REP,167,12,168,347
Lee,201,Commissioner of the General Land Office,,Miguel Suazo,DEM,13,1,10,24
Lee,201,Commissioner of the General Land Office,,Matt Pina,LIB,2,0,2,4
Lee,201,Commissioner of Agriculture,,Sid Miller,REP,162,12,161,335
Lee,201,Commissioner of Agriculture,,Kim Olson,DEM,19,1,16,36
Lee,201,Commissioner of Agriculture,,Richard Carpenter,LIB,0,0,2,2
Lee,201,Railroad Commissioner,,Christi Craddick,REP,165,11,163,339
Lee,201,Railroad Commissioner,,Roman McAllen,DEM,16,2,11,29
Lee,201,Railroad Commissioner,,Mike Wright,LIB,2,0,3,5
Lee,201,"Justice, Supreme Court P2",,Jimmy Blacklock,REP,170,11,167,348
Lee,201,"Justice, Supreme Court P2",,Steven Kirkland,DEM,12,2,10,24
Lee,201,"Justice, Supreme Court P4",,John Devine,REP,169,12,166,347
Lee,201,"Justice, Supreme Court P4",,R.K. Sandill,DEM,12,1,11,24
Lee,201,"Justice, Supreme Court P6",,Jeff Brown,REP,166,12,166,344
Lee,201,"Justice, Supreme Court P6",,Kathy Cheng,DEM,15,1,10,26
Lee,201,Presiding Criminal Appeals,,Sharon Keller,REP,170,11,161,342
Lee,201,Presiding Criminal Appeals,,Maria T. Jackson,DEM,12,2,12,26
Lee,201,Presiding Criminal Appeals,,William Strange III,LIB,0,0,2,2
Lee,201,"Judge, Court of Criminal Appeals P7",,B. Parker Hervey,REP,168,11,163,342
Lee,201,"Judge, Court of Criminal Appeals P7",,Ramona Franklin,DEM,13,2,12,27
Lee,201,"Judge, Court of Criminal Appeals P8",,Michelle Slaughter,REP,171,12,164,347
Lee,201,"Judge, Court of Criminal Appeals P8",,Mark Ash,LIB,3,0,7,10
Lee,201,State Representative,17,John P. Cyrier,REP,172,11,171,354
Lee,201,State Representative,17,Michelle Ryan,DEM,11,2,9,22
Lee,201,Justice Court of Appeals D3 P2,,C. Olson Bourland,REP,166,11,163,340
Lee,201,Justice Court of Appeals D3 P2,,Edward Smith,DEM,15,2,15,32
Lee,201,Justice Court of Appeals D3 P3,,Scott Field,REP,168,11,167,346
Lee,201,Justice Court of Appeals D3 P3,,Chari Kelly,DEM,14,2,12,28
Lee,201,Justice Court of Appeals D3 P5,,David Puryear,REP,169,11,163,343
Lee,201,Justice Court of Appeals D3 P5,,Thomas J. Baker,DEM,12,2,14,28
Lee,201,Justice Court of Appeals D3 P6,,Gisela D. Triana,DEM,12,1,14,27
Lee,201,Justice Court of Appeals D3 P6,,Kerry O'Brien,NP,0,0,0,0
Lee,201,Justice Court of Appeals D3 P6,,Write-in 30,NP,0,0,0,0
Lee,201,County Judge,,Paul E Fischer,REP,172,12,168,352
Lee,201,District Clerk,,Lisa Teinert,REP,173,12,173,358
Lee,201,County Clerk,,Sharon Blasig,REP,172,12,173,357
Lee,201,County Treasurer,,Melinda Krause,REP,169,12,166,347
Lee,201,County Commissioner Pct 2,,Richard Wagner,REP,176,12,175,363
Lee,201,Justice Peace P2,,Michael York,REP,176,12,173,361
Lee,202,Straight Party,,Republican,REP,281,31,145,457
Lee,202,Straight Party,,Democratic,DEM,38,10,31,79
Lee,202,Straight Party,,Libertarian,LIB,0,0,1,1
Lee,202,U.S. Senate,,Ted Cruz,REP,482,46,256,784
Lee,202,U.S. Senate,,Beto O'Rourke,DEM,85,16,53,154
Lee,202,U.S. Senate,,Neal M. Dikeman,LIB,4,1,1,6
Lee,202,U.S. House,10,Michael T. McCaul,REP,485,44,249,778
Lee,202,U.S. House,10,Mike Siegel,DEM,78,13,51,142
Lee,202,U.S. House,10,Mike Ryan,LIB,6,0,7,13
Lee,202,Governor,,Greg Abbott,REP,491,47,265,803
Lee,202,Governor,,Lupe Valdez,DEM,71,15,44,130
Lee,202,Governor,,Mark Jay Tippetts,LIB,4,1,1,6
Lee,202,Lieutenant Governor,,Dan Patrick,REP,440,43,240,723
Lee,202,Lieutenant Governor,,Mike Collier,DEM,120,20,64,204
Lee,202,Lieutenant Governor,,K. Douglas McKennon,LIB,5,0,5,10
Lee,202,Attorney General,,Ken Paxton,REP,456,45,246,747
Lee,202,Attorney General,,Justin Nelson,DEM,97,18,57,172
Lee,202,Attorney General,,Michael Ray Harris,LIB,13,0,6,19
Lee,202,Comptroller of Public Accounts,,Glenn Hegar,REP,484,45,251,780
Lee,202,Comptroller of Public Accounts,,Joi Chevalier,DEM,71,17,47,135
Lee,202,Comptroller of Public Accounts,,Ben Sanders,LIB,8,1,6,15
Lee,202,Commissioner of the General Land Office,,George P. Bush,REP,480,45,256,781
Lee,202,Commissioner of the General Land Office,,Miguel Suazo,DEM,68,16,46,130
Lee,202,Commissioner of the General Land Office,,Matt Pina,LIB,14,2,5,21
Lee,202,Commissioner of Agriculture,,Sid Miller,REP,467,42,245,754
Lee,202,Commissioner of Agriculture,,Kim Olson,DEM,91,18,51,160
Lee,202,Commissioner of Agriculture,,Richard Carpenter,LIB,5,1,9,15
Lee,202,Railroad Commissioner,,Christi Craddick,REP,474,43,246,763
Lee,202,Railroad Commissioner,,Roman McAllen,DEM,73,18,48,139
Lee,202,Railroad Commissioner,,Mike Wright,LIB,11,1,11,23
Lee,202,"Justice, Supreme Court P2",,Jimmy Blacklock,REP,478,43,249,770
Lee,202,"Justice, Supreme Court P2",,Steven Kirkland,DEM,78,18,56,152
Lee,202,"Justice, Supreme Court P4",,John Devine,REP,478,45,254,777
Lee,202,"Justice, Supreme Court P4",,R.K. Sandill,DEM,78,17,50,145
Lee,202,"Justice, Supreme Court P6",,Jeff Brown,REP,477,45,248,770
Lee,202,"Justice, Supreme Court P6",,Kathy Cheng,DEM,77,17,53,147
Lee,202,Presiding Criminal Appeals,,Sharon Keller,REP,479,45,250,774
Lee,202,Presiding Criminal Appeals,,Maria T. Jackson,DEM,74,17,51,142
Lee,202,Presiding Criminal Appeals,,William Strange III,LIB,6,0,4,10
Lee,202,"Judge, Court of Criminal Appeals P7",,B. Parker Hervey,REP,477,44,255,776
Lee,202,"Judge, Court of Criminal Appeals P7",,Ramona Franklin,DEM,76,17,50,143
Lee,202,"Judge, Court of Criminal Appeals P8",,Michelle Slaughter,REP,487,43,269,799
Lee,202,"Judge, Court of Criminal Appeals P8",,Mark Ash,LIB,43,5,13,61
Lee,202,State Representative,17,John P. Cyrier,REP,490,42,257,789
Lee,202,State Representative,17,Michelle Ryan,DEM,75,15,49,139
Lee,202,Justice Court of Appeals D3 P2,,C. Olson Bourland,REP,480,44,254,778
Lee,202,Justice Court of Appeals D3 P2,,Edward Smith,DEM,76,15,48,139
Lee,202,Justice Court of Appeals D3 P3,,Scott Field,REP,481,44,253,778
Lee,202,Justice Court of Appeals D3 P3,,Chari Kelly,DEM,75,15,52,142
Lee,202,Justice Court of Appeals D3 P5,,David Puryear,REP,476,43,254,773
Lee,202,Justice Court of Appeals D3 P5,,Thomas J. Baker,DEM,82,16,50,148
Lee,202,Justice Court of Appeals D3 P6,,Gisela D. Triana,DEM,81,15,49,145
Lee,202,Justice Court of Appeals D3 P6,,Kerry O'Brien,NP,0,0,0,0
Lee,202,Justice Court of Appeals D3 P6,,Write-in 30,NP,1,1,0,2
Lee,202,County Judge,,Paul E Fischer,REP,512,44,282,838
Lee,202,District Clerk,,Lisa Teinert,REP,519,44,282,845
Lee,202,County Clerk,,Sharon Blasig,REP,513,44,283,840
Lee,202,County Treasurer,,Melinda Krause,REP,492,43,276,811
Lee,202,County Commissioner Pct 2,,Richard Wagner,REP,517,43,279,839
Lee,202,Justice Peace P2,,Michael York,REP,511,42,283,836
Lee,203,Straight Party,,Republican,REP,82,4,42,128
Lee,203,Straight Party,,Democratic,DEM,7,0,4,11
Lee,203,Straight Party,,Libertarian,LIB,0,0,0,0
Lee,203,U.S. Senate,,Ted Cruz,REP,131,7,63,201
Lee,203,U.S. Senate,,Beto O'Rourke,DEM,15,2,13,30
Lee,203,U.S. Senate,,Neal M. Dikeman,LIB,2,0,0,2
Lee,203,U.S. House,10,Michael T. McCaul,REP,134,7,61,202
Lee,203,U.S. House,10,Mike Siegel,DEM,14,2,13,29
Lee,203,U.S. House,10,Mike Ryan,LIB,0,0,1,1
Lee,203,Governor,,Greg Abbott,REP,135,7,68,210
Lee,203,Governor,,Lupe Valdez,DEM,12,2,7,21
Lee,203,Governor,,Mark Jay Tippetts,LIB,0,0,1,1
Lee,203,Lieutenant Governor,,Dan Patrick,REP,127,7,57,191
Lee,203,Lieutenant Governor,,Mike Collier,DEM,18,2,19,39
Lee,203,Lieutenant Governor,,K. Douglas McKennon,LIB,2,0,0,2
Lee,203,Attorney General,,Ken Paxton,REP,129,6,57,192
Lee,203,Attorney General,,Justin Nelson,DEM,17,3,12,32
Lee,203,Attorney General,,Michael Ray Harris,LIB,1,0,4,5
Lee,203,Comptroller of Public Accounts,,Glenn Hegar,REP,133,7,60,200
Lee,203,Comptroller of Public Accounts,,Joi Chevalier,DEM,13,2,8,23
Lee,203,Comptroller of Public Accounts,,Ben Sanders,LIB,2,0,3,5
Lee,203,Commissioner of the General Land Office,,George P. Bush,REP,132,7,60,199
Lee,203,Commissioner of the General Land Office,,Miguel Suazo,DEM,14,2,11,27
Lee,203,Commissioner of the General Land Office,,Matt Pina,LIB,1,0,2,3
Lee,203,Commissioner of Agriculture,,Sid Miller,REP,127,7,55,189
Lee,203,Commissioner of Agriculture,,Kim Olson,DEM,17,2,15,34
Lee,203,Commissioner of Agriculture,,Richard Carpenter,LIB,0,0,1,1
Lee,203,Railroad Commissioner,,Christi Craddick,REP,127,6,57,190
Lee,203,Railroad Commissioner,,Roman McAllen,DEM,14,3,12,29
Lee,203,Railroad Commissioner,,Mike Wright,LIB,3,0,1,4
Lee,203,"Justice, Supreme Court P2",,Jimmy Blacklock,REP,127,6,55,188
Lee,203,"Justice, Supreme Court P2",,Steven Kirkland,DEM,15,2,15,32
Lee,203,"Justice, Supreme Court P4",,John Devine,REP,129,7,56,192
Lee,203,"Justice, Supreme Court P4",,R.K. Sandill,DEM,14,2,13,29
Lee,203,"Justice, Supreme Court P6",,Jeff Brown,REP,128,6,57,191
Lee,203,"Justice, Supreme Court P6",,Kathy Cheng,DEM,15,3,11,29
Lee,203,Presiding Criminal Appeals,,Sharon Keller,REP,129,6,55,190
Lee,203,Presiding Criminal Appeals,,Maria T. Jackson,DEM,14,3,11,28
Lee,203,Presiding Criminal Appeals,,William Strange III,LIB,1,0,3,4
Lee,203,"Judge, Court of Criminal Appeals P7",,B. Parker Hervey,REP,130,6,59,195
Lee,203,"Judge, Court of Criminal Appeals P7",,Ramona Franklin,DEM,13,2,10,25
Lee,203,"Judge, Court of Criminal Appeals P8",,Michelle Slaughter,REP,128,7,61,196
Lee,203,"Judge, Court of Criminal Appeals P8",,Mark Ash,LIB,10,1,4,15
Lee,203,State Representative,17,John P. Cyrier,REP,131,7,58,196
Lee,203,State Representative,17,Michelle Ryan,DEM,15,2,12,29
Lee,203,Justice Court of Appeals D3 P2,,C. Olson Bourland,REP,129,6,56,191
Lee,203,Justice Court of Appeals D3 P2,,Edward Smith,DEM,13,2,12,27
Lee,203,Justice Court of Appeals D3 P3,,Scott Field,REP,128,6,57,191
Lee,203,Justice Court of Appeals D3 P3,,Chari Kelly,DEM,15,2,11,28
Lee,203,Justice Court of Appeals D3 P5,,David Puryear,REP,129,6,57,192
Lee,203,Justice Court of Appeals D3 P5,,Thomas J. Baker,DEM,14,2,12,28
Lee,203,Justice Court of Appeals D3 P6,,Gisela D. Triana,DEM,15,2,11,28
Lee,203,Justice Court of Appeals D3 P6,,Kerry O'Brien,NP,0,0,0,0
Lee,203,Justice Court of Appeals D3 P6,,Write-in 30,NP,0,1,0,1
Lee,203,County Judge,,Paul E Fischer,REP,134,7,66,207
Lee,203,District Clerk,,Lisa Teinert,REP,133,7,66,206
Lee,203,County Clerk,,Sharon Blasig,REP,133,7,67,207
Lee,203,County Treasurer,,Melinda Krause,REP,131,7,66,204
Lee,203,County Commissioner Pct 2,,Richard Wagner,REP,134,7,64,205
Lee,203,Justice Peace P2,,Michael York,REP,133,8,68,209
Lee,301,Straight Party,,Republican,REP,9,3,24,36
Lee,301,Straight Party,,Democratic,DEM,1,2,2,5
Lee,301,Straight Party,,Libertarian,LIB,0,0,0,0
Lee,301,U.S. Senate,,Ted Cruz,REP,13,3,48,64
Lee,301,U.S. Senate,,Beto O'Rourke,DEM,3,2,3,8
Lee,301,U.S. Senate,,Neal M. Dikeman,LIB,0,0,0,0
Lee,301,U.S. House,17,Bill Flores,REP,13,3,46,62
Lee,301,U.S. House,17,Rick Kennedy,DEM,2,2,5,9
Lee,301,U.S. House,17,Peter Churchman,LIB,1,0,0,1
Lee,301,Governor,,Greg Abbott,REP,14,3,49,66
Lee,301,Governor,,Lupe Valdez,DEM,1,2,2,5
Lee,301,Governor,,Mark Jay Tippetts,LIB,1,0,0,1
Lee,301,Lieutenant Governor,,Dan Patrick,REP,13,3,43,59
Lee,301,Lieutenant Governor,,Mike Collier,DEM,2,2,8,12
Lee,301,Lieutenant Governor,,K. Douglas McKennon,LIB,1,0,0,1
Lee,301,Attorney General,,Ken Paxton,REP,12,3,44,59
Lee,301,Attorney General,,Justin Nelson,DEM,3,2,5,10
Lee,301,Attorney General,,Michael Ray Harris,LIB,1,0,1,2
Lee,301,Comptroller of Public Accounts,,Glenn Hegar,REP,13,3,48,64
Lee,301,Comptroller of Public Accounts,,Joi Chevalier,DEM,1,2,3,6
Lee,301,Comptroller of Public Accounts,,Ben Sanders,LIB,1,0,0,1
Lee,301,Commissioner of the General Land Office,,George P. Bush,REP,14,3,48,65
Lee,301,Commissioner of the General Land Office,,Miguel Suazo,DEM,1,2,3,6
Lee,301,Commissioner of the General Land Office,,Matt Pina,LIB,1,0,0,1
Lee,301,Commissioner of Agriculture,,Sid Miller,REP,14,3,46,63
Lee,301,Commissioner of Agriculture,,Kim Olson,DEM,1,2,5,8
Lee,301,Commissioner of Agriculture,,Richard Carpenter,LIB,1,0,0,1
Lee,301,Railroad Commissioner,,Christi Craddick,REP,13,3,46,62
Lee,301,Railroad Commissioner,,Roman McAllen,DEM,1,2,4,7
Lee,301,Railroad Commissioner,,Mike Wright,LIB,2,0,0,2
Lee,301,"Justice, Supreme Court P2",,Jimmy Blacklock,REP,13,3,46,62
Lee,301,"Justice, Supreme Court P2",,Steven Kirkland,DEM,2,2,5,9
Lee,301,"Justice, Supreme Court P4",,John Devine,REP,13,3,46,62
Lee,301,"Justice, Supreme Court P4",,R.K. Sandill,DEM,2,2,5,9
Lee,301,"Justice, Supreme Court P6",,Jeff Brown,REP,13,3,47,63
Lee,301,"Justice, Supreme Court P6",,Kathy Cheng,DEM,2,2,4,8
Lee,301,Presiding Criminal Appeals,,Sharon Keller,REP,13,3,45,61
Lee,301,Presiding Criminal Appeals,,Maria T. Jackson,DEM,1,2,4,7
Lee,301,Presiding Criminal Appeals,,William Strange III,LIB,1,0,1,2
Lee,301,"Judge, Court of Criminal Appeals P7",,B. Parker Hervey,REP,13,3,46,62
Lee,301,"Judge, Court of Criminal Appeals P7",,Ramona Franklin,DEM,2,2,4,8
Lee,301,"Judge, Court of Criminal Appeals P8",,Michelle Slaughter,REP,13,3,47,63
Lee,301,"Judge, Court of Criminal Appeals P8",,Mark Ash,LIB,1,0,2,3
Lee,301,State Representative,17,John P. Cyrier,REP,13,3,47,63
Lee,301,State Representative,17,Michelle Ryan,DEM,2,2,4,8
Lee,301,Justice Court of Appeals D3 P2,,C. Olson Bourland,REP,13,3,46,62
Lee,301,Justice Court of Appeals D3 P2,,Edward Smith,DEM,2,2,4,8
Lee,301,Justice Court of Appeals D3 P3,,Scott Field,REP,13,3,46,62
Lee,301,Justice Court of Appeals D3 P3,,Chari Kelly,DEM,2,2,5,9
Lee,301,Justice Court of Appeals D3 P5,,David Puryear,REP,13,3,45,61
Lee,301,Justice Court of Appeals D3 P5,,Thomas J. Baker,DEM,2,2,5,9
Lee,301,Justice Court of Appeals D3 P6,,Gisela D. Triana,DEM,2,2,5,9
Lee,301,Justice Court of Appeals D3 P6,,Kerry O'Brien,NP,0,0,0,0
Lee,301,Justice Court of Appeals D3 P6,,Write-in 30,NP,0,0,0,0
Lee,301,County Judge,,Paul E Fischer,REP,15,3,50,68
Lee,301,District Clerk,,Lisa Teinert,REP,15,3,50,68
Lee,301,County Clerk,,Sharon Blasig,REP,15,3,50,68
Lee,301,County Treasurer,,Melinda Krause,REP,15,3,50,68
Lee,301,Justice Peace P3,,Don Milburn,REP,15,3,49,67
Lee,301,Constable P3 Unexp,,Farah Ramsey,REP,14,3,49,66
Lee,302,Straight Party,,Republican,REP,178,39,208,425
Lee,302,Straight Party,,Democratic,DEM,43,9,29,81
Lee,302,Straight Party,,Libertarian,LIB,1,0,1,2
Lee,302,U.S. Senate,,Ted Cruz,REP,280,46,313,639
Lee,302,U.S. Senate,,Beto O'Rourke,DEM,83,15,72,170
Lee,302,U.S. Senate,,Neal M. Dikeman,LIB,3,1,4,8
Lee,302,U.S. House,17,Bill Flores,REP,274,44,305,623
Lee,302,U.S. House,17,Rick Kennedy,DEM,79,15,65,159
Lee,302,U.S. House,17,Peter Churchman,LIB,8,1,12,21
Lee,302,Governor,,Greg Abbott,REP,286,47,333,666
Lee,302,Governor,,Lupe Valdez,DEM,73,15,49,137
Lee,302,Governor,,Mark Jay Tippetts,LIB,6,0,8,14
Lee,302,Lieutenant Governor,,Dan Patrick,REP,275,44,305,624
Lee,302,Lieutenant Governor,,Mike Collier,DEM,84,17,72,173
Lee,302,Lieutenant Governor,,K. Douglas McKennon,LIB,6,1,9,16
Lee,302,Attorney General,,Ken Paxton,REP,267,45,303,615
Lee,302,Attorney General,,Justin Nelson,DEM,83,17,73,173
Lee,302,Attorney General,,Michael Ray Harris,LIB,10,0,12,22
Lee,302,Comptroller of Public Accounts,,Glenn Hegar,REP,270,45,307,622
Lee,302,Comptroller of Public Accounts,,Joi Chevalier,DEM,83,15,57,155
Lee,302,Comptroller of Public Accounts,,Ben Sanders,LIB,6,0,18,24
Lee,302,Commissioner of the General Land Office,,George P. Bush,REP,265,46,313,624
Lee,302,Commissioner of the General Land Office,,Miguel Suazo,DEM,77,14,55,146
Lee,302,Commissioner of the General Land Office,,Matt Pina,LIB,19,1,17,37
Lee,302,Commissioner of Agriculture,,Sid Miller,REP,267,43,305,615
Lee,302,Commissioner of Agriculture,,Kim Olson,DEM,83,18,62,163
Lee,302,Commissioner of Agriculture,,Richard Carpenter,LIB,7,0,15,22
Lee,302,Railroad Commissioner,,Christi Craddick,REP,269,42,301,612
Lee,302,Railroad Commissioner,,Roman McAllen,DEM,80,18,59,157
Lee,302,Railroad Commissioner,,Mike Wright,LIB,11,1,17,29
Lee,302,"Justice, Supreme Court P2",,Jimmy Blacklock,REP,273,44,309,626
Lee,302,"Justice, Supreme Court P2",,Steven Kirkland,DEM,81,16,64,161
Lee,302,"Justice, Supreme Court P4",,John Devine,REP,274,43,312,629
Lee,302,"Justice, Supreme Court P4",,R.K. Sandill,DEM,80,16,64,160
Lee,302,"Justice, Supreme Court P6",,Jeff Brown,REP,276,43,315,634
Lee,302,"Justice, Supreme Court P6",,Kathy Cheng,DEM,80,16,63,159
Lee,302,Presiding Criminal Appeals,,Sharon Keller,REP,266,43,301,610
Lee,302,Presiding Criminal Appeals,,Maria T. Jackson,DEM,79,16,61,156
Lee,302,Presiding Criminal Appeals,,William Strange III,LIB,10,0,17,27
Lee,302,"Judge, Court of Criminal Appeals P7",,B. Parker Hervey,REP,272,43,314,629
Lee,302,"Judge, Court of Criminal Appeals P7",,Ramona Franklin,DEM,81,16,62,159
Lee,302,"Judge, Court of Criminal Appeals P8",,Michelle Slaughter,REP,275,47,312,634
Lee,302,"Judge, Court of Criminal Appeals P8",,Mark Ash,LIB,42,2,29,73
Lee,302,State Representative,17,John P. Cyrier,REP,278,42,315,635
Lee,302,State Representative,17,Michelle Ryan,DEM,82,17,68,167
Lee,302,Justice Court of Appeals D3 P2,,C. Olson Bourland,REP,275,42,308,625
Lee,302,Justice Court of Appeals D3 P2,,Edward Smith,DEM,79,16,66,161
Lee,302,Justice Court of Appeals D3 P3,,Scott Field,REP,273,41,312,626
Lee,302,Justice Court of Appeals D3 P3,,Chari Kelly,DEM,80,16,65,161
Lee,302,Justice Court of Appeals D3 P5,,David Puryear,REP,273,40,310,623
Lee,302,Justice Court of Appeals D3 P5,,Thomas J. Baker,DEM,80,16,69,165
Lee,302,Justice Court of Appeals D3 P6,,Gisela D. Triana,DEM,82,17,66,165
Lee,302,Justice Court of Appeals D3 P6,,Kerry O'Brien,NP,0,0,0,0
Lee,302,Justice Court of Appeals D3 P6,,Write-in 30,NP,0,0,0,0
Lee,302,County Judge,,Paul E Fischer,REP,313,48,345,706
Lee,302,District Clerk,,Lisa Teinert,REP,307,47,335,689
Lee,302,County Clerk,,Sharon Blasig,REP,307,48,341,696
Lee,302,County Treasurer,,Melinda Krause,REP,306,48,341,695
Lee,302,Justice Peace P3,,Don Milburn,REP,305,47,348,700
Lee,302,Constable P3 Unexp,,Farah Ramsey,REP,307,47,341,695
Lee,303,Straight Party,,Republican,REP,136,18,184,338
Lee,303,Straight Party,,Democratic,DEM,33,9,48,90
Lee,303,Straight Party,,Libertarian,LIB,0,0,3,3
Lee,303,U.S. Senate,,Ted Cruz,REP,205,24,293,522
Lee,303,U.S. Senate,,Beto O'Rourke,DEM,76,18,101,195
Lee,303,U.S. Senate,,Neal M. Dikeman,LIB,2,0,6,8
Lee,303,U.S. House,17,Bill Flores,REP,209,19,292,520
Lee,303,U.S. House,17,Rick Kennedy,DEM,69,16,87,172
Lee,303,U.S. House,17,Peter Churchman,LIB,3,3,14,20
Lee,303,Governor,,Greg Abbott,REP,214,25,305,544
Lee,303,Governor,,Lupe Valdez,DEM,66,16,80,162
Lee,303,Governor,,Mark Jay Tippetts,LIB,3,2,12,17
Lee,303,Lieutenant Governor,,Dan Patrick,REP,198,25,285,508
Lee,303,Lieutenant Governor,,Mike Collier,DEM,77,16,98,191
Lee,303,Lieutenant Governor,,K. Douglas McKennon,LIB,5,1,13,19
Lee,303,Attorney General,,Ken Paxton,REP,195,25,276,496
Lee,303,Attorney General,,Justin Nelson,DEM,78,16,99,193
Lee,303,Attorney General,,Michael Ray Harris,LIB,8,1,16,25
Lee,303,Comptroller of Public Accounts,,Glenn Hegar,REP,209,24,292,525
Lee,303,Comptroller of Public Accounts,,Joi Chevalier,DEM,60,16,81,157
Lee,303,Comptroller of Public Accounts,,Ben Sanders,LIB,12,1,19,32
Lee,303,Commissioner of the General Land Office,,George P. Bush,REP,204,24,295,523
Lee,303,Commissioner of the General Land Office,,Miguel Suazo,DEM,57,16,85,158
Lee,303,Commissioner of the General Land Office,,Matt Pina,LIB,18,1,14,33
Lee,303,Commissioner of Agriculture,,Sid Miller,REP,203,25,286,514
Lee,303,Commissioner of Agriculture,,Kim Olson,DEM,69,16,92,177
Lee,303,Commissioner of Agriculture,,Richard Carpenter,LIB,8,1,16,25
Lee,303,Railroad Commissioner,,Christi Craddick,REP,200,24,281,505
Lee,303,Railroad Commissioner,,Roman McAllen,DEM,65,16,90,171
Lee,303,Railroad Commissioner,,Mike Wright,LIB,16,1,18,35
Lee,303,"Justice, Supreme Court P2",,Jimmy Blacklock,REP,206,25,292,523
Lee,303,"Justice, Supreme Court P2",,Steven Kirkland,DEM,74,16,97,187
Lee,303,"Justice, Supreme Court P4",,John Devine,REP,210,25,295,530
Lee,303,"Justice, Supreme Court P4",,R.K. Sandill,DEM,69,16,94,179
Lee,303,"Justice, Supreme Court P6",,Jeff Brown,REP,212,25,303,540
Lee,303,"Justice, Supreme Court P6",,Kathy Cheng,DEM,69,16,88,173
Lee,303,Presiding Criminal Appeals,,Sharon Keller,REP,202,24,288,514
Lee,303,Presiding Criminal Appeals,,Maria T. Jackson,DEM,68,16,87,171
Lee,303,Presiding Criminal Appeals,,William Strange III,LIB,11,1,14,26
Lee,303,"Judge, Court of Criminal Appeals P7",,B. Parker Hervey,REP,211,25,296,532
Lee,303,"Judge, Court of Criminal Appeals P7",,Ramona Franklin,DEM,68,16,91,175
Lee,303,"Judge, Court of Criminal Appeals P8",,Michelle Slaughter,REP,214,26,301,541
Lee,303,"Judge, Court of Criminal Appeals P8",,Mark Ash,LIB,40,5,45,90
Lee,303,State Representative,17,John P. Cyrier,REP,213,22,300,535
Lee,303,State Representative,17,Michelle Ryan,DEM,69,16,90,175
Lee,303,Justice Court of Appeals D3 P2,,C. Olson Bourland,REP,210,26,292,528
Lee,303,Justice Court of Appeals D3 P2,,Edward Smith,DEM,68,15,95,178
Lee,303,Justice Court of Appeals D3 P3,,Scott Field,REP,208,25,298,531
Lee,303,Justice Court of Appeals D3 P3,,Chari Kelly,DEM,72,16,89,177
Lee,303,Justice Court of Appeals D3 P5,,David Puryear,REP,208,25,292,525
Lee,303,Justice Court of Appeals D3 P5,,Thomas J. Baker,DEM,72,16,93,181
Lee,303,Justice Court of Appeals D3 P6,,Gisela D. Triana,DEM,72,16,92,180
Lee,303,Justice Court of Appeals D3 P6,,Kerry O'Brien,NP,0,0,0,0
Lee,303,Justice Court of Appeals D3 P6,,Write-in 30,NP,0,0,1,1
Lee,303,County Judge,,Paul E Fischer,REP,235,27,333,595
Lee,303,District Clerk,,Lisa Teinert,REP,235,26,326,587
Lee,303,County Clerk,,Sharon Blasig,REP,237,26,324,587
Lee,303,County Treasurer,,Melinda Krause,REP,235,26,329,590
Lee,303,Justice Peace P3,,Don Milburn,REP,238,25,325,588
Lee,303,Constable P3 Unexp,,Farah Ramsey,REP,235,25,329,589
Lee,303,Place 7 ACC Trustee,,Mitch Fuller,NP,4,3,8,15
Lee,303,Place 7 ACC Trustee,,Barbara P. Mink,NP,8,1,3,12
Lee,303,Place 8 ACC Trustee,,Douglas Gibbins,NP,2,3,7,12
Lee,303,Place 8 ACC Trustee,,S. Gharakhanian,NP,4,0,1,5
Lee,303,Place 8 ACC Trustee,,Sarah Mills,NP,5,1,3,9
Lee,303,Place 9 ACC Trustee,,Julie Ann Nitsch,NP,6,1,5,12
Lee,303,Place 9 ACC Trustee,,Lora H. Weber,NP,5,3,6,14
Lee,304,Straight Party,,Republican,REP,29,5,26,60
Lee,304,Straight Party,,Democratic,DEM,4,4,7,15
Lee,304,Straight Party,,Libertarian,LIB,0,0,0,0
Lee,304,U.S. Senate,,Ted Cruz,REP,54,6,45,105
Lee,304,U.S. Senate,,Beto O'Rourke,DEM,12,5,18,35
Lee,304,U.S. Senate,,Neal M. Dikeman,LIB,0,0,0,0
Lee,304,U.S. House,10,Michael T. McCaul,REP,57,6,47,110
Lee,304,U.S. House,10,Mike Siegel,DEM,10,5,15,30
Lee,304,U.S. House,10,Mike Ryan,LIB,0,0,1,1
Lee,304,Governor,,Greg Abbott,REP,56,7,51,114
Lee,304,Governor,,Lupe Valdez,DEM,11,4,12,27
Lee,304,Governor,,Mark Jay Tippetts,LIB,0,0,0,0
Lee,304,Lieutenant Governor,,Dan Patrick,REP,54,6,46,106
Lee,304,Lieutenant Governor,,Mike Collier,DEM,13,5,16,34
Lee,304,Lieutenant Governor,,K. Douglas McKennon,LIB,0,0,1,1
Lee,304,Attorney General,,Ken Paxton,REP,52,6,45,103
Lee,304,Attorney General,,Justin Nelson,DEM,13,5,17,35
Lee,304,Attorney General,,Michael Ray Harris,LIB,0,0,1,1
Lee,304,Comptroller of Public Accounts,,Glenn Hegar,REP,56,7,48,111
Lee,304,Comptroller of Public Accounts,,Joi Chevalier,DEM,10,4,13,27
Lee,304,Comptroller of Public Accounts,,Ben Sanders,LIB,0,0,2,2
Lee,304,Commissioner of the General Land Office,,George P. Bush,REP,55,6,50,111
Lee,304,Commissioner of the General Land Office,,Miguel Suazo,DEM,9,4,12,25
Lee,304,Commissioner of the General Land Office,,Matt Pina,LIB,1,1,1,3
Lee,304,Commissioner of Agriculture,,Sid Miller,REP,51,6,43,100
Lee,304,Commissioner of Agriculture,,Kim Olson,DEM,12,5,20,37
Lee,304,Commissioner of Agriculture,,Richard Carpenter,LIB,1,0,1,2
Lee,304,Railroad Commissioner,,Christi Craddick,REP,48,6,44,98
Lee,304,Railroad Commissioner,,Roman McAllen,DEM,12,5,16,33
Lee,304,Railroad Commissioner,,Mike Wright,LIB,4,0,1,5
Lee,304,"Justice, Supreme Court P2",,Jimmy Blacklock,REP,53,6,43,102
Lee,304,"Justice, Supreme Court P2",,Steven Kirkland,DEM,11,4,17,32
Lee,304,"Justice, Supreme Court P4",,John Devine,REP,52,6,44,102
Lee,304,"Justice, Supreme Court P4",,R.K. Sandill,DEM,12,5,16,33
Lee,304,"Justice, Supreme Court P6",,Jeff Brown,REP,53,6,46,105
Lee,304,"Justice, Supreme Court P6",,Kathy Cheng,DEM,12,4,15,31
Lee,304,Presiding Criminal Appeals,,Sharon Keller,REP,54,6,45,105
Lee,304,Presiding Criminal Appeals,,Maria T. Jackson,DEM,10,4,15,29
Lee,304,Presiding Criminal Appeals,,William Strange III,LIB,1,0,1,2
Lee,304,"Judge, Court of Criminal Appeals P7",,B. Parker Hervey,REP,54,6,45,105
Lee,304,"Judge, Court of Criminal Appeals P7",,Ramona Franklin,DEM,10,4,15,29
Lee,304,"Judge, Court of Criminal Appeals P8",,Michelle Slaughter,REP,56,6,47,109
Lee,304,"Judge, Court of Criminal Appeals P8",,Mark Ash,LIB,5,0,6,11
Lee,304,State Representative,17,John P. Cyrier,REP,54,6,48,108
Lee,304,State Representative,17,Michelle Ryan,DEM,11,5,16,32
Lee,304,Justice Court of Appeals D3 P2,,C. Olson Bourland,REP,54,6,46,106
Lee,304,Justice Court of Appeals D3 P2,,Edward Smith,DEM,10,4,15,29
Lee,304,Justice Court of Appeals D3 P3,,Scott Field,REP,53,6,46,105
Lee,304,Justice Court of Appeals D3 P3,,Chari Kelly,DEM,12,4,16,32
Lee,304,Justice Court of Appeals D3 P5,,David Puryear,REP,54,6,43,103
Lee,304,Justice Court of Appeals D3 P5,,Thomas J. Baker,DEM,11,4,17,32
Lee,304,Justice Court of Appeals D3 P6,,Gisela D. Triana,DEM,13,4,16,33
Lee,304,Justice Court of Appeals D3 P6,,Kerry O'Brien,NP,0,0,0,0
Lee,304,Justice Court of Appeals D3 P6,,Write-in 30,NP,0,0,0,0
Lee,304,County Judge,,Paul E Fischer,REP,57,7,52,116
Lee,304,District Clerk,,Lisa Teinert,REP,58,6,50,114
Lee,304,County Clerk,,Sharon Blasig,REP,56,6,49,111
Lee,304,County Treasurer,,Melinda Krause,REP,56,6,51,113
Lee,304,Justice Peace P3,,Don Milburn,REP,56,6,49,111
Lee,304,Constable P3 Unexp,,Farah Ramsey,REP,56,6,50,112
Lee,401,Straight Party,,Republican,REP,91,18,96,205
Lee,401,Straight Party,,Democratic,DEM,16,12,54,82
Lee,401,Straight Party,,Libertarian,LIB,0,0,0,0
Lee,401,U.S. Senate,,Ted Cruz,REP,128,21,143,292
Lee,401,U.S. Senate,,Beto O'Rourke,DEM,25,15,71,111
Lee,401,U.S. Senate,,Neal M. Dikeman,LIB,0,0,1,1
Lee,401,U.S. House,10,Michael T. McCaul,REP,122,21,148,291
Lee,401,U.S. House,10,Mike Siegel,DEM,26,14,63,103
Lee,401,U.S. House,10,Mike Ryan,LIB,2,0,2,4
Lee,401,Governor,,Greg Abbott,REP,128,20,152,300
Lee,401,Governor,,Lupe Valdez,DEM,23,15,63,101
Lee,401,Governor,,Mark Jay Tippetts,LIB,0,0,2,2
Lee,401,Lieutenant Governor,,Dan Patrick,REP,121,20,145,286
Lee,401,Lieutenant Governor,,Mike Collier,DEM,29,15,71,115
Lee,401,Lieutenant Governor,,K. Douglas McKennon,LIB,1,0,1,2
Lee,401,Attorney General,,Ken Paxton,REP,122,20,141,283
Lee,401,Attorney General,,Justin Nelson,DEM,28,14,71,113
Lee,401,Attorney General,,Michael Ray Harris,LIB,0,0,4,4
Lee,401,Comptroller of Public Accounts,,Glenn Hegar,REP,122,20,146,288
Lee,401,Comptroller of Public Accounts,,Joi Chevalier,DEM,25,15,59,99
Lee,401,Comptroller of Public Accounts,,Ben Sanders,LIB,1,0,6,7
Lee,401,Commissioner of the General Land Office,,George P. Bush,REP,124,20,146,290
Lee,401,Commissioner of the General Land Office,,Miguel Suazo,DEM,25,15,63,103
Lee,401,Commissioner of the General Land Office,,Matt Pina,LIB,2,0,2,4
Lee,401,Commissioner of Agriculture,,Sid Miller,REP,121,20,144,285
Lee,401,Commissioner of Agriculture,,Kim Olson,DEM,28,15,67,110
Lee,401,Commissioner of Agriculture,,Richard Carpenter,LIB,0,0,2,2
Lee,401,Railroad Commissioner,,Christi Craddick,REP,121,21,140,282
Lee,401,Railroad Commissioner,,Roman McAllen,DEM,26,14,63,103
Lee,401,Railroad Commissioner,,Mike Wright,LIB,1,0,7,8
Lee,401,"Justice, Supreme Court P2",,Jimmy Blacklock,REP,120,19,143,282
Lee,401,"Justice, Supreme Court P2",,Steven Kirkland,DEM,26,15,67,108
Lee,401,"Justice, Supreme Court P4",,John Devine,REP,121,20,145,286
Lee,401,"Justice, Supreme Court P4",,R.K. Sandill,DEM,25,14,64,103
Lee,401,"Justice, Supreme Court P6",,Jeff Brown,REP,121,19,148,288
Lee,401,"Justice, Supreme Court P6",,Kathy Cheng,DEM,25,16,62,103
Lee,401,Presiding Criminal Appeals,,Sharon Keller,REP,119,20,143,282
Lee,401,Presiding Criminal Appeals,,Maria T. Jackson,DEM,26,15,64,105
Lee,401,Presiding Criminal Appeals,,William Strange III,LIB,0,0,3,3
Lee,401,"Judge, Court of Criminal Appeals P7",,B. Parker Hervey,REP,120,20,145,285
Lee,401,"Judge, Court of Criminal Appeals P7",,Ramona Franklin,DEM,25,15,64,104
Lee,401,"Judge, Court of Criminal Appeals P8",,Michelle Slaughter,REP,124,20,151,295
Lee,401,"Judge, Court of Criminal Appeals P8",,Mark Ash,LIB,7,3,18,28
Lee,401,State Representative,17,John P. Cyrier,REP,124,19,141,284
Lee,401,State Representative,17,Michelle Ryan,DEM,25,15,69,109
Lee,401,Justice Court of Appeals D3 P2,,C. Olson Bourland,REP,122,20,143,285
Lee,401,Justice Court of Appeals D3 P2,,Edward Smith,DEM,25,15,64,104
Lee,401,Justice Court of Appeals D3 P3,,Scott Field,REP,121,21,140,282
Lee,401,Justice Court of Appeals D3 P3,,Chari Kelly,DEM,24,15,66,105
Lee,401,Justice Court of Appeals D3 P5,,David Puryear,REP,122,22,142,286
Lee,401,Justice Court of Appeals D3 P5,,Thomas J. Baker,DEM,25,14,65,104
Lee,401,Justice Court of Appeals D3 P6,,Gisela D. Triana,DEM,24,16,64,104
Lee,401,Justice Court of Appeals D3 P6,,Kerry O'Brien,NP,0,0,0,0
Lee,401,Justice Court of Appeals D3 P6,,Write-in 30,NP,0,0,0,0
Lee,401,County Judge,,Paul E Fischer,REP,136,20,176,332
Lee,401,District Clerk,,Lisa Teinert,REP,137,21,167,325
Lee,401,County Clerk,,Sharon Blasig,REP,137,22,170,329
Lee,401,County Treasurer,,Melinda Krause,REP,136,22,166,324
Lee,401,County Commissioner Pct 4,,Steven W. Knobloch,REP,138,22,176,336
Lee,401,Justice Peace P4,,Danita Smith,REP,132,21,174,327
Lee,402,Straight Party,,Republican,REP,12,0,18,30
Lee,402,Straight Party,,Democratic,DEM,4,5,10,19
Lee,402,Straight Party,,Libertarian,LIB,0,0,0,0
Lee,402,U.S. Senate,,Ted Cruz,REP,15,2,29,46
Lee,402,U.S. Senate,,Beto O'Rourke,DEM,10,9,16,35
Lee,402,U.S. Senate,,Neal M. Dikeman,LIB,0,0,0,0
Lee,402,U.S. House,10,Michael T. McCaul,REP,16,2,26,44
Lee,402,U.S. House,10,Mike Siegel,DEM,8,9,15,32
Lee,402,U.S. House,10,Mike Ryan,LIB,1,0,1,2
Lee,402,Governor,,Greg Abbott,REP,16,4,31,51
Lee,402,Governor,,Lupe Valdez,DEM,9,7,14,30
Lee,402,Governor,,Mark Jay Tippetts,LIB,0,0,0,0
Lee,402,Lieutenant Governor,,Dan Patrick,REP,16,2,27,45
Lee,402,Lieutenant Governor,,Mike Collier,DEM,8,9,14,31
Lee,402,Lieutenant Governor,,K. Douglas McKennon,LIB,1,0,2,3
Lee,402,Attorney General,,Ken Paxton,REP,15,2,26,43
Lee,402,Attorney General,,Justin Nelson,DEM,9,9,17,35
Lee,402,Attorney General,,Michael Ray Harris,LIB,0,0,1,1
Lee,402,Comptroller of Public Accounts,,Glenn Hegar,REP,16,2,28,46
Lee,402,Comptroller of Public Accounts,,Joi Chevalier,DEM,9,9,13,31
Lee,402,Comptroller of Public Accounts,,Ben Sanders,LIB,0,0,1,1
Lee,402,Commissioner of the General Land Office,,George P. Bush,REP,16,2,29,47
Lee,402,Commissioner of the General Land Office,,Miguel Suazo,DEM,9,9,12,30
Lee,402,Commissioner of the General Land Office,,Matt Pina,LIB,0,0,1,1
Lee,402,Commissioner of Agriculture,,Sid Miller,REP,15,2,27,44
Lee,402,Commissioner of Agriculture,,Kim Olson,DEM,10,9,16,35
Lee,402,Commissioner of Agriculture,,Richard Carpenter,LIB,0,0,1,1
Lee,402,Railroad Commissioner,,Christi Craddick,REP,16,2,28,46
Lee,402,Railroad Commissioner,,Roman McAllen,DEM,9,9,14,32
Lee,402,Railroad Commissioner,,Mike Wright,LIB,0,0,0,0
Lee,402,"Justice, Supreme Court P2",,Jimmy Blacklock,REP,17,2,27,46
Lee,402,"Justice, Supreme Court P2",,Steven Kirkland,DEM,8,9,16,33
Lee,402,"Justice, Supreme Court P4",,John Devine,REP,16,2,27,45
Lee,402,"Justice, Supreme Court P4",,R.K. Sandill,DEM,9,9,15,33
Lee,402,"Justice, Supreme Court P6",,Jeff Brown,REP,16,2,26,44
Lee,402,"Justice, Supreme Court P6",,Kathy Cheng,DEM,9,9,16,34
Lee,402,Presiding Criminal Appeals,,Sharon Keller,REP,16,2,26,44
Lee,402,Presiding Criminal Appeals,,Maria T. Jackson,DEM,9,9,15,33
Lee,402,Presiding Criminal Appeals,,William Strange III,LIB,0,0,1,1
Lee,402,"Judge, Court of Criminal Appeals P7",,B. Parker Hervey,REP,16,2,27,45
Lee,402,"Judge, Court of Criminal Appeals P7",,Ramona Franklin,DEM,9,9,15,33
Lee,402,"Judge, Court of Criminal Appeals P8",,Michelle Slaughter,REP,15,3,29,47
Lee,402,"Judge, Court of Criminal Appeals P8",,Mark Ash,LIB,5,3,5,13
Lee,402,State Representative,17,John P. Cyrier,REP,17,2,27,46
Lee,402,State Representative,17,Michelle Ryan,DEM,9,9,16,34
Lee,402,Justice Court of Appeals D3 P2,,C. Olson Bourland,REP,16,2,28,46
Lee,402,Justice Court of Appeals D3 P2,,Edward Smith,DEM,9,9,15,33
Lee,402,Justice Court of Appeals D3 P3,,Scott Field,REP,15,2,26,43
Lee,402,Justice Court of Appeals D3 P3,,Chari Kelly,DEM,10,9,16,35
Lee,402,Justice Court of Appeals D3 P5,,David Puryear,REP,16,1,26,43
Lee,402,Justice Court of Appeals D3 P5,,Thomas J. Baker,DEM,10,9,16,35
Lee,402,Justice Court of Appeals D3 P6,,Gisela D. Triana,DEM,9,9,16,34
Lee,402,Justice Court of Appeals D3 P6,,Kerry O'Brien,NP,0,0,0,0
Lee,402,Justice Court of Appeals D3 P6,,Write-in 30,NP,0,0,0,0
Lee,402,County Judge,,Paul E Fischer,REP,16,6,35,57
Lee,402,District Clerk,,Lisa Teinert,REP,16,5,35,56
Lee,402,County Clerk,,Sharon Blasig,REP,16,6,36,58
Lee,402,County Treasurer,,Melinda Krause,REP,16,5,36,57
Lee,402,County Commissioner Pct 4,,Steven W. Knobloch,REP,17,6,36,59
Lee,402,Justice Peace P4,,Danita Smith,REP,17,5,37,59
Lee,403,Straight Party,,Republican,REP,39,2,53,94
Lee,403,Straight Party,,Democratic,DEM,8,8,10,26
Lee,403,Straight Party,,Libertarian,LIB,0,0,0,0
Lee,403,U.S. Senate,,Ted Cruz,REP,49,2,85,136
Lee,403,U.S. Senate,,Beto O'Rourke,DEM,13,9,14,36
Lee,403,U.S. Senate,,Neal M. Dikeman,LIB,0,0,0,0
Lee,403,U.S. House,10,Michael T. McCaul,REP,50,2,84,136
Lee,403,U.S. House,10,Mike Siegel,DEM,12,9,12,33
Lee,403,U.S. House,10,Mike Ryan,LIB,0,0,0,0
Lee,403,Governor,,Greg Abbott,REP,50,2,86,138
Lee,403,Governor,,Lupe Valdez,DEM,12,9,13,34
Lee,403,Governor,,Mark Jay Tippetts,LIB,0,0,1,1
Lee,403,Lieutenant Governor,,Dan Patrick,REP,49,2,81,132
Lee,403,Lieutenant Governor,,Mike Collier,DEM,10,9,16,35
Lee,403,Lieutenant Governor,,K. Douglas McKennon,LIB,2,0,0,2
Lee,403,Attorney General,,Ken Paxton,REP,49,2,80,131
Lee,403,Attorney General,,Justin Nelson,DEM,12,9,17,38
Lee,403,Attorney General,,Michael Ray Harris,LIB,1,0,1,2
Lee,403,Comptroller of Public Accounts,,Glenn Hegar,REP,49,2,82,133
Lee,403,Comptroller of Public Accounts,,Joi Chevalier,DEM,11,9,14,34
Lee,403,Comptroller of Public Accounts,,Ben Sanders,LIB,1,0,2,3
Lee,403,Commissioner of the General Land Office,,George P. Bush,REP,50,2,84,136
Lee,403,Commissioner of the General Land Office,,Miguel Suazo,DEM,11,9,12,32
Lee,403,Commissioner of the General Land Office,,Matt Pina,LIB,0,0,2,2
Lee,403,Commissioner of Agriculture,,Sid Miller,REP,50,2,79,131
Lee,403,Commissioner of Agriculture,,Kim Olson,DEM,11,9,16,36
Lee,403,Commissioner of Agriculture,,Richard Carpenter,LIB,1,0,1,2
Lee,403,Railroad Commissioner,,Christi Craddick,REP,50,2,80,132
Lee,403,Railroad Commissioner,,Roman McAllen,DEM,11,9,16,36
Lee,403,Railroad Commissioner,,Mike Wright,LIB,2,0,1,3
Lee,403,"Justice, Supreme Court P2",,Jimmy Blacklock,REP,51,2,79,132
Lee,403,"Justice, Supreme Court P2",,Steven Kirkland,DEM,10,9,17,36
Lee,403,"Justice, Supreme Court P4",,John Devine,REP,50,2,82,134
Lee,403,"Justice, Supreme Court P4",,R.K. Sandill,DEM,12,9,14,35
Lee,403,"Justice, Supreme Court P6",,Jeff Brown,REP,51,2,84,137
Lee,403,"Justice, Supreme Court P6",,Kathy Cheng,DEM,9,9,12,30
Lee,403,Presiding Criminal Appeals,,Sharon Keller,REP,50,2,83,135
Lee,403,Presiding Criminal Appeals,,Maria T. Jackson,DEM,10,9,13,32
Lee,403,Presiding Criminal Appeals,,William Strange III,LIB,2,0,0,2
Lee,403,"Judge, Court of Criminal Appeals P7",,B. Parker Hervey,REP,50,2,82,134
Lee,403,"Judge, Court of Criminal Appeals P7",,Ramona Franklin,DEM,10,9,14,33
Lee,403,"Judge, Court of Criminal Appeals P8",,Michelle Slaughter,REP,51,2,83,136
Lee,403,"Judge, Court of Criminal Appeals P8",,Mark Ash,LIB,3,1,4,8
Lee,403,State Representative,17,John P. Cyrier,REP,50,3,83,136
Lee,403,State Representative,17,Michelle Ryan,DEM,13,8,13,34
Lee,403,Justice Court of Appeals D3 P2,,C. Olson Bourland,REP,50,2,80,132
Lee,403,Justice Court of Appeals D3 P2,,Edward Smith,DEM,11,9,16,36
Lee,403,Justice Court of Appeals D3 P3,,Scott Field,REP,50,2,84,136
Lee,403,Justice Court of Appeals D3 P3,,Chari Kelly,DEM,11,9,12,32
Lee,403,Justice Court of Appeals D3 P5,,David Puryear,REP,52,2,80,134
Lee,403,Justice Court of Appeals D3 P5,,Thomas J. Baker,DEM,10,9,15,34
Lee,403,Justice Court of Appeals D3 P6,,Gisela D. Triana,DEM,12,9,13,34
Lee,403,Justice Court of Appeals D3 P6,,Kerry O'Brien,NP,0,0,0,0
Lee,403,Justice Court of Appeals D3 P6,,Write-in 30,NP,0,0,0,0
Lee,403,County Judge,,Paul E Fischer,REP,56,3,89,148
Lee,403,District Clerk,,Lisa Teinert,REP,55,3,85,143
Lee,403,County Clerk,,Sharon Blasig,REP,55,3,84,142
Lee,403,County Treasurer,,Melinda Krause,REP,54,3,87,144
Lee,403,County Commissioner Pct 4,,Steven W. Knobloch,REP,56,3,88,147
Lee,403,Justice Peace P4,,Danita Smith,REP,55,3,88,146
Lee,404,Straight Party,,Republican,REP,90,9,77,176
Lee,404,Straight Party,,Democratic,DEM,43,3,40,86
Lee,404,Straight Party,,Libertarian,LIB,0,0,1,1
Lee,404,U.S. Senate,,Ted Cruz,REP,155,16,117,288
Lee,404,U.S. Senate,,Beto O'Rourke,DEM,60,9,63,132
Lee,404,U.S. Senate,,Neal M. Dikeman,LIB,0,0,4,4
Lee,404,U.S. House,10,Michael T. McCaul,REP,153,14,123,290
Lee,404,U.S. House,10,Mike Siegel,DEM,58,10,54,122
Lee,404,U.S. House,10,Mike Ryan,LIB,1,0,5,6
Lee,404,Governor,,Greg Abbott,REP,162,15,126,303
Lee,404,Governor,,Lupe Valdez,DEM,52,10,56,118
Lee,404,Governor,,Mark Jay Tippetts,LIB,0,0,1,1
Lee,404,Lieutenant Governor,,Dan Patrick,REP,145,15,116,276
Lee,404,Lieutenant Governor,,Mike Collier,DEM,67,10,62,139
Lee,404,Lieutenant Governor,,K. Douglas McKennon,LIB,1,0,4,5
Lee,404,Attorney General,,Ken Paxton,REP,154,12,113,279
Lee,404,Attorney General,,Justin Nelson,DEM,57,11,60,128
Lee,404,Attorney General,,Michael Ray Harris,LIB,2,1,10,13
Lee,404,Comptroller of Public Accounts,,Glenn Hegar,REP,150,14,118,282
Lee,404,Comptroller of Public Accounts,,Joi Chevalier,DEM,56,8,57,121
Lee,404,Comptroller of Public Accounts,,Ben Sanders,LIB,4,1,8,13
Lee,404,Commissioner of the General Land Office,,George P. Bush,REP,155,12,116,283
Lee,404,Commissioner of the General Land Office,,Miguel Suazo,DEM,54,12,56,122
Lee,404,Commissioner of the General Land Office,,Matt Pina,LIB,3,0,11,14
Lee,404,Commissioner of Agriculture,,Sid Miller,REP,151,13,118,282
Lee,404,Commissioner of Agriculture,,Kim Olson,DEM,61,10,57,128
Lee,404,Commissioner of Agriculture,,Richard Carpenter,LIB,0,1,5,6
Lee,404,Railroad Commissioner,,Christi Craddick,REP,150,14,116,280
Lee,404,Railroad Commissioner,,Roman McAllen,DEM,59,8,61,128
Lee,404,Railroad Commissioner,,Mike Wright,LIB,4,1,5,10
Lee,404,"Justice, Supreme Court P2",,Jimmy Blacklock,REP,152,14,122,288
Lee,404,"Justice, Supreme Court P2",,Steven Kirkland,DEM,59,9,58,126
Lee,404,"Justice, Supreme Court P4",,John Devine,REP,154,15,123,292
Lee,404,"Justice, Supreme Court P4",,R.K. Sandill,DEM,57,8,57,122
Lee,404,"Justice, Supreme Court P6",,Jeff Brown,REP,156,12,120,288
Lee,404,"Justice, Supreme Court P6",,Kathy Cheng,DEM,54,11,60,125
Lee,404,Presiding Criminal Appeals,,Sharon Keller,REP,151,13,119,283
Lee,404,Presiding Criminal Appeals,,Maria T. Jackson,DEM,56,10,59,125
Lee,404,Presiding Criminal Appeals,,William Strange III,LIB,3,0,3,6
Lee,404,"Judge, Court of Criminal Appeals P7",,B. Parker Hervey,REP,153,14,120,287
Lee,404,"Judge, Court of Criminal Appeals P7",,Ramona Franklin,DEM,54,9,59,122
Lee,404,"Judge, Court of Criminal Appeals P8",,Michelle Slaughter,REP,160,17,131,308
Lee,404,"Judge, Court of Criminal Appeals P8",,Mark Ash,LIB,18,1,22,41
Lee,404,State Representative,17,John P. Cyrier,REP,157,12,123,292
Lee,404,State Representative,17,Michelle Ryan,DEM,56,9,59,124
Lee,404,Justice Court of Appeals D3 P2,,C. Olson Bourland,REP,153,12,123,288
Lee,404,Justice Court of Appeals D3 P2,,Edward Smith,DEM,58,9,58,125
Lee,404,Justice Court of Appeals D3 P3,,Scott Field,REP,153,12,122,287
Lee,404,Justice Court of Appeals D3 P3,,Chari Kelly,DEM,58,11,58,127
Lee,404,Justice Court of Appeals D3 P5,,David Puryear,REP,149,12,121,282
Lee,404,Justice Court of Appeals D3 P5,,Thomas J. Baker,DEM,61,9,60,130
Lee,404,Justice Court of Appeals D3 P6,,Gisela D. Triana,DEM,59,9,60,128
Lee,404,Justice Court of Appeals D3 P6,,Kerry O'Brien,NP,0,0,0,0
Lee,404,Justice Court of Appeals D3 P6,,Write-in 30,NP,0,0,0,0
Lee,404,County Judge,,Paul E Fischer,REP,179,18,149,346
Lee,404,District Clerk,,Lisa Teinert,REP,177,18,144,339
Lee,404,County Clerk,,Sharon Blasig,REP,176,18,142,336
Lee,404,County Treasurer,,Melinda Krause,REP,172,18,144,334
Lee,404,County Commissioner Pct 4,,Steven W. Knobloch,REP,174,18,144,336
Lee,404,Justice Peace P2,,Michael York,REP,177,17,143,337
Lee,405,Straight Party,,Republican,REP,88,23,57,168
Lee,405,Straight Party,,Democratic,DEM,8,2,15,25
Lee,405,Straight Party,,Libertarian,LIB,0,0,0,0
Lee,405,U.S. Senate,,Ted Cruz,REP,132,26,99,257
Lee,405,U.S. Senate,,Beto O'Rourke,DEM,25,4,32,61
Lee,405,U.S. Senate,,Neal M. Dikeman,LIB,1,0,1,2
Lee,405,U.S. House,17,Bill Flores,REP,133,25,96,254
Lee,405,U.S. House,17,Rick Kennedy,DEM,23,2,29,54
Lee,405,U.S. House,17,Peter Churchman,LIB,1,0,4,5
Lee,405,Governor,,Greg Abbott,REP,135,26,101,262
Lee,405,Governor,,Lupe Valdez,DEM,21,4,27,52
Lee,405,Governor,,Mark Jay Tippetts,LIB,2,0,3,5
Lee,405,Lieutenant Governor,,Dan Patrick,REP,127,26,94,247
Lee,405,Lieutenant Governor,,Mike Collier,DEM,29,4,27,60
Lee,405,Lieutenant Governor,,K. Douglas McKennon,LIB,1,0,8,9
Lee,405,Attorney General,,Ken Paxton,REP,130,26,93,249
Lee,405,Attorney General,,Justin Nelson,DEM,25,4,32,61
Lee,405,Attorney General,,Michael Ray Harris,LIB,1,0,5,6
Lee,405,Comptroller of Public Accounts,,Glenn Hegar,REP,133,26,93,252
Lee,405,Comptroller of Public Accounts,,Joi Chevalier,DEM,21,4,27,52
Lee,405,Comptroller of Public Accounts,,Ben Sanders,LIB,2,0,8,10
Lee,405,Commissioner of the General Land Office,,George P. Bush,REP,138,27,96,261
Lee,405,Commissioner of the General Land Office,,Miguel Suazo,DEM,17,3,26,46
Lee,405,Commissioner of the General Land Office,,Matt Pina,LIB,2,0,7,9
Lee,405,Commissioner of Agriculture,,Sid Miller,REP,127,25,89,241
Lee,405,Commissioner of Agriculture,,Kim Olson,DEM,24,5,34,63
Lee,405,Commissioner of Agriculture,,Richard Carpenter,LIB,3,0,5,8
Lee,405,Railroad Commissioner,,Christi Craddick,REP,134,26,93,253
Lee,405,Railroad Commissioner,,Roman McAllen,DEM,18,4,25,47
Lee,405,Railroad Commissioner,,Mike Wright,LIB,3,0,10,13
Lee,405,"Justice, Supreme Court P2",,Jimmy Blacklock,REP,133,26,98,257
Lee,405,"Justice, Supreme Court P2",,Steven Kirkland,DEM,23,4,29,56
Lee,405,"Justice, Supreme Court P4",,John Devine,REP,133,26,97,256
Lee,405,"Justice, Supreme Court P4",,R.K. Sandill,DEM,22,4,29,55
Lee,405,"Justice, Supreme Court P6",,Jeff Brown,REP,134,26,94,254
Lee,405,"Justice, Supreme Court P6",,Kathy Cheng,DEM,22,4,32,58
Lee,405,Presiding Criminal Appeals,,Sharon Keller,REP,134,26,93,253
Lee,405,Presiding Criminal Appeals,,Maria T. Jackson,DEM,20,4,28,52
Lee,405,Presiding Criminal Appeals,,William Strange III,LIB,2,0,6,8
Lee,405,"Judge, Court of Criminal Appeals P7",,B. Parker Hervey,REP,135,26,99,260
Lee,405,"Judge, Court of Criminal Appeals P7",,Ramona Franklin,DEM,20,4,28,52
Lee,405,"Judge, Court of Criminal Appeals P8",,Michelle Slaughter,REP,136,27,100,263
Lee,405,"Judge, Court of Criminal Appeals P8",,Mark Ash,LIB,16,1,13,30
Lee,405,State Representative,17,John P. Cyrier,REP,132,23,99,254
Lee,405,State Representative,17,Michelle Ryan,DEM,23,3,30,56
Lee,405,Justice Court of Appeals D3 P2,,C. Olson Bourland,REP,134,25,99,258
Lee,405,Justice Court of Appeals D3 P2,,Edward Smith,DEM,21,2,27,50
Lee,405,Justice Court of Appeals D3 P3,,Scott Field,REP,134,25,96,255
Lee,405,Justice Court of Appeals D3 P3,,Chari Kelly,DEM,21,2,30,53
Lee,405,Justice Court of Appeals D3 P5,,David Puryear,REP,134,25,98,257
Lee,405,Justice Court of Appeals D3 P5,,Thomas J. Baker,DEM,22,2,28,52
Lee,405,Justice Court of Appeals D3 P6,,Gisela D. Triana,DEM,22,2,32,56
Lee,405,Justice Court of Appeals D3 P6,,Kerry O'Brien,NP,0,0,0,0
Lee,405,Justice Court of Appeals D3 P6,,Write-in 30,NP,0,0,0,0
Lee,405,County Judge,,Paul E Fischer,REP,143,4,108,255
Lee,405,District Clerk,,Lisa Teinert,REP,141,4,108,253
Lee,405,County Clerk,,Sharon Blasig,REP,142,4,108,254
Lee,405,County Treasurer,,Melinda Krause,REP,139,4,111,254
Lee,405,County Commissioner Pct 4,,Steven W. Knobloch,REP,142,4,106,252
Lee,405,Justice Peace P3,,Don Milburn,REP,140,4,109,253
Lee,405,Constable P3 Unexp,,Farah Ramsey,REP,139,4,108,251
