county,precinct,office,district,party,candidate,votes,early_voting,election_day,absentee
Wise,1,U.S. Senate,,REP,JOHN CORNYN,154,86,68,0
Wise,1,U.S. Senate,,REP,Over Votes,0,0,0,0
Wise,1,U.S. Senate,,REP,Under Votes,21,12,9,0
Wise,1,U.S. Senate,,REP,REID REASOR,6,4,2,0
Wise,1,U.S. Senate,,REP,STEVE STOCKMAN,56,28,28,0
Wise,1,U.S. Senate,,REP,CURT CLEAVER,2,1,1,0
Wise,1,U.S. Senate,,REP,LINDA VEGA,13,6,7,0
Wise,1,U.S. Senate,,REP,KEN COPE,3,0,3,0
Wise,1,U.S. Senate,,REP,DWAYNE STOVALL,32,19,13,0
Wise,1,U.S. Senate,,REP,CHRIS MAPP,3,1,2,0
Wise,1,"U.S. REPRESENTATIVE, DISTRICT 13",,REP,ELAINE HAYS,53,35,18,0
Wise,1,"U.S. REPRESENTATIVE, DISTRICT 13",,REP,Over Votes,0,0,0,0
Wise,1,"U.S. REPRESENTATIVE, DISTRICT 13",,REP,Under Votes,45,26,19,0
Wise,1,"U.S. REPRESENTATIVE, DISTRICT 13",,REP,PAM BARLOW,73,28,45,0
Wise,1,"U.S. REPRESENTATIVE, DISTRICT 13",,REP,MAC THORNBERRY,119,68,51,0
Wise,1,GOVERNOR,,REP,MIRIAM MARTINEZ,10,7,3,0
Wise,1,GOVERNOR,,REP,Over Votes,0,0,0,0
Wise,1,GOVERNOR,,REP,Under Votes,20,10,10,0
Wise,1,GOVERNOR,,REP,GREG ABBOTT,241,131,110,0
Wise,1,GOVERNOR,,REP,LISA FRITSCH,14,6,8,0
Wise,1,GOVERNOR,,REP,SECEDE KILGORE,5,3,2,0
Wise,1,Lieutenant Governor,,REP,DAN PATRICK,131,66,65,0
Wise,1,Lieutenant Governor,,REP,Over Votes,1,1,0,0
Wise,1,Lieutenant Governor,,REP,Under Votes,20,10,10,0
Wise,1,Lieutenant Governor,,REP,JERRY PATTERSON,20,10,10,0
Wise,1,Lieutenant Governor,,REP,TODD STAPLES,62,36,26,0
Wise,1,Lieutenant Governor,,REP,DAVID DEWHURST,56,34,22,0
Wise,1,Attorney General,,REP,DAN BRANCH,102,65,37,0
Wise,1,Attorney General,,REP,Over Votes,0,0,0,0
Wise,1,Attorney General,,REP,Under Votes,31,17,14,0
Wise,1,Attorney General,,REP,KEN PAXTON,130,60,70,0
Wise,1,Attorney General,,REP,BARRY SMITHERMAN,27,15,12,0
Wise,1,Comptroller	of Public Accounts,,REP,RAUL TORRES,22,12,10,0
Wise,1,Comptroller	of Public Accounts,,REP,Over Votes,0,0,0,0
Wise,1,Comptroller	of Public Accounts,,REP,Under Votes,53,27,26,0
Wise,1,Comptroller	of Public Accounts,,REP,GLEN HEGAR,120,63,57,0
Wise,1,Comptroller	of Public Accounts,,REP,HARVEY HILDERBRAN,39,23,16,0
Wise,1,Comptroller	of Public Accounts,,REP,DEBRA MEDINA,56,32,24,0
Wise,1,COMMISSIONER OF THE GENERAL LAND OFFICE,,REP,DAVID WATTS,102,45,57,0
Wise,1,COMMISSIONER OF THE GENERAL LAND OFFICE,,REP,Over Votes,0,0,0,0
Wise,1,COMMISSIONER OF THE GENERAL LAND OFFICE,,REP,Under Votes,30,16,14,0
Wise,1,COMMISSIONER OF THE GENERAL LAND OFFICE,,REP,GEORGE P. BUSH,158,96,62,0
Wise,1,Commissioner of Agriculture,,REP,J. ALLEN CARNES,36,25,11,0
Wise,1,Commissioner of Agriculture,,REP,Over Votes,0,0,0,0
Wise,1,Commissioner of Agriculture,,REP,Under Votes,43,24,19,0
Wise,1,Commissioner of Agriculture,,REP,TOMMY MERRITT,38,22,16,0
Wise,1,Commissioner of Agriculture,,REP,SID MILLER,95,47,48,0
Wise,1,Commissioner of Agriculture,,REP,ERIC OPIELA,50,25,25,0
Wise,1,Commissioner of Agriculture,,REP,JOE COTTEN,28,14,14,0
Wise,1,Railroad Commissioner,,REP,WAYNE CHRISTIAN,119,61,58,0
Wise,1,Railroad Commissioner,,REP,Over Votes,0,0,0,0
Wise,1,Railroad Commissioner,,REP,Under Votes,50,28,22,0
Wise,1,Railroad Commissioner,,REP,RYAN SITTON,62,40,22,0
Wise,1,Railroad Commissioner,,REP,MALACHI BOYULS,18,10,8,0
Wise,1,Railroad Commissioner,,REP,BECKY BERGER,41,18,23,0
Wise,1,"CHIEF JUSTICE, SUPREME COURT",,REP,NATHAN HECHT,156,77,79,0
Wise,1,"CHIEF JUSTICE, SUPREME COURT",,REP,Over Votes,0,0,0,0
Wise,1,"CHIEF JUSTICE, SUPREME COURT",,REP,Under Votes,59,35,24,0
Wise,1,"CHIEF JUSTICE, SUPREME COURT",,REP,ROBERT TALTON,75,45,30,0
Wise,1,"JUSTICE, SUPREME COURT, PLACE 6, UNEXPIRED TERM",,REP,JEFF BROWN,174,90,84,0
Wise,1,"JUSTICE, SUPREME COURT, PLACE 6, UNEXPIRED TERM",,REP,Over Votes,0,0,0,0
Wise,1,"JUSTICE, SUPREME COURT, PLACE 6, UNEXPIRED TERM",,REP,Under Votes,60,36,24,0
Wise,1,"JUSTICE, SUPREME COURT, PLACE 6, UNEXPIRED TERM",,REP,JOE POOL,56,31,25,0
Wise,1,"JUSTICE, SUPREME COURT, PLACE 7",,REP,JEFF BOYD,208,106,102,0
Wise,1,"JUSTICE, SUPREME COURT, PLACE 7",,REP,Over Votes,0,0,0,0
Wise,1,"JUSTICE, SUPREME COURT, PLACE 7",,REP,Under Votes,82,51,31,0
Wise,1,"JUSTICE, SUPREME COURT, PLACE 8",,REP,SHARON MCCALLY,84,47,37,0
Wise,1,"JUSTICE, SUPREME COURT, PLACE 8",,REP,Over Votes,0,0,0,0
Wise,1,"JUSTICE, SUPREME COURT, PLACE 8",,REP,Under Votes,60,36,24,0
Wise,1,"JUSTICE, SUPREME COURT, PLACE 8",,REP,PHIL JOHNSON,146,74,72,0
Wise,1,"JUDGE, COURT OF CRIMINAL APPEALS, PLACE 3",,REP,BERT RICHARDSON,148,83,65,0
Wise,1,"JUDGE, COURT OF CRIMINAL APPEALS, PLACE 3",,REP,Over Votes,0,0,0,0
Wise,1,"JUDGE, COURT OF CRIMINAL APPEALS, PLACE 3",,REP,Under Votes,69,42,27,0
Wise,1,"JUDGE, COURT OF CRIMINAL APPEALS, PLACE 3",,REP,BARBARA WALTHER,73,32,41,0
Wise,1,"JUDGE, COURT OF CRIMINAL APPEALS, PLACE 4",,REP,JANI JO WOOD,49,29,20,0
Wise,1,"JUDGE, COURT OF CRIMINAL APPEALS, PLACE 4",,REP,Over Votes,0,0,0,0
Wise,1,"JUDGE, COURT OF CRIMINAL APPEALS, PLACE 4",,REP,Under Votes,76,47,29,0
Wise,1,"JUDGE, COURT OF CRIMINAL APPEALS, PLACE 4",,REP,RICHARD DEAN DAVIS,78,42,36,0
Wise,1,"JUDGE, COURT OF CRIMINAL APPEALS, PLACE 4",,REP,KEVIN PATRICK YEARY,87,39,48,0
Wise,1,"JUDGE, COURT OF CRIMINAL APPEALS, PLACE 9",,REP,"W.C. ""BUD"" KIRKENDALL",114,62,52,0
Wise,1,"JUDGE, COURT OF CRIMINAL APPEALS, PLACE 9",,REP,Over Votes,0,0,0,0
Wise,1,"JUDGE, COURT OF CRIMINAL APPEALS, PLACE 9",,REP,Under Votes,83,49,34,0
Wise,1,"JUDGE, COURT OF CRIMINAL APPEALS, PLACE 9",,REP,DAVID NEWELL,93,46,47,0
Wise,1,"STATE SENATOR, DISTRICT 30",,REP,CRAIG ESTES,219,117,102,0
Wise,1,"STATE SENATOR, DISTRICT 30",,REP,Over Votes,0,0,0,0
Wise,1,"STATE SENATOR, DISTRICT 30",,REP,Under Votes,71,40,31,0
Wise,1,"STATE REPRESENTATIVE, DISTRICT 61",,REP,PHIL KING,230,118,112,0
Wise,1,"STATE REPRESENTATIVE, DISTRICT 61",,REP,Over Votes,0,0,0,0
Wise,1,"STATE REPRESENTATIVE, DISTRICT 61",,REP,Under Votes,60,39,21,0
Wise,1,"JUSTICE, 2ND COURT OF APPEALS, PLACE 2",,REP,BILL MEIER,206,107,99,0
Wise,1,"JUSTICE, 2ND COURT OF APPEALS, PLACE 2",,REP,Over Votes,0,0,0,0
Wise,1,"JUSTICE, 2ND COURT OF APPEALS, PLACE 2",,REP,Under Votes,84,50,34,0
Wise,1,"JUSTICE, 2ND COURT OF APPEALS, PLACE 7",,REP,LEE GABRIEL,195,100,95,0
Wise,1,"JUSTICE, 2ND COURT OF APPEALS, PLACE 7",,REP,Over Votes,0,0,0,0
Wise,1,"JUSTICE, 2ND COURT OF APPEALS, PLACE 7",,REP,Under Votes,95,57,38,0
Wise,1,"DISTRICT JUDGE, 271ST JUDICIAL DISTRICT",,REP,JOHN H. FOSTEL,230,120,110,0
Wise,1,"DISTRICT JUDGE, 271ST JUDICIAL DISTRICT",,REP,Over Votes,0,0,0,0
Wise,1,"DISTRICT JUDGE, 271ST JUDICIAL DISTRICT",,REP,Under Votes,60,37,23,0
Wise,1,COUNTY JUDGE,,REP,KYLE E. STEPHENS,92,41,51,0
Wise,1,COUNTY JUDGE,,REP,Over Votes,1,1,0,0
Wise,1,COUNTY JUDGE,,REP,Under Votes,20,12,8,0
Wise,1,COUNTY JUDGE,,REP,J.D. CLARK,135,76,59,0
Wise,1,COUNTY JUDGE,,REP,KEITH MCCOMIS,42,27,15,0
Wise,1,"JUDGE,COUNTY COURT AT LAW NUMBER 1",,REP,MELTON D. CUDE,234,122,112,0
Wise,1,"JUDGE,COUNTY COURT AT LAW NUMBER 1",,REP,Over Votes,0,0,0,0
Wise,1,"JUDGE,COUNTY COURT AT LAW NUMBER 1",,REP,Under Votes,56,35,21,0
Wise,1,DISTRICT CLERK,,REP,BRENDA STARNES ROWE,133,68,65,0
Wise,1,DISTRICT CLERK,,REP,Over Votes,0,0,0,0
Wise,1,DISTRICT CLERK,,REP,Under Votes,33,19,14,0
Wise,1,DISTRICT CLERK,,REP,CALLIE WATTS MANNING,124,70,54,0
Wise,1,COUNTY CLERK,,REP,SHERRY COURSEY LEMON,225,115,110,0
Wise,1,COUNTY CLERK,,REP,Over Votes,0,0,0,0
Wise,1,COUNTY CLERK,,REP,Under Votes,65,42,23,0
Wise,1,COUNTY TREASURER,,REP,KATHERINE CANOVA HUDSON,152,82,70,0
Wise,1,COUNTY TREASURER,,REP,Over Votes,0,0,0,0
Wise,1,COUNTY TREASURER,,REP,Under Votes,26,12,14,0
Wise,1,COUNTY TREASURER,,REP,DANIEL E. RIVAS,112,63,49,0
Wise,1,"JUSTICE OF THE PEACE, PRECINCT 1",,REP,JAN MORROW,186,97,89,0
Wise,1,"JUSTICE OF THE PEACE, PRECINCT 1",,REP,Over Votes,0,0,0,0
Wise,1,"JUSTICE OF THE PEACE, PRECINCT 1",,REP,Under Votes,21,12,9,0
Wise,1,"JUSTICE OF THE PEACE, PRECINCT 1",,REP,JOSH REYNOLDS,83,48,35,0
Wise,1,COUNTY CHAIRMAN,,REP,ALLEN L. WILLIAMSON,227,120,107,0
Wise,1,COUNTY CHAIRMAN,,REP,Over Votes,0,0,0,0
Wise,1,COUNTY CHAIRMAN,,REP,Under Votes,63,37,26,0
Wise,1,U.S. Senate D,,DEM,"MICHAEL ""FJET"" FJETLAND",0,0,0,0
Wise,1,U.S. Senate D,,DEM,Over Votes,0,0,0,0
Wise,1,U.S. Senate D,,DEM,Under Votes,1,1,0,0
Wise,1,U.S. Senate D,,DEM,MAXEY MARIE SCHERR,4,1,3,0
Wise,1,U.S. Senate D,,DEM,HARRY KIM,2,1,1,0
Wise,1,U.S. Senate D,,DEM,DAVID M. ALAMEEL,9,5,4,0
Wise,1,U.S. Senate D,,DEM,KESHA ROGERS,4,3,1,0
Wise,1,"U.S. REPRESENTATIVE, DISTRICT 13 D",,DEM,MIKE MINTER,15,8,7,0
Wise,1,"U.S. REPRESENTATIVE, DISTRICT 13 D",,DEM,Over Votes,0,0,0,0
Wise,1,"U.S. REPRESENTATIVE, DISTRICT 13 D",,DEM,Under Votes,5,3,2,0
Wise,1,GOVERNOR D,,DEM,"REYNALDO ""RAY"" MADRIGAL",1,0,1,0
Wise,1,GOVERNOR D,,DEM,Over Votes,0,0,0,0
Wise,1,GOVERNOR D,,DEM,Under Votes,1,0,1,0
Wise,1,GOVERNOR D,,DEM,WENDY R. DAVIS,18,11,7,0
Wise,1,Lieutenant Governor D,,DEM,LETICIA VAN DE PUTTE,17,9,8,0
Wise,1,Lieutenant Governor D,,DEM,Over Votes,0,0,0,0
Wise,1,Lieutenant Governor D,,DEM,Under Votes,3,2,1,0
Wise,1,Attorney General D,,DEM,SAM HOUSTON,18,10,8,0
Wise,1,Attorney General D,,DEM,Over Votes,0,0,0,0
Wise,1,Attorney General D,,DEM,Under Votes,2,1,1,0
Wise,1,Comptroller	of Public Accounts D,,DEM,MIKE COLLIER,16,9,7,0
Wise,1,Comptroller	of Public Accounts D,,DEM,Over Votes,0,0,0,0
Wise,1,Comptroller	of Public Accounts D,,DEM,Under Votes,4,2,2,0
Wise,1,COMMISSIONER OF THE GENERAL LAND OFFICE D,,DEM,JOHN COOK,16,9,7,0
Wise,1,COMMISSIONER OF THE GENERAL LAND OFFICE D,,DEM,Over Votes,0,0,0,0
Wise,1,COMMISSIONER OF THE GENERAL LAND OFFICE D,,DEM,Under Votes,4,2,2,0
Wise,1,Commissioner of Agriculture D,,DEM,JIM HOGAN,9,7,2,0
Wise,1,Commissioner of Agriculture D,,DEM,Over Votes,0,0,0,0
Wise,1,Commissioner of Agriculture D,,DEM,Under Votes,2,1,1,0
Wise,1,Commissioner of Agriculture D,,DEM,"RICHARD ""KINKY"" FRIEDMAN",7,2,5,0
Wise,1,Commissioner of Agriculture D,,DEM,HUGH ASA FITZSIMONS III,2,1,1,0
Wise,1,Railroad Commissioner D,,DEM,STEVE BROWN,4,3,1,0
Wise,1,Railroad Commissioner D,,DEM,Over Votes,0,0,0,0
Wise,1,Railroad Commissioner D,,DEM,Under Votes,2,2,0,0
Wise,1,Railroad Commissioner D,,DEM,DALE HENRY,14,6,8,0
Wise,1,"CHIEF JUSTICE, SUPREME COURT D",,DEM,WILLIAM MOODY,16,8,8,0
Wise,1,"CHIEF JUSTICE, SUPREME COURT D",,DEM,Over Votes,0,0,0,0
Wise,1,"CHIEF JUSTICE, SUPREME COURT D",,DEM,Under Votes,4,3,1,0
Wise,1,"JUSTICE, SUPREME COURT, PLACE 6, UNEXPIRED TERM D",,DEM,LAWRENCE EDWARD MEYERS,16,8,8,0
Wise,1,"JUSTICE, SUPREME COURT, PLACE 6, UNEXPIRED TERM D",,DEM,Over Votes,0,0,0,0
Wise,1,"JUSTICE, SUPREME COURT, PLACE 6, UNEXPIRED TERM D",,DEM,Under Votes,4,3,1,0
Wise,1,"JUSTICE, SUPREME COURT, PLACE 7 D",,DEM,GINA BENAVIDES,18,10,8,0
Wise,1,"JUSTICE, SUPREME COURT, PLACE 7 D",,DEM,Over Votes,0,0,0,0
Wise,1,"JUSTICE, SUPREME COURT, PLACE 7 D",,DEM,Under Votes,2,1,1,0
Wise,1,"JUDGE, COURT OF CRIMINAL APPEALS, PLACE 3 D",,DEM,JOHN GRANBERG,17,9,8,0
Wise,1,"JUDGE, COURT OF CRIMINAL APPEALS, PLACE 3 D",,DEM,Over Votes,0,0,0,0
Wise,1,"JUDGE, COURT OF CRIMINAL APPEALS, PLACE 3 D",,DEM,Under Votes,3,2,1,0
Wise,1,"STATE REPRESENTATIVE, DISTRICT 61 D",,DEM,MATTHEW BRITT,18,10,8,0
Wise,1,"STATE REPRESENTATIVE, DISTRICT 61 D",,DEM,Over Votes,0,0,0,0
Wise,1,"STATE REPRESENTATIVE, DISTRICT 61 D",,DEM,Under Votes,2,1,1,0
Wise,1,COUNTY JUDGE D,,DEM,"JAMES ""JIM"" STEGALL",16,9,7,0
Wise,1,COUNTY JUDGE D,,DEM,Over Votes,0,0,0,0
Wise,1,COUNTY JUDGE D,,DEM,Under Votes,4,2,2,0
Wise,1,COUNTY PARTY CHAIR D,,DEM,TRACY A. SMITH,17,9,8,0
Wise,1,COUNTY PARTY CHAIR D,,DEM,Over Votes,0,0,0,0
Wise,1,COUNTY PARTY CHAIR D,,DEM,Under Votes,3,2,1,0
Wise,1,RELIGIOUS FREEDOM,,,YES,276,150,126,0
Wise,1,RELIGIOUS FREEDOM,,,Over Votes,0,0,0,0
Wise,1,RELIGIOUS FREEDOM,,,Under Votes,9,4,5,0
Wise,1,RELIGIOUS FREEDOM,,,NO,5,3,2,0
Wise,1,ON IMMIGRATION REFORM D,,,FOR,14,8,6,0
Wise,1,ON IMMIGRATION REFORM D,,,Over Votes,0,0,0,0
Wise,1,ON IMMIGRATION REFORM D,,,Under Votes,0,0,0,0
Wise,1,ON IMMIGRATION REFORM D,,,AGAINST,6,3,3,0
Wise,1,SECOND AMENDMENT,,,YES,253,136,117,0
Wise,1,SECOND AMENDMENT,,,Over Votes,0,0,0,0
Wise,1,SECOND AMENDMENT,,,Under Votes,9,3,6,0
Wise,1,SECOND AMENDMENT,,,NO,28,18,10,0
Wise,1,A LIVING WAGE FOR ALL TEXANS D,,,FOR,17,8,9,0
Wise,1,A LIVING WAGE FOR ALL TEXANS D,,,Over Votes,0,0,0,0
Wise,1,A LIVING WAGE FOR ALL TEXANS D,,,Under Votes,0,0,0,0
Wise,1,A LIVING WAGE FOR ALL TEXANS D,,,AGAINST,3,3,0,0
Wise,1,FRANCHISE TAX,,,YES,241,128,113,0
Wise,1,FRANCHISE TAX,,,Over Votes,0,0,0,0
Wise,1,FRANCHISE TAX,,,Under Votes,21,11,10,0
Wise,1,FRANCHISE TAX,,,NO,28,18,10,0
Wise,1,MEDICAID EXPANSION D,,,FOR,13,6,7,0
Wise,1,MEDICAID EXPANSION D,,,Over Votes,0,0,0,0
Wise,1,MEDICAID EXPANSION D,,,Under Votes,2,2,0,0
Wise,1,MEDICAID EXPANSION D,,,AGAINST,5,3,2,0
Wise,1,WELFARE REFORM,,,YES,270,145,125,0
Wise,1,WELFARE REFORM,,,Over Votes,0,0,0,0
Wise,1,WELFARE REFORM,,,Under Votes,10,4,6,0
Wise,1,WELFARE REFORM,,,NO,10,8,2,0
Wise,1,ON NON-DISCRIMINATION LEGISLATION D,,,FOR,15,7,8,0
Wise,1,ON NON-DISCRIMINATION LEGISLATION D,,,Over Votes,0,0,0,0
Wise,1,ON NON-DISCRIMINATION LEGISLATION D,,,Under Votes,2,2,0,0
Wise,1,ON NON-DISCRIMINATION LEGISLATION D,,,AGAINST,3,2,1,0
Wise,1,NO LAWMAKER EXCEPTIONS,,,YES,283,154,129,0
Wise,1,NO LAWMAKER EXCEPTIONS,,,Over Votes,0,0,0,0
Wise,1,NO LAWMAKER EXCEPTIONS,,,Under Votes,7,3,4,0
Wise,1,NO LAWMAKER EXCEPTIONS,,,NO,0,0,0,0
Wise,1,OBAMACARE,,,YES,266,143,123,0
Wise,1,OBAMACARE,,,Over Votes,0,0,0,0
Wise,1,OBAMACARE,,,Under Votes,8,3,5,0
Wise,1,OBAMACARE,,,NO,16,11,5,0
Wise,1,U.S. Senate,,REP,JOHN CORNYN,261,185,76,0
Wise,1,U.S. Senate,,REP,Over Votes,0,0,0,0
Wise,1,U.S. Senate,,REP,Under Votes,34,22,12,0
Wise,1,U.S. Senate,,REP,REID REASOR,15,11,4,0
Wise,1,U.S. Senate,,REP,STEVE STOCKMAN,62,23,39,0
Wise,1,U.S. Senate,,REP,CURT CLEAVER,5,2,3,0
Wise,1,U.S. Senate,,REP,LINDA VEGA,28,21,7,0
Wise,1,U.S. Senate,,REP,KEN COPE,5,4,1,0
Wise,1,U.S. Senate,,REP,DWAYNE STOVALL,25,19,6,0
Wise,1,U.S. Senate,,REP,CHRIS MAPP,6,4,2,0
Wise,1,"U.S. REPRESENTATIVE, DISTRICT 12",,REP,KAY GRANGER,373,242,131,0
Wise,1,"U.S. REPRESENTATIVE, DISTRICT 12",,REP,Over Votes,0,0,0,0
Wise,1,"U.S. REPRESENTATIVE, DISTRICT 12",,REP,Under Votes,68,49,19,0
Wise,1,GOVERNOR,,REP,MIRIAM MARTINEZ,28,18,10,0
Wise,1,GOVERNOR,,REP,Over Votes,0,0,0,0
Wise,1,GOVERNOR,,REP,Under Votes,28,21,7,0
Wise,1,GOVERNOR,,REP,GREG ABBOTT,362,235,127,0
Wise,1,GOVERNOR,,REP,LISA FRITSCH,19,14,5,0
Wise,1,GOVERNOR,,REP,SECEDE KILGORE,4,3,1,0
Wise,1,Lieutenant Governor,,REP,DAN PATRICK,160,105,55,0
Wise,1,Lieutenant Governor,,REP,Over Votes,1,1,0,0
Wise,1,Lieutenant Governor,,REP,Under Votes,32,22,10,0
Wise,1,Lieutenant Governor,,REP,JERRY PATTERSON,46,28,18,0
Wise,1,Lieutenant Governor,,REP,TODD STAPLES,103,63,40,0
Wise,1,Lieutenant Governor,,REP,DAVID DEWHURST,99,72,27,0
Wise,1,Attorney General,,REP,DAN BRANCH,173,123,50,0
Wise,1,Attorney General,,REP,Over Votes,0,0,0,0
Wise,1,Attorney General,,REP,Under Votes,45,32,13,0
Wise,1,Attorney General,,REP,KEN PAXTON,167,103,64,0
Wise,1,Attorney General,,REP,BARRY SMITHERMAN,56,33,23,0
Wise,1,Comptroller	of Public Accounts,,REP,RAUL TORRES,58,43,15,0
Wise,1,Comptroller	of Public Accounts,,REP,Over Votes,0,0,0,0
Wise,1,Comptroller	of Public Accounts,,REP,Under Votes,65,41,24,0
Wise,1,Comptroller	of Public Accounts,,REP,GLEN HEGAR,162,101,61,0
Wise,1,Comptroller	of Public Accounts,,REP,HARVEY HILDERBRAN,70,52,18,0
Wise,1,Comptroller	of Public Accounts,,REP,DEBRA MEDINA,86,54,32,0
Wise,1,COMMISSIONER OF THE GENERAL LAND OFFICE,,REP,DAVID WATTS,118,71,47,0
Wise,1,COMMISSIONER OF THE GENERAL LAND OFFICE,,REP,Over Votes,0,0,0,0
Wise,1,COMMISSIONER OF THE GENERAL LAND OFFICE,,REP,Under Votes,40,26,14,0
Wise,1,COMMISSIONER OF THE GENERAL LAND OFFICE,,REP,GEORGE P. BUSH,283,194,89,0
Wise,1,Commissioner of Agriculture,,REP,J. ALLEN CARNES,74,61,13,0
Wise,1,Commissioner of Agriculture,,REP,Over Votes,0,0,0,0
Wise,1,Commissioner of Agriculture,,REP,Under Votes,70,45,25,0
Wise,1,Commissioner of Agriculture,,REP,TOMMY MERRITT,70,53,17,0
Wise,1,Commissioner of Agriculture,,REP,SID MILLER,99,55,44,0
Wise,1,Commissioner of Agriculture,,REP,ERIC OPIELA,84,48,36,0
Wise,1,Commissioner of Agriculture,,REP,JOE COTTEN,44,29,15,0
Wise,1,Railroad Commissioner,,REP,WAYNE CHRISTIAN,182,119,63,0
Wise,1,Railroad Commissioner,,REP,Over Votes,0,0,0,0
Wise,1,Railroad Commissioner,,REP,Under Votes,78,53,25,0
Wise,1,Railroad Commissioner,,REP,RYAN SITTON,93,66,27,0
Wise,1,Railroad Commissioner,,REP,MALACHI BOYULS,19,13,6,0
Wise,1,Railroad Commissioner,,REP,BECKY BERGER,69,40,29,0
Wise,1,"CHIEF JUSTICE, SUPREME COURT",,REP,NATHAN HECHT,230,154,76,0
Wise,1,"CHIEF JUSTICE, SUPREME COURT",,REP,Over Votes,0,0,0,0
Wise,1,"CHIEF JUSTICE, SUPREME COURT",,REP,Under Votes,83,56,27,0
Wise,1,"CHIEF JUSTICE, SUPREME COURT",,REP,ROBERT TALTON,128,81,47,0
Wise,1,"JUSTICE, SUPREME COURT, PLACE 6, UNEXPIRED TERM",,REP,JEFF BROWN,253,159,94,0
Wise,1,"JUSTICE, SUPREME COURT, PLACE 6, UNEXPIRED TERM",,REP,Over Votes,0,0,0,0
Wise,1,"JUSTICE, SUPREME COURT, PLACE 6, UNEXPIRED TERM",,REP,Under Votes,85,55,30,0
Wise,1,"JUSTICE, SUPREME COURT, PLACE 6, UNEXPIRED TERM",,REP,JOE POOL,103,77,26,0
Wise,1,"JUSTICE, SUPREME COURT, PLACE 7",,REP,JEFF BOYD,338,223,115,0
Wise,1,"JUSTICE, SUPREME COURT, PLACE 7",,REP,Over Votes,0,0,0,0
Wise,1,"JUSTICE, SUPREME COURT, PLACE 7",,REP,Under Votes,103,68,35,0
Wise,1,"JUSTICE, SUPREME COURT, PLACE 8",,REP,SHARON MCCALLY,143,93,50,0
Wise,1,"JUSTICE, SUPREME COURT, PLACE 8",,REP,Over Votes,0,0,0,0
Wise,1,"JUSTICE, SUPREME COURT, PLACE 8",,REP,Under Votes,86,57,29,0
Wise,1,"JUSTICE, SUPREME COURT, PLACE 8",,REP,PHIL JOHNSON,212,141,71,0
Wise,1,"JUDGE, COURT OF CRIMINAL APPEALS, PLACE 3",,REP,BERT RICHARDSON,227,150,77,0
Wise,1,"JUDGE, COURT OF CRIMINAL APPEALS, PLACE 3",,REP,Over Votes,0,0,0,0
Wise,1,"JUDGE, COURT OF CRIMINAL APPEALS, PLACE 3",,REP,Under Votes,103,66,37,0
Wise,1,"JUDGE, COURT OF CRIMINAL APPEALS, PLACE 3",,REP,BARBARA WALTHER,111,75,36,0
Wise,1,"JUDGE, COURT OF CRIMINAL APPEALS, PLACE 4",,REP,JANI JO WOOD,72,51,21,0
Wise,1,"JUDGE, COURT OF CRIMINAL APPEALS, PLACE 4",,REP,Over Votes,0,0,0,0
Wise,1,"JUDGE, COURT OF CRIMINAL APPEALS, PLACE 4",,REP,Under Votes,105,67,38,0
Wise,1,"JUDGE, COURT OF CRIMINAL APPEALS, PLACE 4",,REP,RICHARD DEAN DAVIS,124,90,34,0
Wise,1,"JUDGE, COURT OF CRIMINAL APPEALS, PLACE 4",,REP,KEVIN PATRICK YEARY,140,83,57,0
Wise,1,"JUDGE, COURT OF CRIMINAL APPEALS, PLACE 9",,REP,"W.C. ""BUD"" KIRKENDALL",192,127,65,0
Wise,1,"JUDGE, COURT OF CRIMINAL APPEALS, PLACE 9",,REP,Over Votes,0,0,0,0
Wise,1,"JUDGE, COURT OF CRIMINAL APPEALS, PLACE 9",,REP,Under Votes,101,64,37,0
Wise,1,"JUDGE, COURT OF CRIMINAL APPEALS, PLACE 9",,REP,DAVID NEWELL,148,100,48,0
Wise,1,"STATE SENATOR, DISTRICT 30",,REP,CRAIG ESTES,365,241,124,0
Wise,1,"STATE SENATOR, DISTRICT 30",,REP,Over Votes,0,0,0,0
Wise,1,"STATE SENATOR, DISTRICT 30",,REP,Under Votes,76,50,26,0
Wise,1,"STATE REPRESENTATIVE, DISTRICT 61",,REP,PHIL KING,371,247,124,0
Wise,1,"STATE REPRESENTATIVE, DISTRICT 61",,REP,Over Votes,0,0,0,0
Wise,1,"STATE REPRESENTATIVE, DISTRICT 61",,REP,Under Votes,70,44,26,0
Wise,1,"JUSTICE, 2ND COURT OF APPEALS, PLACE 2",,REP,BILL MEIER,329,217,112,0
Wise,1,"JUSTICE, 2ND COURT OF APPEALS, PLACE 2",,REP,Over Votes,0,0,0,0
Wise,1,"JUSTICE, 2ND COURT OF APPEALS, PLACE 2",,REP,Under Votes,112,74,38,0
Wise,1,"JUSTICE, 2ND COURT OF APPEALS, PLACE 7",,REP,LEE GABRIEL,314,207,107,0
Wise,1,"JUSTICE, 2ND COURT OF APPEALS, PLACE 7",,REP,Over Votes,0,0,0,0
Wise,1,"JUSTICE, 2ND COURT OF APPEALS, PLACE 7",,REP,Under Votes,127,84,43,0
Wise,1,"DISTRICT JUDGE, 271ST JUDICIAL DISTRICT",,REP,JOHN H. FOSTEL,389,258,131,0
Wise,1,"DISTRICT JUDGE, 271ST JUDICIAL DISTRICT",,REP,Over Votes,0,0,0,0
Wise,1,"DISTRICT JUDGE, 271ST JUDICIAL DISTRICT",,REP,Under Votes,52,33,19,0
Wise,1,COUNTY JUDGE,,REP,KYLE E. STEPHENS,119,85,34,0
Wise,1,COUNTY JUDGE,,REP,Over Votes,0,0,0,0
Wise,1,COUNTY JUDGE,,REP,Under Votes,18,8,10,0
Wise,1,COUNTY JUDGE,,REP,J.D. CLARK,238,160,78,0
Wise,1,COUNTY JUDGE,,REP,KEITH MCCOMIS,66,38,28,0
Wise,1,"JUDGE,COUNTY COURT AT LAW NUMBER 1",,REP,MELTON D. CUDE,395,264,131,0
Wise,1,"JUDGE,COUNTY COURT AT LAW NUMBER 1",,REP,Over Votes,0,0,0,0
Wise,1,"JUDGE,COUNTY COURT AT LAW NUMBER 1",,REP,Under Votes,46,27,19,0
Wise,1,DISTRICT CLERK,,REP,BRENDA STARNES ROWE,223,151,72,0
Wise,1,DISTRICT CLERK,,REP,Over Votes,0,0,0,0
Wise,1,DISTRICT CLERK,,REP,Under Votes,34,19,15,0
Wise,1,DISTRICT CLERK,,REP,CALLIE WATTS MANNING,184,121,63,0
Wise,1,COUNTY CLERK,,REP,SHERRY COURSEY LEMON,373,244,129,0
Wise,1,COUNTY CLERK,,REP,Over Votes,0,0,0,0
Wise,1,COUNTY CLERK,,REP,Under Votes,68,47,21,0
Wise,1,COUNTY TREASURER,,REP,KATHERINE CANOVA HUDSON,254,165,89,0
Wise,1,COUNTY TREASURER,,REP,Over Votes,0,0,0,0
Wise,1,COUNTY TREASURER,,REP,Under Votes,31,20,11,0
Wise,1,COUNTY TREASURER,,REP,DANIEL E. RIVAS,156,106,50,0
Wise,1,"JUSTICE OF THE PEACE, PRECINCT 1",,REP,JAN MORROW,291,193,98,0
Wise,1,"JUSTICE OF THE PEACE, PRECINCT 1",,REP,Over Votes,0,0,0,0
Wise,1,"JUSTICE OF THE PEACE, PRECINCT 1",,REP,Under Votes,23,14,9,0
Wise,1,"JUSTICE OF THE PEACE, PRECINCT 1",,REP,JOSH REYNOLDS,127,84,43,0
Wise,1,COUNTY CHAIRMAN,,REP,ALLEN L. WILLIAMSON,381,250,131,0
Wise,1,COUNTY CHAIRMAN,,REP,Over Votes,0,0,0,0
Wise,1,COUNTY CHAIRMAN,,REP,Under Votes,60,41,19,0
Wise,2,U.S. Senate D,,DEM,"MICHAEL ""FJET"" FJETLAND",3,2,1,0
Wise,2,U.S. Senate D,,DEM,Over Votes,0,0,0,0
Wise,2,U.S. Senate D,,DEM,Under Votes,7,5,2,0
Wise,2,U.S. Senate D,,DEM,MAXEY MARIE SCHERR,8,5,3,0
Wise,2,U.S. Senate D,,DEM,HARRY KIM,2,2,0,0
Wise,2,U.S. Senate D,,DEM,DAVID M. ALAMEEL,14,9,5,0
Wise,2,U.S. Senate D,,DEM,KESHA ROGERS,9,6,3,0
Wise,2,"U.S. REPRESENTATIVE, DISTRICT 12 D",,DEM,MARK GREENE,33,25,8,0
Wise,2,"U.S. REPRESENTATIVE, DISTRICT 12 D",,DEM,Over Votes,0,0,0,0
Wise,2,"U.S. REPRESENTATIVE, DISTRICT 12 D",,DEM,Under Votes,10,4,6,0
Wise,2,GOVERNOR D,,DEM,"REYNALDO ""RAY"" MADRIGAL",4,1,3,0
Wise,2,GOVERNOR D,,DEM,Over Votes,0,0,0,0
Wise,2,GOVERNOR D,,DEM,Under Votes,4,2,2,0
Wise,2,GOVERNOR D,,DEM,WENDY R. DAVIS,35,26,9,0
Wise,2,Lieutenant Governor D,,DEM,LETICIA VAN DE PUTTE,36,24,12,0
Wise,2,Lieutenant Governor D,,DEM,Over Votes,0,0,0,0
Wise,2,Lieutenant Governor D,,DEM,Under Votes,7,5,2,0
Wise,2,Attorney General D,,DEM,SAM HOUSTON,33,23,10,0
Wise,2,Attorney General D,,DEM,Over Votes,0,0,0,0
Wise,2,Attorney General D,,DEM,Under Votes,10,6,4,0
Wise,2,Comptroller	of Public Accounts D,,DEM,MIKE COLLIER,35,24,11,0
Wise,2,Comptroller	of Public Accounts D,,DEM,Over Votes,0,0,0,0
Wise,2,Comptroller	of Public Accounts D,,DEM,Under Votes,8,5,3,0
Wise,2,COMMISSIONER OF THE GENERAL LAND OFFICE D,,DEM,JOHN COOK,33,23,10,0
Wise,2,COMMISSIONER OF THE GENERAL LAND OFFICE D,,DEM,Over Votes,0,0,0,0
Wise,2,COMMISSIONER OF THE GENERAL LAND OFFICE D,,DEM,Under Votes,10,6,4,0
Wise,2,Commissioner of Agriculture D,,DEM,JIM HOGAN,15,9,6,0
Wise,2,Commissioner of Agriculture D,,DEM,Over Votes,0,0,0,0
Wise,2,Commissioner of Agriculture D,,DEM,Under Votes,7,4,3,0
Wise,2,Commissioner of Agriculture D,,DEM,"RICHARD ""KINKY"" FRIEDMAN",16,11,5,0
Wise,2,Commissioner of Agriculture D,,DEM,HUGH ASA FITZSIMONS III,5,5,0,0
Wise,2,Railroad Commissioner D,,DEM,STEVE BROWN,21,14,7,0
Wise,2,Railroad Commissioner D,,DEM,Over Votes,0,0,0,0
Wise,2,Railroad Commissioner D,,DEM,Under Votes,9,5,4,0
Wise,2,Railroad Commissioner D,,DEM,DALE HENRY,13,10,3,0
Wise,2,"CHIEF JUSTICE, SUPREME COURT D",,DEM,WILLIAM MOODY,32,21,11,0
Wise,2,"CHIEF JUSTICE, SUPREME COURT D",,DEM,Over Votes,0,0,0,0
Wise,2,"CHIEF JUSTICE, SUPREME COURT D",,DEM,Under Votes,11,8,3,0
Wise,2,"JUSTICE, SUPREME COURT, PLACE 6, UNEXPIRED TERM D",,DEM,LAWRENCE EDWARD MEYERS,33,22,11,0
Wise,2,"JUSTICE, SUPREME COURT, PLACE 6, UNEXPIRED TERM D",,DEM,Over Votes,0,0,0,0
Wise,2,"JUSTICE, SUPREME COURT, PLACE 6, UNEXPIRED TERM D",,DEM,Under Votes,10,7,3,0
Wise,2,"JUSTICE, SUPREME COURT, PLACE 7 D",,DEM,GINA BENAVIDES,34,22,12,0
Wise,2,"JUSTICE, SUPREME COURT, PLACE 7 D",,DEM,Over Votes,0,0,0,0
Wise,2,"JUSTICE, SUPREME COURT, PLACE 7 D",,DEM,Under Votes,9,7,2,0
Wise,2,"JUDGE, COURT OF CRIMINAL APPEALS, PLACE 3 D",,DEM,JOHN GRANBERG,33,22,11,0
Wise,2,"JUDGE, COURT OF CRIMINAL APPEALS, PLACE 3 D",,DEM,Over Votes,0,0,0,0
Wise,2,"JUDGE, COURT OF CRIMINAL APPEALS, PLACE 3 D",,DEM,Under Votes,10,7,3,0
Wise,2,"STATE REPRESENTATIVE, DISTRICT 61 D",,DEM,MATTHEW BRITT,34,24,10,0
Wise,2,"STATE REPRESENTATIVE, DISTRICT 61 D",,DEM,Over Votes,0,0,0,0
Wise,2,"STATE REPRESENTATIVE, DISTRICT 61 D",,DEM,Under Votes,9,5,4,0
Wise,2,COUNTY JUDGE D,,DEM,"JAMES ""JIM"" STEGALL",36,25,11,0
Wise,2,COUNTY JUDGE D,,DEM,Over Votes,0,0,0,0
Wise,2,COUNTY JUDGE D,,DEM,Under Votes,7,4,3,0
Wise,2,COUNTY PARTY CHAIR D,,DEM,TRACY A. SMITH,35,25,10,0
Wise,2,COUNTY PARTY CHAIR D,,DEM,Over Votes,0,0,0,0
Wise,2,COUNTY PARTY CHAIR D,,DEM,Under Votes,8,4,4,0
Wise,2,RELIGIOUS FREEDOM,,,YES,410,270,140,0
Wise,2,RELIGIOUS FREEDOM,,,Over Votes,0,0,0,0
Wise,2,RELIGIOUS FREEDOM,,,Under Votes,20,12,8,0
Wise,2,RELIGIOUS FREEDOM,,,NO,11,9,2,0
Wise,2,ON IMMIGRATION REFORM D,,,FOR,37,25,12,0
Wise,2,ON IMMIGRATION REFORM D,,,Over Votes,0,0,0,0
Wise,2,ON IMMIGRATION REFORM D,,,Under Votes,3,2,1,0
Wise,2,ON IMMIGRATION REFORM D,,,AGAINST,3,2,1,0
Wise,2,SECOND AMENDMENT,,,YES,346,226,120,0
Wise,2,SECOND AMENDMENT,,,Over Votes,0,0,0,0
Wise,2,SECOND AMENDMENT,,,Under Votes,24,16,8,0
Wise,2,SECOND AMENDMENT,,,NO,71,49,22,0
Wise,2,A LIVING WAGE FOR ALL TEXANS D,,,FOR,38,25,13,0
Wise,2,A LIVING WAGE FOR ALL TEXANS D,,,Over Votes,0,0,0,0
Wise,2,A LIVING WAGE FOR ALL TEXANS D,,,Under Votes,4,3,1,0
Wise,2,A LIVING WAGE FOR ALL TEXANS D,,,AGAINST,1,1,0,0
Wise,2,FRANCHISE TAX,,,YES,337,222,115,0
Wise,2,FRANCHISE TAX,,,Over Votes,0,0,0,0
Wise,2,FRANCHISE TAX,,,Under Votes,39,27,12,0
Wise,2,FRANCHISE TAX,,,NO,65,42,23,0
Wise,2,MEDICAID EXPANSION D,,,FOR,38,25,13,0
Wise,2,MEDICAID EXPANSION D,,,Over Votes,0,0,0,0
Wise,2,MEDICAID EXPANSION D,,,Under Votes,3,2,1,0
Wise,2,MEDICAID EXPANSION D,,,AGAINST,2,2,0,0
Wise,2,WELFARE REFORM,,,YES,397,260,137,0
Wise,2,WELFARE REFORM,,,Over Votes,1,1,0,0
Wise,2,WELFARE REFORM,,,Under Votes,19,11,8,0
Wise,2,WELFARE REFORM,,,NO,24,19,5,0
Wise,2,ON NON-DISCRIMINATION LEGISLATION D,,,FOR,35,22,13,0
Wise,2,ON NON-DISCRIMINATION LEGISLATION D,,,Over Votes,0,0,0,0
Wise,2,ON NON-DISCRIMINATION LEGISLATION D,,,Under Votes,5,4,1,0
Wise,2,ON NON-DISCRIMINATION LEGISLATION D,,,AGAINST,3,3,0,0
Wise,2,NO LAWMAKER EXCEPTIONS,,,YES,415,273,142,0
Wise,2,NO LAWMAKER EXCEPTIONS,,,Over Votes,0,0,0,0
Wise,2,NO LAWMAKER EXCEPTIONS,,,Under Votes,22,15,7,0
Wise,2,NO LAWMAKER EXCEPTIONS,,,NO,4,3,1,0
Wise,2,OBAMACARE,,,YES,375,247,128,0
Wise,2,OBAMACARE,,,Over Votes,0,0,0,0
Wise,2,OBAMACARE,,,Under Votes,18,10,8,0
Wise,2,OBAMACARE,,,NO,48,34,14,0
Wise,3,U.S. Senate,,REP,JOHN CORNYN,84,42,42,0
Wise,3,U.S. Senate,,REP,Over Votes,0,0,0,0
Wise,3,U.S. Senate,,REP,Under Votes,7,1,6,0
Wise,3,U.S. Senate,,REP,REID REASOR,3,1,2,0
Wise,3,U.S. Senate,,REP,STEVE STOCKMAN,24,12,12,0
Wise,3,U.S. Senate,,REP,CURT CLEAVER,0,0,0,0
Wise,3,U.S. Senate,,REP,LINDA VEGA,5,0,5,0
Wise,3,U.S. Senate,,REP,KEN COPE,0,0,0,0
Wise,3,U.S. Senate,,REP,DWAYNE STOVALL,12,8,4,0
Wise,3,U.S. Senate,,REP,CHRIS MAPP,2,0,2,0
Wise,3,"U.S. REPRESENTATIVE, DISTRICT 13",,REP,ELAINE HAYS,31,7,24,0
Wise,3,"U.S. REPRESENTATIVE, DISTRICT 13",,REP,Over Votes,0,0,0,0
Wise,3,"U.S. REPRESENTATIVE, DISTRICT 13",,REP,Under Votes,17,6,11,0
Wise,3,"U.S. REPRESENTATIVE, DISTRICT 13",,REP,PAM BARLOW,25,14,11,0
Wise,3,"U.S. REPRESENTATIVE, DISTRICT 13",,REP,MAC THORNBERRY,64,37,27,0
Wise,3,GOVERNOR,,REP,MIRIAM MARTINEZ,5,2,3,0
Wise,3,GOVERNOR,,REP,Over Votes,0,0,0,0
Wise,3,GOVERNOR,,REP,Under Votes,5,1,4,0
Wise,3,GOVERNOR,,REP,GREG ABBOTT,120,58,62,0
Wise,3,GOVERNOR,,REP,LISA FRITSCH,5,2,3,0
Wise,3,GOVERNOR,,REP,SECEDE KILGORE,2,1,1,0
Wise,3,Lieutenant Governor,,REP,DAN PATRICK,65,35,30,0
Wise,3,Lieutenant Governor,,REP,Over Votes,0,0,0,0
Wise,3,Lieutenant Governor,,REP,Under Votes,7,3,4,0
Wise,3,Lieutenant Governor,,REP,JERRY PATTERSON,8,5,3,0
Wise,3,Lieutenant Governor,,REP,TODD STAPLES,35,12,23,0
Wise,3,Lieutenant Governor,,REP,DAVID DEWHURST,22,9,13,0
Wise,3,Attorney General,,REP,DAN BRANCH,53,24,29,0
Wise,3,Attorney General,,REP,Over Votes,0,0,0,0
Wise,3,Attorney General,,REP,Under Votes,12,5,7,0
Wise,3,Attorney General,,REP,KEN PAXTON,58,26,32,0
Wise,3,Attorney General,,REP,BARRY SMITHERMAN,14,9,5,0
Wise,3,Comptroller	of Public Accounts,,REP,RAUL TORRES,9,1,8,0
Wise,3,Comptroller	of Public Accounts,,REP,Over Votes,0,0,0,0
Wise,3,Comptroller	of Public Accounts,,REP,Under Votes,15,7,8,0
Wise,3,Comptroller	of Public Accounts,,REP,GLEN HEGAR,67,29,38,0
Wise,3,Comptroller	of Public Accounts,,REP,HARVEY HILDERBRAN,20,13,7,0
Wise,3,Comptroller	of Public Accounts,,REP,DEBRA MEDINA,26,14,12,0
Wise,3,COMMISSIONER OF THE GENERAL LAND OFFICE,,REP,DAVID WATTS,54,22,32,0
Wise,3,COMMISSIONER OF THE GENERAL LAND OFFICE,,REP,Over Votes,0,0,0,0
Wise,3,COMMISSIONER OF THE GENERAL LAND OFFICE,,REP,Under Votes,9,6,3,0
Wise,3,COMMISSIONER OF THE GENERAL LAND OFFICE,,REP,GEORGE P. BUSH,74,36,38,0
Wise,3,Commissioner of Agriculture,,REP,J. ALLEN CARNES,24,12,12,0
Wise,3,Commissioner of Agriculture,,REP,Over Votes,0,0,0,0
Wise,3,Commissioner of Agriculture,,REP,Under Votes,14,8,6,0
Wise,3,Commissioner of Agriculture,,REP,TOMMY MERRITT,17,8,9,0
Wise,3,Commissioner of Agriculture,,REP,SID MILLER,34,17,17,0
Wise,3,Commissioner of Agriculture,,REP,ERIC OPIELA,31,10,21,0
Wise,3,Commissioner of Agriculture,,REP,JOE COTTEN,17,9,8,0
Wise,3,Railroad Commissioner,,REP,WAYNE CHRISTIAN,62,28,34,0
Wise,3,Railroad Commissioner,,REP,Over Votes,0,0,0,0
Wise,3,Railroad Commissioner,,REP,Under Votes,23,9,14,0
Wise,3,Railroad Commissioner,,REP,RYAN SITTON,24,10,14,0
Wise,3,Railroad Commissioner,,REP,MALACHI BOYULS,7,5,2,0
Wise,3,Railroad Commissioner,,REP,BECKY BERGER,21,12,9,0
Wise,3,"CHIEF JUSTICE, SUPREME COURT",,REP,NATHAN HECHT,78,40,38,0
Wise,3,"CHIEF JUSTICE, SUPREME COURT",,REP,Over Votes,0,0,0,0
Wise,3,"CHIEF JUSTICE, SUPREME COURT",,REP,Under Votes,18,6,12,0
Wise,3,"CHIEF JUSTICE, SUPREME COURT",,REP,ROBERT TALTON,41,18,23,0
Wise,3,"JUSTICE, SUPREME COURT, PLACE 6, UNEXPIRED TERM",,REP,JEFF BROWN,90,41,49,0
Wise,3,"JUSTICE, SUPREME COURT, PLACE 6, UNEXPIRED TERM",,REP,Over Votes,0,0,0,0
Wise,3,"JUSTICE, SUPREME COURT, PLACE 6, UNEXPIRED TERM",,REP,Under Votes,22,9,13,0
Wise,3,"JUSTICE, SUPREME COURT, PLACE 6, UNEXPIRED TERM",,REP,JOE POOL,25,14,11,0
Wise,3,"JUSTICE, SUPREME COURT, PLACE 7",,REP,JEFF BOYD,99,50,49,0
Wise,3,"JUSTICE, SUPREME COURT, PLACE 7",,REP,Over Votes,0,0,0,0
Wise,3,"JUSTICE, SUPREME COURT, PLACE 7",,REP,Under Votes,38,14,24,0
Wise,3,"JUSTICE, SUPREME COURT, PLACE 8",,REP,SHARON MCCALLY,35,18,17,0
Wise,3,"JUSTICE, SUPREME COURT, PLACE 8",,REP,Over Votes,0,0,0,0
Wise,3,"JUSTICE, SUPREME COURT, PLACE 8",,REP,Under Votes,23,8,15,0
Wise,3,"JUSTICE, SUPREME COURT, PLACE 8",,REP,PHIL JOHNSON,79,38,41,0
Wise,3,"JUDGE, COURT OF CRIMINAL APPEALS, PLACE 3",,REP,BERT RICHARDSON,77,36,41,0
Wise,3,"JUDGE, COURT OF CRIMINAL APPEALS, PLACE 3",,REP,Over Votes,0,0,0,0
Wise,3,"JUDGE, COURT OF CRIMINAL APPEALS, PLACE 3",,REP,Under Votes,31,15,16,0
Wise,3,"JUDGE, COURT OF CRIMINAL APPEALS, PLACE 3",,REP,BARBARA WALTHER,29,13,16,0
Wise,3,"JUDGE, COURT OF CRIMINAL APPEALS, PLACE 4",,REP,JANI JO WOOD,16,6,10,0
Wise,3,"JUDGE, COURT OF CRIMINAL APPEALS, PLACE 4",,REP,Over Votes,0,0,0,0
Wise,3,"JUDGE, COURT OF CRIMINAL APPEALS, PLACE 4",,REP,Under Votes,30,15,15,0
Wise,3,"JUDGE, COURT OF CRIMINAL APPEALS, PLACE 4",,REP,RICHARD DEAN DAVIS,34,16,18,0
Wise,3,"JUDGE, COURT OF CRIMINAL APPEALS, PLACE 4",,REP,KEVIN PATRICK YEARY,57,27,30,0
Wise,3,"JUDGE, COURT OF CRIMINAL APPEALS, PLACE 9",,REP,"W.C. ""BUD"" KIRKENDALL",63,34,29,0
Wise,3,"JUDGE, COURT OF CRIMINAL APPEALS, PLACE 9",,REP,Over Votes,0,0,0,0
Wise,3,"JUDGE, COURT OF CRIMINAL APPEALS, PLACE 9",,REP,Under Votes,30,15,15,0
Wise,3,"JUDGE, COURT OF CRIMINAL APPEALS, PLACE 9",,REP,DAVID NEWELL,44,15,29,0
Wise,3,"STATE SENATOR, DISTRICT 30",,REP,CRAIG ESTES,105,52,53,0
Wise,3,"STATE SENATOR, DISTRICT 30",,REP,Over Votes,0,0,0,0
Wise,3,"STATE SENATOR, DISTRICT 30",,REP,Under Votes,32,12,20,0
Wise,3,"STATE REPRESENTATIVE, DISTRICT 61",,REP,PHIL KING,105,51,54,0
Wise,3,"STATE REPRESENTATIVE, DISTRICT 61",,REP,Over Votes,0,0,0,0
Wise,3,"STATE REPRESENTATIVE, DISTRICT 61",,REP,Under Votes,32,13,19,0
Wise,3,"JUSTICE, 2ND COURT OF APPEALS, PLACE 2",,REP,BILL MEIER,99,50,49,0
Wise,3,"JUSTICE, 2ND COURT OF APPEALS, PLACE 2",,REP,Over Votes,0,0,0,0
Wise,3,"JUSTICE, 2ND COURT OF APPEALS, PLACE 2",,REP,Under Votes,38,14,24,0
Wise,3,"JUSTICE, 2ND COURT OF APPEALS, PLACE 7",,REP,LEE GABRIEL,83,43,40,0
Wise,3,"JUSTICE, 2ND COURT OF APPEALS, PLACE 7",,REP,Over Votes,0,0,0,0
Wise,3,"JUSTICE, 2ND COURT OF APPEALS, PLACE 7",,REP,Under Votes,54,21,33,0
Wise,3,"DISTRICT JUDGE, 271ST JUDICIAL DISTRICT",,REP,JOHN H. FOSTEL,111,53,58,0
Wise,3,"DISTRICT JUDGE, 271ST JUDICIAL DISTRICT",,REP,Over Votes,0,0,0,0
Wise,3,"DISTRICT JUDGE, 271ST JUDICIAL DISTRICT",,REP,Under Votes,26,11,15,0
Wise,3,COUNTY JUDGE,,REP,KYLE E. STEPHENS,43,23,20,0
Wise,3,COUNTY JUDGE,,REP,Over Votes,0,0,0,0
Wise,3,COUNTY JUDGE,,REP,Under Votes,11,7,4,0
Wise,3,COUNTY JUDGE,,REP,J.D. CLARK,70,29,41,0
Wise,3,COUNTY JUDGE,,REP,KEITH MCCOMIS,13,5,8,0
Wise,3,"JUDGE,COUNTY COURT AT LAW NUMBER 1",,REP,MELTON D. CUDE,104,51,53,0
Wise,3,"JUDGE,COUNTY COURT AT LAW NUMBER 1",,REP,Over Votes,0,0,0,0
Wise,3,"JUDGE,COUNTY COURT AT LAW NUMBER 1",,REP,Under Votes,33,13,20,0
Wise,3,DISTRICT CLERK,,REP,BRENDA STARNES ROWE,70,34,36,0
Wise,3,DISTRICT CLERK,,REP,Over Votes,0,0,0,0
Wise,3,DISTRICT CLERK,,REP,Under Votes,14,10,4,0
Wise,3,DISTRICT CLERK,,REP,CALLIE WATTS MANNING,53,20,33,0
Wise,3,COUNTY CLERK,,REP,SHERRY COURSEY LEMON,112,54,58,0
Wise,3,COUNTY CLERK,,REP,Over Votes,0,0,0,0
Wise,3,COUNTY CLERK,,REP,Under Votes,25,10,15,0
Wise,3,COUNTY TREASURER,,REP,KATHERINE CANOVA HUDSON,96,48,48,0
Wise,3,COUNTY TREASURER,,REP,Over Votes,0,0,0,0
Wise,3,COUNTY TREASURER,,REP,Under Votes,10,6,4,0
Wise,3,COUNTY TREASURER,,REP,DANIEL E. RIVAS,31,10,21,0
Wise,3,"JUSTICE OF THE PEACE, PRECINCT 1",,REP,JAN MORROW,103,49,54,0
Wise,3,"JUSTICE OF THE PEACE, PRECINCT 1",,REP,Over Votes,0,0,0,0
Wise,3,"JUSTICE OF THE PEACE, PRECINCT 1",,REP,Under Votes,8,5,3,0
Wise,3,"JUSTICE OF THE PEACE, PRECINCT 1",,REP,JOSH REYNOLDS,26,10,16,0
Wise,3,COUNTY CHAIRMAN,,REP,ALLEN L. WILLIAMSON,110,53,57,0
Wise,3,COUNTY CHAIRMAN,,REP,Over Votes,0,0,0,0
Wise,3,COUNTY CHAIRMAN,,REP,Under Votes,27,11,16,0
Wise,3,U.S. Senate D,,DEM,"MICHAEL ""FJET"" FJETLAND",5,5,0,0
Wise,3,U.S. Senate D,,DEM,Over Votes,0,0,0,0
Wise,3,U.S. Senate D,,DEM,Under Votes,0,0,0,0
Wise,3,U.S. Senate D,,DEM,MAXEY MARIE SCHERR,1,1,0,0
Wise,3,U.S. Senate D,,DEM,HARRY KIM,1,0,1,0
Wise,3,U.S. Senate D,,DEM,DAVID M. ALAMEEL,4,3,1,0
Wise,3,U.S. Senate D,,DEM,KESHA ROGERS,1,0,1,0
Wise,3,"U.S. REPRESENTATIVE, DISTRICT 13 D",,DEM,MIKE MINTER,11,8,3,0
Wise,3,"U.S. REPRESENTATIVE, DISTRICT 13 D",,DEM,Over Votes,0,0,0,0
Wise,3,"U.S. REPRESENTATIVE, DISTRICT 13 D",,DEM,Under Votes,1,1,0,0
Wise,3,GOVERNOR D,,DEM,"REYNALDO ""RAY"" MADRIGAL",2,1,1,0
Wise,3,GOVERNOR D,,DEM,Over Votes,0,0,0,0
Wise,3,GOVERNOR D,,DEM,Under Votes,0,0,0,0
Wise,3,GOVERNOR D,,DEM,WENDY R. DAVIS,10,8,2,0
Wise,3,Lieutenant Governor D,,DEM,LETICIA VAN DE PUTTE,12,9,3,0
Wise,3,Lieutenant Governor D,,DEM,Over Votes,0,0,0,0
Wise,3,Lieutenant Governor D,,DEM,Under Votes,0,0,0,0
Wise,3,Attorney General D,,DEM,SAM HOUSTON,12,9,3,0
Wise,3,Attorney General D,,DEM,Over Votes,0,0,0,0
Wise,3,Attorney General D,,DEM,Under Votes,0,0,0,0
Wise,3,Comptroller	of Public Accounts D,,DEM,MIKE COLLIER,12,9,3,0
Wise,3,Comptroller	of Public Accounts D,,DEM,Over Votes,0,0,0,0
Wise,3,Comptroller	of Public Accounts D,,DEM,Under Votes,0,0,0,0
Wise,3,COMMISSIONER OF THE GENERAL LAND OFFICE D,,DEM,JOHN COOK,12,9,3,0
Wise,3,COMMISSIONER OF THE GENERAL LAND OFFICE D,,DEM,Over Votes,0,0,0,0
Wise,3,COMMISSIONER OF THE GENERAL LAND OFFICE D,,DEM,Under Votes,0,0,0,0
Wise,3,Commissioner of Agriculture D,,DEM,JIM HOGAN,4,3,1,0
Wise,3,Commissioner of Agriculture D,,DEM,Over Votes,0,0,0,0
Wise,3,Commissioner of Agriculture D,,DEM,Under Votes,0,0,0,0
Wise,3,Commissioner of Agriculture D,,DEM,"RICHARD ""KINKY"" FRIEDMAN",2,1,1,0
Wise,3,Commissioner of Agriculture D,,DEM,HUGH ASA FITZSIMONS III,6,5,1,0
Wise,3,Railroad Commissioner D,,DEM,STEVE BROWN,7,6,1,0
Wise,3,Railroad Commissioner D,,DEM,Over Votes,0,0,0,0
Wise,3,Railroad Commissioner D,,DEM,Under Votes,0,0,0,0
Wise,3,Railroad Commissioner D,,DEM,DALE HENRY,5,3,2,0
Wise,3,"CHIEF JUSTICE, SUPREME COURT D",,DEM,WILLIAM MOODY,12,9,3,0
Wise,3,"CHIEF JUSTICE, SUPREME COURT D",,DEM,Over Votes,0,0,0,0
Wise,3,"CHIEF JUSTICE, SUPREME COURT D",,DEM,Under Votes,0,0,0,0
Wise,3,"JUSTICE, SUPREME COURT, PLACE 6, UNEXPIRED TERM D",,DEM,LAWRENCE EDWARD MEYERS,12,9,3,0
Wise,3,"JUSTICE, SUPREME COURT, PLACE 6, UNEXPIRED TERM D",,DEM,Over Votes,0,0,0,0
Wise,3,"JUSTICE, SUPREME COURT, PLACE 6, UNEXPIRED TERM D",,DEM,Under Votes,0,0,0,0
Wise,3,"JUSTICE, SUPREME COURT, PLACE 7 D",,DEM,GINA BENAVIDES,12,9,3,0
Wise,3,"JUSTICE, SUPREME COURT, PLACE 7 D",,DEM,Over Votes,0,0,0,0
Wise,3,"JUSTICE, SUPREME COURT, PLACE 7 D",,DEM,Under Votes,0,0,0,0
Wise,3,"JUDGE, COURT OF CRIMINAL APPEALS, PLACE 3 D",,DEM,JOHN GRANBERG,12,9,3,0
Wise,3,"JUDGE, COURT OF CRIMINAL APPEALS, PLACE 3 D",,DEM,Over Votes,0,0,0,0
Wise,3,"JUDGE, COURT OF CRIMINAL APPEALS, PLACE 3 D",,DEM,Under Votes,0,0,0,0
Wise,3,"STATE REPRESENTATIVE, DISTRICT 61 D",,DEM,MATTHEW BRITT,12,9,3,0
Wise,3,"STATE REPRESENTATIVE, DISTRICT 61 D",,DEM,Over Votes,0,0,0,0
Wise,3,"STATE REPRESENTATIVE, DISTRICT 61 D",,DEM,Under Votes,0,0,0,0
Wise,3,COUNTY JUDGE D,,DEM,"JAMES ""JIM"" STEGALL",12,9,3,0
Wise,3,COUNTY JUDGE D,,DEM,Over Votes,0,0,0,0
Wise,3,COUNTY JUDGE D,,DEM,Under Votes,0,0,0,0
Wise,3,COUNTY PARTY CHAIR D,,DEM,TRACY A. SMITH,12,9,3,0
Wise,3,COUNTY PARTY CHAIR D,,DEM,Over Votes,0,0,0,0
Wise,3,COUNTY PARTY CHAIR D,,DEM,Under Votes,0,0,0,0
Wise,3,RELIGIOUS FREEDOM,,,YES,129,59,70,0
Wise,3,RELIGIOUS FREEDOM,,,Over Votes,0,0,0,0
Wise,3,RELIGIOUS FREEDOM,,,Under Votes,6,3,3,0
Wise,3,RELIGIOUS FREEDOM,,,NO,2,2,0,0
Wise,3,ON IMMIGRATION REFORM D,,,FOR,10,8,2,0
Wise,3,ON IMMIGRATION REFORM D,,,Over Votes,0,0,0,0
Wise,3,ON IMMIGRATION REFORM D,,,Under Votes,0,0,0,0
Wise,3,ON IMMIGRATION REFORM D,,,AGAINST,2,1,1,0
Wise,3,SECOND AMENDMENT,,,YES,111,49,62,0
Wise,3,SECOND AMENDMENT,,,Over Votes,0,0,0,0
Wise,3,SECOND AMENDMENT,,,Under Votes,10,5,5,0
Wise,3,SECOND AMENDMENT,,,NO,16,10,6,0
Wise,3,A LIVING WAGE FOR ALL TEXANS D,,,FOR,11,9,2,0
Wise,3,A LIVING WAGE FOR ALL TEXANS D,,,Over Votes,0,0,0,0
Wise,3,A LIVING WAGE FOR ALL TEXANS D,,,Under Votes,0,0,0,0
Wise,3,A LIVING WAGE FOR ALL TEXANS D,,,AGAINST,1,0,1,0
Wise,3,FRANCHISE TAX,,,YES,113,57,56,0
Wise,3,FRANCHISE TAX,,,Over Votes,0,0,0,0
Wise,3,FRANCHISE TAX,,,Under Votes,11,4,7,0
Wise,3,FRANCHISE TAX,,,NO,13,3,10,0
Wise,3,MEDICAID EXPANSION D,,,FOR,10,8,2,0
Wise,3,MEDICAID EXPANSION D,,,Over Votes,0,0,0,0
Wise,3,MEDICAID EXPANSION D,,,Under Votes,1,1,0,0
Wise,3,MEDICAID EXPANSION D,,,AGAINST,1,0,1,0
Wise,3,WELFARE REFORM,,,YES,123,58,65,0
Wise,3,WELFARE REFORM,,,Over Votes,0,0,0,0
Wise,3,WELFARE REFORM,,,Under Votes,6,4,2,0
Wise,3,WELFARE REFORM,,,NO,8,2,6,0
Wise,3,ON NON-DISCRIMINATION LEGISLATION D,,,FOR,10,8,2,0
Wise,3,ON NON-DISCRIMINATION LEGISLATION D,,,Over Votes,0,0,0,0
Wise,3,ON NON-DISCRIMINATION LEGISLATION D,,,Under Votes,1,1,0,0
Wise,3,ON NON-DISCRIMINATION LEGISLATION D,,,AGAINST,1,0,1,0
Wise,3,NO LAWMAKER EXCEPTIONS,,,YES,130,60,70,0
Wise,3,NO LAWMAKER EXCEPTIONS,,,Over Votes,0,0,0,0
Wise,3,NO LAWMAKER EXCEPTIONS,,,Under Votes,6,4,2,0
Wise,3,NO LAWMAKER EXCEPTIONS,,,NO,1,0,1,0
Wise,3,OBAMACARE,,,YES,119,56,63,0
Wise,3,OBAMACARE,,,Over Votes,0,0,0,0
Wise,3,OBAMACARE,,,Under Votes,7,4,3,0
Wise,3,OBAMACARE,,,NO,11,4,7,0
Wise,4,U.S. Senate,,REP,JOHN CORNYN,32,16,16,0
Wise,4,U.S. Senate,,REP,Over Votes,0,0,0,0
Wise,4,U.S. Senate,,REP,Under Votes,2,0,2,0
Wise,4,U.S. Senate,,REP,REID REASOR,2,1,1,0
Wise,4,U.S. Senate,,REP,STEVE STOCKMAN,11,0,11,0
Wise,4,U.S. Senate,,REP,CURT CLEAVER,2,0,2,0
Wise,4,U.S. Senate,,REP,LINDA VEGA,1,0,1,0
Wise,4,U.S. Senate,,REP,KEN COPE,0,0,0,0
Wise,4,U.S. Senate,,REP,DWAYNE STOVALL,4,0,4,0
Wise,4,U.S. Senate,,REP,CHRIS MAPP,4,0,4,0
Wise,4,"U.S. REPRESENTATIVE, DISTRICT 13",,REP,ELAINE HAYS,12,4,8,0
Wise,4,"U.S. REPRESENTATIVE, DISTRICT 13",,REP,Over Votes,0,0,0,0
Wise,4,"U.S. REPRESENTATIVE, DISTRICT 13",,REP,Under Votes,6,1,5,0
Wise,4,"U.S. REPRESENTATIVE, DISTRICT 13",,REP,PAM BARLOW,11,1,10,0
Wise,4,"U.S. REPRESENTATIVE, DISTRICT 13",,REP,MAC THORNBERRY,29,11,18,0
Wise,4,GOVERNOR,,REP,MIRIAM MARTINEZ,1,0,1,0
Wise,4,GOVERNOR,,REP,Over Votes,0,0,0,0
Wise,4,GOVERNOR,,REP,Under Votes,3,0,3,0
Wise,4,GOVERNOR,,REP,GREG ABBOTT,53,17,36,0
Wise,4,GOVERNOR,,REP,LISA FRITSCH,0,0,0,0
Wise,4,GOVERNOR,,REP,SECEDE KILGORE,1,0,1,0
Wise,4,Lieutenant Governor,,REP,DAN PATRICK,27,9,18,0
Wise,4,Lieutenant Governor,,REP,Over Votes,0,0,0,0
Wise,4,Lieutenant Governor,,REP,Under Votes,3,0,3,0
Wise,4,Lieutenant Governor,,REP,JERRY PATTERSON,2,0,2,0
Wise,4,Lieutenant Governor,,REP,TODD STAPLES,10,2,8,0
Wise,4,Lieutenant Governor,,REP,DAVID DEWHURST,16,6,10,0
Wise,4,Attorney General,,REP,DAN BRANCH,16,6,10,0
Wise,4,Attorney General,,REP,Over Votes,0,0,0,0
Wise,4,Attorney General,,REP,Under Votes,5,1,4,0
Wise,4,Attorney General,,REP,KEN PAXTON,30,8,22,0
Wise,4,Attorney General,,REP,BARRY SMITHERMAN,7,2,5,0
Wise,4,Comptroller	of Public Accounts,,REP,RAUL TORRES,4,2,2,0
Wise,4,Comptroller	of Public Accounts,,REP,Over Votes,0,0,0,0
Wise,4,Comptroller	of Public Accounts,,REP,Under Votes,8,3,5,0
Wise,4,Comptroller	of Public Accounts,,REP,GLEN HEGAR,22,4,18,0
Wise,4,Comptroller	of Public Accounts,,REP,HARVEY HILDERBRAN,8,2,6,0
Wise,4,Comptroller	of Public Accounts,,REP,DEBRA MEDINA,16,6,10,0
Wise,4,COMMISSIONER OF THE GENERAL LAND OFFICE,,REP,DAVID WATTS,22,4,18,0
Wise,4,COMMISSIONER OF THE GENERAL LAND OFFICE,,REP,Over Votes,0,0,0,0
Wise,4,COMMISSIONER OF THE GENERAL LAND OFFICE,,REP,Under Votes,4,0,4,0
Wise,4,COMMISSIONER OF THE GENERAL LAND OFFICE,,REP,GEORGE P. BUSH,32,13,19,0
Wise,4,Commissioner of Agriculture,,REP,J. ALLEN CARNES,6,1,5,0
Wise,4,Commissioner of Agriculture,,REP,Over Votes,0,0,0,0
Wise,4,Commissioner of Agriculture,,REP,Under Votes,4,2,2,0
Wise,4,Commissioner of Agriculture,,REP,TOMMY MERRITT,6,2,4,0
Wise,4,Commissioner of Agriculture,,REP,SID MILLER,19,6,13,0
Wise,4,Commissioner of Agriculture,,REP,ERIC OPIELA,15,3,12,0
Wise,4,Commissioner of Agriculture,,REP,JOE COTTEN,8,3,5,0
Wise,4,Railroad Commissioner,,REP,WAYNE CHRISTIAN,35,10,25,0
Wise,4,Railroad Commissioner,,REP,Over Votes,0,0,0,0
Wise,4,Railroad Commissioner,,REP,Under Votes,6,2,4,0
Wise,4,Railroad Commissioner,,REP,RYAN SITTON,10,3,7,0
Wise,4,Railroad Commissioner,,REP,MALACHI BOYULS,1,0,1,0
Wise,4,Railroad Commissioner,,REP,BECKY BERGER,6,2,4,0
Wise,4,"CHIEF JUSTICE, SUPREME COURT",,REP,NATHAN HECHT,32,10,22,0
Wise,4,"CHIEF JUSTICE, SUPREME COURT",,REP,Over Votes,0,0,0,0
Wise,4,"CHIEF JUSTICE, SUPREME COURT",,REP,Under Votes,9,3,6,0
Wise,4,"CHIEF JUSTICE, SUPREME COURT",,REP,ROBERT TALTON,17,4,13,0
Wise,4,"JUSTICE, SUPREME COURT, PLACE 6, UNEXPIRED TERM",,REP,JEFF BROWN,33,10,23,0
Wise,4,"JUSTICE, SUPREME COURT, PLACE 6, UNEXPIRED TERM",,REP,Over Votes,0,0,0,0
Wise,4,"JUSTICE, SUPREME COURT, PLACE 6, UNEXPIRED TERM",,REP,Under Votes,8,2,6,0
Wise,4,"JUSTICE, SUPREME COURT, PLACE 6, UNEXPIRED TERM",,REP,JOE POOL,17,5,12,0
Wise,4,"JUSTICE, SUPREME COURT, PLACE 7",,REP,JEFF BOYD,48,14,34,0
Wise,4,"JUSTICE, SUPREME COURT, PLACE 7",,REP,Over Votes,0,0,0,0
Wise,4,"JUSTICE, SUPREME COURT, PLACE 7",,REP,Under Votes,10,3,7,0
Wise,4,"JUSTICE, SUPREME COURT, PLACE 8",,REP,SHARON MCCALLY,18,8,10,0
Wise,4,"JUSTICE, SUPREME COURT, PLACE 8",,REP,Over Votes,0,0,0,0
Wise,4,"JUSTICE, SUPREME COURT, PLACE 8",,REP,Under Votes,7,1,6,0
Wise,4,"JUSTICE, SUPREME COURT, PLACE 8",,REP,PHIL JOHNSON,33,8,25,0
Wise,4,"JUDGE, COURT OF CRIMINAL APPEALS, PLACE 3",,REP,BERT RICHARDSON,24,7,17,0
Wise,4,"JUDGE, COURT OF CRIMINAL APPEALS, PLACE 3",,REP,Over Votes,0,0,0,0
Wise,4,"JUDGE, COURT OF CRIMINAL APPEALS, PLACE 3",,REP,Under Votes,11,3,8,0
Wise,4,"JUDGE, COURT OF CRIMINAL APPEALS, PLACE 3",,REP,BARBARA WALTHER,23,7,16,0
Wise,4,"JUDGE, COURT OF CRIMINAL APPEALS, PLACE 4",,REP,JANI JO WOOD,10,5,5,0
Wise,4,"JUDGE, COURT OF CRIMINAL APPEALS, PLACE 4",,REP,Over Votes,0,0,0,0
Wise,4,"JUDGE, COURT OF CRIMINAL APPEALS, PLACE 4",,REP,Under Votes,10,3,7,0
Wise,4,"JUDGE, COURT OF CRIMINAL APPEALS, PLACE 4",,REP,RICHARD DEAN DAVIS,19,5,14,0
Wise,4,"JUDGE, COURT OF CRIMINAL APPEALS, PLACE 4",,REP,KEVIN PATRICK YEARY,19,4,15,0
Wise,4,"JUDGE, COURT OF CRIMINAL APPEALS, PLACE 9",,REP,"W.C. ""BUD"" KIRKENDALL",31,8,23,0
Wise,4,"JUDGE, COURT OF CRIMINAL APPEALS, PLACE 9",,REP,Over Votes,0,0,0,0
Wise,4,"JUDGE, COURT OF CRIMINAL APPEALS, PLACE 9",,REP,Under Votes,10,2,8,0
Wise,4,"JUDGE, COURT OF CRIMINAL APPEALS, PLACE 9",,REP,DAVID NEWELL,17,7,10,0
Wise,4,"STATE SENATOR, DISTRICT 30",,REP,CRAIG ESTES,48,15,33,0
Wise,4,"STATE SENATOR, DISTRICT 30",,REP,Over Votes,0,0,0,0
Wise,4,"STATE SENATOR, DISTRICT 30",,REP,Under Votes,10,2,8,0
Wise,4,"STATE REPRESENTATIVE, DISTRICT 61",,REP,PHIL KING,50,16,34,0
Wise,4,"STATE REPRESENTATIVE, DISTRICT 61",,REP,Over Votes,0,0,0,0
Wise,4,"STATE REPRESENTATIVE, DISTRICT 61",,REP,Under Votes,8,1,7,0
Wise,4,"JUSTICE, 2ND COURT OF APPEALS, PLACE 2",,REP,BILL MEIER,45,15,30,0
Wise,4,"JUSTICE, 2ND COURT OF APPEALS, PLACE 2",,REP,Over Votes,0,0,0,0
Wise,4,"JUSTICE, 2ND COURT OF APPEALS, PLACE 2",,REP,Under Votes,13,2,11,0
Wise,4,"JUSTICE, 2ND COURT OF APPEALS, PLACE 7",,REP,LEE GABRIEL,41,12,29,0
Wise,4,"JUSTICE, 2ND COURT OF APPEALS, PLACE 7",,REP,Over Votes,0,0,0,0
Wise,4,"JUSTICE, 2ND COURT OF APPEALS, PLACE 7",,REP,Under Votes,17,5,12,0
Wise,4,"DISTRICT JUDGE, 271ST JUDICIAL DISTRICT",,REP,JOHN H. FOSTEL,51,17,34,0
Wise,4,"DISTRICT JUDGE, 271ST JUDICIAL DISTRICT",,REP,Over Votes,0,0,0,0
Wise,4,"DISTRICT JUDGE, 271ST JUDICIAL DISTRICT",,REP,Under Votes,7,0,7,0
Wise,4,COUNTY JUDGE,,REP,KYLE E. STEPHENS,11,5,6,0
Wise,4,COUNTY JUDGE,,REP,Over Votes,0,0,0,0
Wise,4,COUNTY JUDGE,,REP,Under Votes,3,0,3,0
Wise,4,COUNTY JUDGE,,REP,J.D. CLARK,32,10,22,0
Wise,4,COUNTY JUDGE,,REP,KEITH MCCOMIS,12,2,10,0
Wise,4,"JUDGE,COUNTY COURT AT LAW NUMBER 1",,REP,MELTON D. CUDE,48,16,32,0
Wise,4,"JUDGE,COUNTY COURT AT LAW NUMBER 1",,REP,Over Votes,0,0,0,0
Wise,4,"JUDGE,COUNTY COURT AT LAW NUMBER 1",,REP,Under Votes,10,1,9,0
Wise,4,DISTRICT CLERK,,REP,BRENDA STARNES ROWE,28,7,21,0
Wise,4,DISTRICT CLERK,,REP,Over Votes,0,0,0,0
Wise,4,DISTRICT CLERK,,REP,Under Votes,5,0,5,0
Wise,4,DISTRICT CLERK,,REP,CALLIE WATTS MANNING,25,10,15,0
Wise,4,COUNTY CLERK,,REP,SHERRY COURSEY LEMON,52,17,35,0
Wise,4,COUNTY CLERK,,REP,Over Votes,0,0,0,0
Wise,4,COUNTY CLERK,,REP,Under Votes,6,0,6,0
Wise,4,COUNTY TREASURER,,REP,KATHERINE CANOVA HUDSON,45,12,33,0
Wise,4,COUNTY TREASURER,,REP,Over Votes,0,0,0,0
Wise,4,COUNTY TREASURER,,REP,Under Votes,2,0,2,0
Wise,4,COUNTY TREASURER,,REP,DANIEL E. RIVAS,11,5,6,0
Wise,4,"JUSTICE OF THE PEACE, PRECINCT 1",,REP,JAN MORROW,45,14,31,0
Wise,4,"JUSTICE OF THE PEACE, PRECINCT 1",,REP,Over Votes,0,0,0,0
Wise,4,"JUSTICE OF THE PEACE, PRECINCT 1",,REP,Under Votes,0,0,0,0
Wise,4,"JUSTICE OF THE PEACE, PRECINCT 1",,REP,JOSH REYNOLDS,13,3,10,0
Wise,4,COUNTY CHAIRMAN,,REP,ALLEN L. WILLIAMSON,51,17,34,0
Wise,4,COUNTY CHAIRMAN,,REP,Over Votes,0,0,0,0
Wise,4,COUNTY CHAIRMAN,,REP,Under Votes,7,0,7,0
Wise,4,U.S. Senate D,,DEM,"MICHAEL ""FJET"" FJETLAND",3,0,3,0
Wise,4,U.S. Senate D,,DEM,Over Votes,0,0,0,0
Wise,4,U.S. Senate D,,DEM,Under Votes,0,0,0,0
Wise,4,U.S. Senate D,,DEM,MAXEY MARIE SCHERR,1,1,0,0
Wise,4,U.S. Senate D,,DEM,HARRY KIM,1,0,1,0
Wise,4,U.S. Senate D,,DEM,DAVID M. ALAMEEL,4,3,1,0
Wise,4,U.S. Senate D,,DEM,KESHA ROGERS,1,0,1,0
Wise,4,"U.S. REPRESENTATIVE, DISTRICT 13 D",,DEM,MIKE MINTER,8,4,4,0
Wise,4,"U.S. REPRESENTATIVE, DISTRICT 13 D",,DEM,Over Votes,0,0,0,0
Wise,4,"U.S. REPRESENTATIVE, DISTRICT 13 D",,DEM,Under Votes,2,0,2,0
Wise,4,GOVERNOR D,,DEM,"REYNALDO ""RAY"" MADRIGAL",0,0,0,0
Wise,4,GOVERNOR D,,DEM,Over Votes,0,0,0,0
Wise,4,GOVERNOR D,,DEM,Under Votes,0,0,0,0
Wise,4,GOVERNOR D,,DEM,WENDY R. DAVIS,10,4,6,0
Wise,4,Lieutenant Governor D,,DEM,LETICIA VAN DE PUTTE,9,4,5,0
Wise,4,Lieutenant Governor D,,DEM,Over Votes,0,0,0,0
Wise,4,Lieutenant Governor D,,DEM,Under Votes,1,0,1,0
Wise,4,Attorney General D,,DEM,SAM HOUSTON,9,4,5,0
Wise,4,Attorney General D,,DEM,Over Votes,0,0,0,0
Wise,4,Attorney General D,,DEM,Under Votes,1,0,1,0
Wise,4,Comptroller	of Public Accounts D,,DEM,MIKE COLLIER,8,4,4,0
Wise,4,Comptroller	of Public Accounts D,,DEM,Over Votes,0,0,0,0
Wise,4,Comptroller	of Public Accounts D,,DEM,Under Votes,2,0,2,0
Wise,4,COMMISSIONER OF THE GENERAL LAND OFFICE D,,DEM,JOHN COOK,8,4,4,0
Wise,4,COMMISSIONER OF THE GENERAL LAND OFFICE D,,DEM,Over Votes,0,0,0,0
Wise,4,COMMISSIONER OF THE GENERAL LAND OFFICE D,,DEM,Under Votes,2,0,2,0
Wise,4,Commissioner of Agriculture D,,DEM,JIM HOGAN,3,1,2,0
Wise,4,Commissioner of Agriculture D,,DEM,Over Votes,0,0,0,0
Wise,4,Commissioner of Agriculture D,,DEM,Under Votes,1,0,1,0
Wise,4,Commissioner of Agriculture D,,DEM,"RICHARD ""KINKY"" FRIEDMAN",3,1,2,0
Wise,4,Commissioner of Agriculture D,,DEM,HUGH ASA FITZSIMONS III,3,2,1,0
Wise,4,Railroad Commissioner D,,DEM,STEVE BROWN,7,4,3,0
Wise,4,Railroad Commissioner D,,DEM,Over Votes,0,0,0,0
Wise,4,Railroad Commissioner D,,DEM,Under Votes,1,0,1,0
Wise,4,Railroad Commissioner D,,DEM,DALE HENRY,2,0,2,0
Wise,4,"CHIEF JUSTICE, SUPREME COURT D",,DEM,WILLIAM MOODY,8,4,4,0
Wise,4,"CHIEF JUSTICE, SUPREME COURT D",,DEM,Over Votes,0,0,0,0
Wise,4,"CHIEF JUSTICE, SUPREME COURT D",,DEM,Under Votes,2,0,2,0
Wise,4,"JUSTICE, SUPREME COURT, PLACE 6, UNEXPIRED TERM D",,DEM,LAWRENCE EDWARD MEYERS,8,4,4,0
Wise,4,"JUSTICE, SUPREME COURT, PLACE 6, UNEXPIRED TERM D",,DEM,Over Votes,0,0,0,0
Wise,4,"JUSTICE, SUPREME COURT, PLACE 6, UNEXPIRED TERM D",,DEM,Under Votes,2,0,2,0
Wise,4,"JUSTICE, SUPREME COURT, PLACE 7 D",,DEM,GINA BENAVIDES,8,4,4,0
Wise,4,"JUSTICE, SUPREME COURT, PLACE 7 D",,DEM,Over Votes,0,0,0,0
Wise,4,"JUSTICE, SUPREME COURT, PLACE 7 D",,DEM,Under Votes,2,0,2,0
Wise,4,"JUDGE, COURT OF CRIMINAL APPEALS, PLACE 3 D",,DEM,JOHN GRANBERG,9,4,5,0
Wise,4,"JUDGE, COURT OF CRIMINAL APPEALS, PLACE 3 D",,DEM,Over Votes,0,0,0,0
Wise,4,"JUDGE, COURT OF CRIMINAL APPEALS, PLACE 3 D",,DEM,Under Votes,1,0,1,0
Wise,4,"STATE REPRESENTATIVE, DISTRICT 61 D",,DEM,MATTHEW BRITT,9,4,5,0
Wise,4,"STATE REPRESENTATIVE, DISTRICT 61 D",,DEM,Over Votes,0,0,0,0
Wise,4,"STATE REPRESENTATIVE, DISTRICT 61 D",,DEM,Under Votes,1,0,1,0
Wise,4,COUNTY JUDGE D,,DEM,"JAMES ""JIM"" STEGALL",9,4,5,0
Wise,4,COUNTY JUDGE D,,DEM,Over Votes,0,0,0,0
Wise,4,COUNTY JUDGE D,,DEM,Under Votes,1,0,1,0
Wise,4,COUNTY PARTY CHAIR D,,DEM,TRACY A. SMITH,8,4,4,0
Wise,4,COUNTY PARTY CHAIR D,,DEM,Over Votes,0,0,0,0
Wise,4,COUNTY PARTY CHAIR D,,DEM,Under Votes,2,0,2,0
Wise,4,RELIGIOUS FREEDOM,,,YES,57,17,40,0
Wise,4,RELIGIOUS FREEDOM,,,Over Votes,0,0,0,0
Wise,4,RELIGIOUS FREEDOM,,,Under Votes,0,0,0,0
Wise,4,RELIGIOUS FREEDOM,,,NO,1,0,1,0
Wise,4,ON IMMIGRATION REFORM D,,,FOR,9,4,5,0
Wise,4,ON IMMIGRATION REFORM D,,,Over Votes,0,0,0,0
Wise,4,ON IMMIGRATION REFORM D,,,Under Votes,0,0,0,0
Wise,4,ON IMMIGRATION REFORM D,,,AGAINST,1,0,1,0
Wise,4,SECOND AMENDMENT,,,YES,54,15,39,0
Wise,4,SECOND AMENDMENT,,,Over Votes,0,0,0,0
Wise,4,SECOND AMENDMENT,,,Under Votes,1,0,1,0
Wise,4,SECOND AMENDMENT,,,NO,3,2,1,0
Wise,4,A LIVING WAGE FOR ALL TEXANS D,,,FOR,10,4,6,0
Wise,4,A LIVING WAGE FOR ALL TEXANS D,,,Over Votes,0,0,0,0
Wise,4,A LIVING WAGE FOR ALL TEXANS D,,,Under Votes,0,0,0,0
Wise,4,A LIVING WAGE FOR ALL TEXANS D,,,AGAINST,0,0,0,0
Wise,4,FRANCHISE TAX,,,YES,48,15,33,0
Wise,4,FRANCHISE TAX,,,Over Votes,0,0,0,0
Wise,4,FRANCHISE TAX,,,Under Votes,2,1,1,0
Wise,4,FRANCHISE TAX,,,NO,8,1,7,0
Wise,4,MEDICAID EXPANSION D,,,FOR,10,4,6,0
Wise,4,MEDICAID EXPANSION D,,,Over Votes,0,0,0,0
Wise,4,MEDICAID EXPANSION D,,,Under Votes,0,0,0,0
Wise,4,MEDICAID EXPANSION D,,,AGAINST,0,0,0,0
Wise,4,WELFARE REFORM,,,YES,54,16,38,0
Wise,4,WELFARE REFORM,,,Over Votes,0,0,0,0
Wise,4,WELFARE REFORM,,,Under Votes,1,0,1,0
Wise,4,WELFARE REFORM,,,NO,3,1,2,0
Wise,4,ON NON-DISCRIMINATION LEGISLATION D,,,FOR,8,4,4,0
Wise,4,ON NON-DISCRIMINATION LEGISLATION D,,,Over Votes,0,0,0,0
Wise,4,ON NON-DISCRIMINATION LEGISLATION D,,,Under Votes,1,0,1,0
Wise,4,ON NON-DISCRIMINATION LEGISLATION D,,,AGAINST,1,0,1,0
Wise,4,NO LAWMAKER EXCEPTIONS,,,YES,58,17,41,0
Wise,4,NO LAWMAKER EXCEPTIONS,,,Over Votes,0,0,0,0
Wise,4,NO LAWMAKER EXCEPTIONS,,,Under Votes,0,0,0,0
Wise,4,NO LAWMAKER EXCEPTIONS,,,NO,0,0,0,0
Wise,4,OBAMACARE,,,YES,57,17,40,0
Wise,4,OBAMACARE,,,Over Votes,0,0,0,0
Wise,4,OBAMACARE,,,Under Votes,0,0,0,0
Wise,4,OBAMACARE,,,NO,1,0,1,0
Wise,5,U.S. Senate,,REP,JOHN CORNYN,82,43,39,0
Wise,5,U.S. Senate,,REP,Over Votes,0,0,0,0
Wise,5,U.S. Senate,,REP,Under Votes,10,8,2,0
Wise,5,U.S. Senate,,REP,REID REASOR,11,4,7,0
Wise,5,U.S. Senate,,REP,STEVE STOCKMAN,43,12,31,0
Wise,5,U.S. Senate,,REP,CURT CLEAVER,2,0,2,0
Wise,5,U.S. Senate,,REP,LINDA VEGA,10,7,3,0
Wise,5,U.S. Senate,,REP,KEN COPE,3,1,2,0
Wise,5,U.S. Senate,,REP,DWAYNE STOVALL,15,2,13,0
Wise,5,U.S. Senate,,REP,CHRIS MAPP,3,3,0,0
Wise,5,"U.S. REPRESENTATIVE, DISTRICT 12",,REP,KAY GRANGER,147,66,81,0
Wise,5,"U.S. REPRESENTATIVE, DISTRICT 12",,REP,Over Votes,0,0,0,0
Wise,5,"U.S. REPRESENTATIVE, DISTRICT 12",,REP,Under Votes,32,14,18,0
Wise,5,GOVERNOR,,REP,MIRIAM MARTINEZ,9,8,1,0
Wise,5,GOVERNOR,,REP,Over Votes,0,0,0,0
Wise,5,GOVERNOR,,REP,Under Votes,6,4,2,0
Wise,5,GOVERNOR,,REP,GREG ABBOTT,153,66,87,0
Wise,5,GOVERNOR,,REP,LISA FRITSCH,8,1,7,0
Wise,5,GOVERNOR,,REP,SECEDE KILGORE,3,1,2,0
Wise,5,Lieutenant Governor,,REP,DAN PATRICK,79,41,38,0
Wise,5,Lieutenant Governor,,REP,Over Votes,0,0,0,0
Wise,5,Lieutenant Governor,,REP,Under Votes,8,6,2,0
Wise,5,Lieutenant Governor,,REP,JERRY PATTERSON,25,7,18,0
Wise,5,Lieutenant Governor,,REP,TODD STAPLES,32,11,21,0
Wise,5,Lieutenant Governor,,REP,DAVID DEWHURST,35,15,20,0
Wise,5,Attorney General,,REP,DAN BRANCH,62,29,33,0
Wise,5,Attorney General,,REP,Over Votes,0,0,0,0
Wise,5,Attorney General,,REP,Under Votes,12,8,4,0
Wise,5,Attorney General,,REP,KEN PAXTON,85,35,50,0
Wise,5,Attorney General,,REP,BARRY SMITHERMAN,20,8,12,0
Wise,5,Comptroller	of Public Accounts,,REP,RAUL TORRES,14,7,7,0
Wise,5,Comptroller	of Public Accounts,,REP,Over Votes,0,0,0,0
Wise,5,Comptroller	of Public Accounts,,REP,Under Votes,20,7,13,0
Wise,5,Comptroller	of Public Accounts,,REP,GLEN HEGAR,73,27,46,0
Wise,5,Comptroller	of Public Accounts,,REP,HARVEY HILDERBRAN,36,21,15,0
Wise,5,Comptroller	of Public Accounts,,REP,DEBRA MEDINA,36,18,18,0
Wise,5,COMMISSIONER OF THE GENERAL LAND OFFICE,,REP,DAVID WATTS,57,25,32,0
Wise,5,COMMISSIONER OF THE GENERAL LAND OFFICE,,REP,Over Votes,0,0,0,0
Wise,5,COMMISSIONER OF THE GENERAL LAND OFFICE,,REP,Under Votes,10,5,5,0
Wise,5,COMMISSIONER OF THE GENERAL LAND OFFICE,,REP,GEORGE P. BUSH,112,50,62,0
Wise,5,Commissioner of Agriculture,,REP,J. ALLEN CARNES,22,11,11,0
Wise,5,Commissioner of Agriculture,,REP,Over Votes,0,0,0,0
Wise,5,Commissioner of Agriculture,,REP,Under Votes,15,8,7,0
Wise,5,Commissioner of Agriculture,,REP,TOMMY MERRITT,22,13,9,0
Wise,5,Commissioner of Agriculture,,REP,SID MILLER,48,28,20,0
Wise,5,Commissioner of Agriculture,,REP,ERIC OPIELA,47,14,33,0
Wise,5,Commissioner of Agriculture,,REP,JOE COTTEN,25,6,19,0
Wise,5,Railroad Commissioner,,REP,WAYNE CHRISTIAN,71,28,43,0
Wise,5,Railroad Commissioner,,REP,Over Votes,0,0,0,0
Wise,5,Railroad Commissioner,,REP,Under Votes,19,9,10,0
Wise,5,Railroad Commissioner,,REP,RYAN SITTON,52,29,23,0
Wise,5,Railroad Commissioner,,REP,MALACHI BOYULS,9,5,4,0
Wise,5,Railroad Commissioner,,REP,BECKY BERGER,28,9,19,0
Wise,5,"CHIEF JUSTICE, SUPREME COURT",,REP,NATHAN HECHT,92,39,53,0
Wise,5,"CHIEF JUSTICE, SUPREME COURT",,REP,Over Votes,0,0,0,0
Wise,5,"CHIEF JUSTICE, SUPREME COURT",,REP,Under Votes,20,12,8,0
Wise,5,"CHIEF JUSTICE, SUPREME COURT",,REP,ROBERT TALTON,67,29,38,0
Wise,5,"JUSTICE, SUPREME COURT, PLACE 6, UNEXPIRED TERM",,REP,JEFF BROWN,118,55,63,0
Wise,5,"JUSTICE, SUPREME COURT, PLACE 6, UNEXPIRED TERM",,REP,Over Votes,0,0,0,0
Wise,5,"JUSTICE, SUPREME COURT, PLACE 6, UNEXPIRED TERM",,REP,Under Votes,18,10,8,0
Wise,5,"JUSTICE, SUPREME COURT, PLACE 6, UNEXPIRED TERM",,REP,JOE POOL,43,15,28,0
Wise,5,"JUSTICE, SUPREME COURT, PLACE 7",,REP,JEFF BOYD,152,66,86,0
Wise,5,"JUSTICE, SUPREME COURT, PLACE 7",,REP,Over Votes,0,0,0,0
Wise,5,"JUSTICE, SUPREME COURT, PLACE 7",,REP,Under Votes,27,14,13,0
Wise,5,"JUSTICE, SUPREME COURT, PLACE 8",,REP,SHARON MCCALLY,56,29,27,0
Wise,5,"JUSTICE, SUPREME COURT, PLACE 8",,REP,Over Votes,0,0,0,0
Wise,5,"JUSTICE, SUPREME COURT, PLACE 8",,REP,Under Votes,18,9,9,0
Wise,5,"JUSTICE, SUPREME COURT, PLACE 8",,REP,PHIL JOHNSON,105,42,63,0
Wise,5,"JUDGE, COURT OF CRIMINAL APPEALS, PLACE 3",,REP,BERT RICHARDSON,92,44,48,0
Wise,5,"JUDGE, COURT OF CRIMINAL APPEALS, PLACE 3",,REP,Over Votes,0,0,0,0
Wise,5,"JUDGE, COURT OF CRIMINAL APPEALS, PLACE 3",,REP,Under Votes,24,12,12,0
Wise,5,"JUDGE, COURT OF CRIMINAL APPEALS, PLACE 3",,REP,BARBARA WALTHER,63,24,39,0
Wise,5,"JUDGE, COURT OF CRIMINAL APPEALS, PLACE 4",,REP,JANI JO WOOD,29,13,16,0
Wise,5,"JUDGE, COURT OF CRIMINAL APPEALS, PLACE 4",,REP,Over Votes,0,0,0,0
Wise,5,"JUDGE, COURT OF CRIMINAL APPEALS, PLACE 4",,REP,Under Votes,22,12,10,0
Wise,5,"JUDGE, COURT OF CRIMINAL APPEALS, PLACE 4",,REP,RICHARD DEAN DAVIS,55,22,33,0
Wise,5,"JUDGE, COURT OF CRIMINAL APPEALS, PLACE 4",,REP,KEVIN PATRICK YEARY,73,33,40,0
Wise,5,"JUDGE, COURT OF CRIMINAL APPEALS, PLACE 9",,REP,"W.C. ""BUD"" KIRKENDALL",81,35,46,0
Wise,5,"JUDGE, COURT OF CRIMINAL APPEALS, PLACE 9",,REP,Over Votes,0,0,0,0
Wise,5,"JUDGE, COURT OF CRIMINAL APPEALS, PLACE 9",,REP,Under Votes,20,11,9,0
Wise,5,"JUDGE, COURT OF CRIMINAL APPEALS, PLACE 9",,REP,DAVID NEWELL,78,34,44,0
Wise,5,"STATE SENATOR, DISTRICT 30",,REP,CRAIG ESTES,152,69,83,0
Wise,5,"STATE SENATOR, DISTRICT 30",,REP,Over Votes,0,0,0,0
Wise,5,"STATE SENATOR, DISTRICT 30",,REP,Under Votes,27,11,16,0
Wise,5,"STATE REPRESENTATIVE, DISTRICT 61",,REP,PHIL KING,154,69,85,0
Wise,5,"STATE REPRESENTATIVE, DISTRICT 61",,REP,Over Votes,0,0,0,0
Wise,5,"STATE REPRESENTATIVE, DISTRICT 61",,REP,Under Votes,25,11,14,0
Wise,5,"JUSTICE, 2ND COURT OF APPEALS, PLACE 2",,REP,BILL MEIER,146,65,81,0
Wise,5,"JUSTICE, 2ND COURT OF APPEALS, PLACE 2",,REP,Over Votes,0,0,0,0
Wise,5,"JUSTICE, 2ND COURT OF APPEALS, PLACE 2",,REP,Under Votes,33,15,18,0
Wise,5,"JUSTICE, 2ND COURT OF APPEALS, PLACE 7",,REP,LEE GABRIEL,140,62,78,0
Wise,5,"JUSTICE, 2ND COURT OF APPEALS, PLACE 7",,REP,Over Votes,0,0,0,0
Wise,5,"JUSTICE, 2ND COURT OF APPEALS, PLACE 7",,REP,Under Votes,39,18,21,0
Wise,5,"DISTRICT JUDGE, 271ST JUDICIAL DISTRICT",,REP,JOHN H. FOSTEL,152,69,83,0
Wise,5,"DISTRICT JUDGE, 271ST JUDICIAL DISTRICT",,REP,Over Votes,0,0,0,0
Wise,5,"DISTRICT JUDGE, 271ST JUDICIAL DISTRICT",,REP,Under Votes,27,11,16,0
Wise,5,COUNTY JUDGE,,REP,KYLE E. STEPHENS,50,30,20,0
Wise,5,COUNTY JUDGE,,REP,Over Votes,0,0,0,0
Wise,5,COUNTY JUDGE,,REP,Under Votes,15,4,11,0
Wise,5,COUNTY JUDGE,,REP,J.D. CLARK,86,35,51,0
Wise,5,COUNTY JUDGE,,REP,KEITH MCCOMIS,28,11,17,0
Wise,5,"JUDGE,COUNTY COURT AT LAW NUMBER 1",,REP,MELTON D. CUDE,154,71,83,0
Wise,5,"JUDGE,COUNTY COURT AT LAW NUMBER 1",,REP,Over Votes,0,0,0,0
Wise,5,"JUDGE,COUNTY COURT AT LAW NUMBER 1",,REP,Under Votes,25,9,16,0
Wise,5,DISTRICT CLERK,,REP,BRENDA STARNES ROWE,93,44,49,0
Wise,5,DISTRICT CLERK,,REP,Over Votes,0,0,0,0
Wise,5,DISTRICT CLERK,,REP,Under Votes,21,7,14,0
Wise,5,DISTRICT CLERK,,REP,CALLIE WATTS MANNING,65,29,36,0
Wise,5,COUNTY CLERK,,REP,SHERRY COURSEY LEMON,149,65,84,0
Wise,5,COUNTY CLERK,,REP,Over Votes,0,0,0,0
Wise,5,COUNTY CLERK,,REP,Under Votes,30,15,15,0
Wise,5,COUNTY TREASURER,,REP,KATHERINE CANOVA HUDSON,106,53,53,0
Wise,5,COUNTY TREASURER,,REP,Over Votes,0,0,0,0
Wise,5,COUNTY TREASURER,,REP,Under Votes,16,3,13,0
Wise,5,COUNTY TREASURER,,REP,DANIEL E. RIVAS,57,24,33,0
Wise,5,"JUSTICE OF THE PEACE, PRECINCT 1",,REP,JAN MORROW,95,52,43,0
Wise,5,"JUSTICE OF THE PEACE, PRECINCT 1",,REP,Over Votes,0,0,0,0
Wise,5,"JUSTICE OF THE PEACE, PRECINCT 1",,REP,Under Votes,16,3,13,0
Wise,5,"JUSTICE OF THE PEACE, PRECINCT 1",,REP,JOSH REYNOLDS,68,25,43,0
Wise,5,COUNTY CHAIRMAN,,REP,ALLEN L. WILLIAMSON,154,69,85,0
Wise,5,COUNTY CHAIRMAN,,REP,Over Votes,0,0,0,0
Wise,5,COUNTY CHAIRMAN,,REP,Under Votes,25,11,14,0
Wise,5,U.S. Senate D,,DEM,"MICHAEL ""FJET"" FJETLAND",0,0,0,0
Wise,5,U.S. Senate D,,DEM,Over Votes,0,0,0,0
Wise,5,U.S. Senate D,,DEM,Under Votes,1,1,0,0
Wise,5,U.S. Senate D,,DEM,MAXEY MARIE SCHERR,5,0,5,0
Wise,5,U.S. Senate D,,DEM,HARRY KIM,1,0,1,0
Wise,5,U.S. Senate D,,DEM,DAVID M. ALAMEEL,7,2,5,0
Wise,5,U.S. Senate D,,DEM,KESHA ROGERS,2,1,1,0
Wise,5,"U.S. REPRESENTATIVE, DISTRICT 12 D",,DEM,MARK GREENE,14,3,11,0
Wise,5,"U.S. REPRESENTATIVE, DISTRICT 12 D",,DEM,Over Votes,0,0,0,0
Wise,5,"U.S. REPRESENTATIVE, DISTRICT 12 D",,DEM,Under Votes,2,1,1,0
Wise,5,GOVERNOR D,,DEM,"REYNALDO ""RAY"" MADRIGAL",3,1,2,0
Wise,5,GOVERNOR D,,DEM,Over Votes,0,0,0,0
Wise,5,GOVERNOR D,,DEM,Under Votes,0,0,0,0
Wise,5,GOVERNOR D,,DEM,WENDY R. DAVIS,13,3,10,0
Wise,5,Lieutenant Governor D,,DEM,LETICIA VAN DE PUTTE,15,4,11,0
Wise,5,Lieutenant Governor D,,DEM,Over Votes,0,0,0,0
Wise,5,Lieutenant Governor D,,DEM,Under Votes,1,0,1,0
Wise,5,Attorney General D,,DEM,SAM HOUSTON,14,4,10,0
Wise,5,Attorney General D,,DEM,Over Votes,0,0,0,0
Wise,5,Attorney General D,,DEM,Under Votes,2,0,2,0
Wise,5,Comptroller	of Public Accounts D,,DEM,MIKE COLLIER,14,4,10,0
Wise,5,Comptroller	of Public Accounts D,,DEM,Over Votes,0,0,0,0
Wise,5,Comptroller	of Public Accounts D,,DEM,Under Votes,2,0,2,0
Wise,5,COMMISSIONER OF THE GENERAL LAND OFFICE D,,DEM,JOHN COOK,13,4,9,0
Wise,5,COMMISSIONER OF THE GENERAL LAND OFFICE D,,DEM,Over Votes,0,0,0,0
Wise,5,COMMISSIONER OF THE GENERAL LAND OFFICE D,,DEM,Under Votes,3,0,3,0
Wise,5,Commissioner of Agriculture D,,DEM,JIM HOGAN,6,3,3,0
Wise,5,Commissioner of Agriculture D,,DEM,Over Votes,0,0,0,0
Wise,5,Commissioner of Agriculture D,,DEM,Under Votes,0,0,0,0
Wise,5,Commissioner of Agriculture D,,DEM,"RICHARD ""KINKY"" FRIEDMAN",8,1,7,0
Wise,5,Commissioner of Agriculture D,,DEM,HUGH ASA FITZSIMONS III,2,0,2,0
Wise,5,Railroad Commissioner D,,DEM,STEVE BROWN,11,3,8,0
Wise,5,Railroad Commissioner D,,DEM,Over Votes,0,0,0,0
Wise,5,Railroad Commissioner D,,DEM,Under Votes,2,0,2,0
Wise,5,Railroad Commissioner D,,DEM,DALE HENRY,3,1,2,0
Wise,5,"CHIEF JUSTICE, SUPREME COURT D",,DEM,WILLIAM MOODY,13,4,9,0
Wise,5,"CHIEF JUSTICE, SUPREME COURT D",,DEM,Over Votes,0,0,0,0
Wise,5,"CHIEF JUSTICE, SUPREME COURT D",,DEM,Under Votes,3,0,3,0
Wise,5,"JUSTICE, SUPREME COURT, PLACE 6, UNEXPIRED TERM D",,DEM,LAWRENCE EDWARD MEYERS,14,4,10,0
Wise,5,"JUSTICE, SUPREME COURT, PLACE 6, UNEXPIRED TERM D",,DEM,Over Votes,0,0,0,0
Wise,5,"JUSTICE, SUPREME COURT, PLACE 6, UNEXPIRED TERM D",,DEM,Under Votes,2,0,2,0
Wise,5,"JUSTICE, SUPREME COURT, PLACE 7 D",,DEM,GINA BENAVIDES,14,4,10,0
Wise,5,"JUSTICE, SUPREME COURT, PLACE 7 D",,DEM,Over Votes,0,0,0,0
Wise,5,"JUSTICE, SUPREME COURT, PLACE 7 D",,DEM,Under Votes,2,0,2,0
Wise,5,"JUDGE, COURT OF CRIMINAL APPEALS, PLACE 3 D",,DEM,JOHN GRANBERG,14,4,10,0
Wise,5,"JUDGE, COURT OF CRIMINAL APPEALS, PLACE 3 D",,DEM,Over Votes,0,0,0,0
Wise,5,"JUDGE, COURT OF CRIMINAL APPEALS, PLACE 3 D",,DEM,Under Votes,2,0,2,0
Wise,5,"STATE REPRESENTATIVE, DISTRICT 61 D",,DEM,MATTHEW BRITT,14,4,10,0
Wise,5,"STATE REPRESENTATIVE, DISTRICT 61 D",,DEM,Over Votes,0,0,0,0
Wise,5,"STATE REPRESENTATIVE, DISTRICT 61 D",,DEM,Under Votes,2,0,2,0
Wise,5,COUNTY JUDGE D,,DEM,"JAMES ""JIM"" STEGALL",12,3,9,0
Wise,5,COUNTY JUDGE D,,DEM,Over Votes,0,0,0,0
Wise,5,COUNTY JUDGE D,,DEM,Under Votes,4,1,3,0
Wise,5,COUNTY PARTY CHAIR D,,DEM,TRACY A. SMITH,15,4,11,0
Wise,5,COUNTY PARTY CHAIR D,,DEM,Over Votes,0,0,0,0
Wise,5,COUNTY PARTY CHAIR D,,DEM,Under Votes,1,0,1,0
Wise,5,RELIGIOUS FREEDOM,,,YES,169,75,94,0
Wise,5,RELIGIOUS FREEDOM,,,Over Votes,0,0,0,0
Wise,5,RELIGIOUS FREEDOM,,,Under Votes,8,4,4,0
Wise,5,RELIGIOUS FREEDOM,,,NO,2,1,1,0
Wise,5,ON IMMIGRATION REFORM D,,,FOR,14,3,11,0
Wise,5,ON IMMIGRATION REFORM D,,,Over Votes,0,0,0,0
Wise,5,ON IMMIGRATION REFORM D,,,Under Votes,0,0,0,0
Wise,5,ON IMMIGRATION REFORM D,,,AGAINST,2,1,1,0
Wise,5,SECOND AMENDMENT,,,YES,162,69,93,0
Wise,5,SECOND AMENDMENT,,,Over Votes,0,0,0,0
Wise,5,SECOND AMENDMENT,,,Under Votes,9,4,5,0
Wise,5,SECOND AMENDMENT,,,NO,8,7,1,0
Wise,5,A LIVING WAGE FOR ALL TEXANS D,,,FOR,15,4,11,0
Wise,5,A LIVING WAGE FOR ALL TEXANS D,,,Over Votes,0,0,0,0
Wise,5,A LIVING WAGE FOR ALL TEXANS D,,,Under Votes,0,0,0,0
Wise,5,A LIVING WAGE FOR ALL TEXANS D,,,AGAINST,1,0,1,0
Wise,5,FRANCHISE TAX,,,YES,150,67,83,0
Wise,5,FRANCHISE TAX,,,Over Votes,0,0,0,0
Wise,5,FRANCHISE TAX,,,Under Votes,12,8,4,0
Wise,5,FRANCHISE TAX,,,NO,17,5,12,0
Wise,5,MEDICAID EXPANSION D,,,FOR,14,4,10,0
Wise,5,MEDICAID EXPANSION D,,,Over Votes,0,0,0,0
Wise,5,MEDICAID EXPANSION D,,,Under Votes,0,0,0,0
Wise,5,MEDICAID EXPANSION D,,,AGAINST,2,0,2,0
Wise,5,WELFARE REFORM,,,YES,157,72,85,0
Wise,5,WELFARE REFORM,,,Over Votes,0,0,0,0
Wise,5,WELFARE REFORM,,,Under Votes,9,5,4,0
Wise,5,WELFARE REFORM,,,NO,13,3,10,0
Wise,5,ON NON-DISCRIMINATION LEGISLATION D,,,FOR,15,4,11,0
Wise,5,ON NON-DISCRIMINATION LEGISLATION D,,,Over Votes,0,0,0,0
Wise,5,ON NON-DISCRIMINATION LEGISLATION D,,,Under Votes,0,0,0,0
Wise,5,ON NON-DISCRIMINATION LEGISLATION D,,,AGAINST,1,0,1,0
Wise,5,NO LAWMAKER EXCEPTIONS,,,YES,171,75,96,0
Wise,5,NO LAWMAKER EXCEPTIONS,,,Over Votes,0,0,0,0
Wise,5,NO LAWMAKER EXCEPTIONS,,,Under Votes,7,5,2,0
Wise,5,NO LAWMAKER EXCEPTIONS,,,NO,1,0,1,0
Wise,5,OBAMACARE,,,YES,163,72,91,0
Wise,5,OBAMACARE,,,Over Votes,0,0,0,0
Wise,5,OBAMACARE,,,Under Votes,7,3,4,0
Wise,5,OBAMACARE,,,NO,9,5,4,0
Wise,6,U.S. Senate,,REP,JOHN CORNYN,70,26,44,0
Wise,6,U.S. Senate,,REP,Over Votes,0,0,0,0
Wise,6,U.S. Senate,,REP,Under Votes,2,1,1,0
Wise,6,U.S. Senate,,REP,REID REASOR,2,0,2,0
Wise,6,U.S. Senate,,REP,STEVE STOCKMAN,48,13,35,0
Wise,6,U.S. Senate,,REP,CURT CLEAVER,1,0,1,0
Wise,6,U.S. Senate,,REP,LINDA VEGA,8,2,6,0
Wise,6,U.S. Senate,,REP,KEN COPE,2,0,2,0
Wise,6,U.S. Senate,,REP,DWAYNE STOVALL,12,5,7,0
Wise,6,U.S. Senate,,REP,CHRIS MAPP,4,3,1,0
Wise,6,"U.S. REPRESENTATIVE, DISTRICT 12",,REP,KAY GRANGER,128,44,84,0
Wise,6,"U.S. REPRESENTATIVE, DISTRICT 12",,REP,Over Votes,0,0,0,0
Wise,6,"U.S. REPRESENTATIVE, DISTRICT 12",,REP,Under Votes,21,6,15,0
Wise,6,GOVERNOR,,REP,MIRIAM MARTINEZ,6,1,5,0
Wise,6,GOVERNOR,,REP,Over Votes,0,0,0,0
Wise,6,GOVERNOR,,REP,Under Votes,2,1,1,0
Wise,6,GOVERNOR,,REP,GREG ABBOTT,132,45,87,0
Wise,6,GOVERNOR,,REP,LISA FRITSCH,6,2,4,0
Wise,6,GOVERNOR,,REP,SECEDE KILGORE,3,1,2,0
Wise,6,Lieutenant Governor,,REP,DAN PATRICK,82,30,52,0
Wise,6,Lieutenant Governor,,REP,Over Votes,0,0,0,0
Wise,6,Lieutenant Governor,,REP,Under Votes,1,1,0,0
Wise,6,Lieutenant Governor,,REP,JERRY PATTERSON,15,7,8,0
Wise,6,Lieutenant Governor,,REP,TODD STAPLES,25,9,16,0
Wise,6,Lieutenant Governor,,REP,DAVID DEWHURST,26,3,23,0
Wise,6,Attorney General,,REP,DAN BRANCH,58,13,45,0
Wise,6,Attorney General,,REP,Over Votes,0,0,0,0
Wise,6,Attorney General,,REP,Under Votes,3,1,2,0
Wise,6,Attorney General,,REP,KEN PAXTON,69,27,42,0
Wise,6,Attorney General,,REP,BARRY SMITHERMAN,19,9,10,0
Wise,6,Comptroller	of Public Accounts,,REP,RAUL TORRES,14,4,10,0
Wise,6,Comptroller	of Public Accounts,,REP,Over Votes,0,0,0,0
Wise,6,Comptroller	of Public Accounts,,REP,Under Votes,7,2,5,0
Wise,6,Comptroller	of Public Accounts,,REP,GLEN HEGAR,69,21,48,0
Wise,6,Comptroller	of Public Accounts,,REP,HARVEY HILDERBRAN,32,13,19,0
Wise,6,Comptroller	of Public Accounts,,REP,DEBRA MEDINA,27,10,17,0
Wise,6,COMMISSIONER OF THE GENERAL LAND OFFICE,,REP,DAVID WATTS,55,12,43,0
Wise,6,COMMISSIONER OF THE GENERAL LAND OFFICE,,REP,Over Votes,0,0,0,0
Wise,6,COMMISSIONER OF THE GENERAL LAND OFFICE,,REP,Under Votes,7,2,5,0
Wise,6,COMMISSIONER OF THE GENERAL LAND OFFICE,,REP,GEORGE P. BUSH,87,36,51,0
Wise,6,Commissioner of Agriculture,,REP,J. ALLEN CARNES,15,4,11,0
Wise,6,Commissioner of Agriculture,,REP,Over Votes,0,0,0,0
Wise,6,Commissioner of Agriculture,,REP,Under Votes,5,1,4,0
Wise,6,Commissioner of Agriculture,,REP,TOMMY MERRITT,18,10,8,0
Wise,6,Commissioner of Agriculture,,REP,SID MILLER,55,20,35,0
Wise,6,Commissioner of Agriculture,,REP,ERIC OPIELA,37,12,25,0
Wise,6,Commissioner of Agriculture,,REP,JOE COTTEN,19,3,16,0
Wise,6,Railroad Commissioner,,REP,WAYNE CHRISTIAN,80,21,59,0
Wise,6,Railroad Commissioner,,REP,Over Votes,0,0,0,0
Wise,6,Railroad Commissioner,,REP,Under Votes,8,3,5,0
Wise,6,Railroad Commissioner,,REP,RYAN SITTON,26,13,13,0
Wise,6,Railroad Commissioner,,REP,MALACHI BOYULS,7,1,6,0
Wise,6,Railroad Commissioner,,REP,BECKY BERGER,28,12,16,0
Wise,6,"CHIEF JUSTICE, SUPREME COURT",,REP,NATHAN HECHT,92,25,67,0
Wise,6,"CHIEF JUSTICE, SUPREME COURT",,REP,Over Votes,0,0,0,0
Wise,6,"CHIEF JUSTICE, SUPREME COURT",,REP,Under Votes,8,4,4,0
Wise,6,"CHIEF JUSTICE, SUPREME COURT",,REP,ROBERT TALTON,49,21,28,0
Wise,6,"JUSTICE, SUPREME COURT, PLACE 6, UNEXPIRED TERM",,REP,JEFF BROWN,109,40,69,0
Wise,6,"JUSTICE, SUPREME COURT, PLACE 6, UNEXPIRED TERM",,REP,Over Votes,0,0,0,0
Wise,6,"JUSTICE, SUPREME COURT, PLACE 6, UNEXPIRED TERM",,REP,Under Votes,8,4,4,0
Wise,6,"JUSTICE, SUPREME COURT, PLACE 6, UNEXPIRED TERM",,REP,JOE POOL,32,6,26,0
Wise,6,"JUSTICE, SUPREME COURT, PLACE 7",,REP,JEFF BOYD,133,45,88,0
Wise,6,"JUSTICE, SUPREME COURT, PLACE 7",,REP,Over Votes,0,0,0,0
Wise,6,"JUSTICE, SUPREME COURT, PLACE 7",,REP,Under Votes,16,5,11,0
Wise,6,"JUSTICE, SUPREME COURT, PLACE 8",,REP,SHARON MCCALLY,57,27,30,0
Wise,6,"JUSTICE, SUPREME COURT, PLACE 8",,REP,Over Votes,0,0,0,0
Wise,6,"JUSTICE, SUPREME COURT, PLACE 8",,REP,Under Votes,8,4,4,0
Wise,6,"JUSTICE, SUPREME COURT, PLACE 8",,REP,PHIL JOHNSON,84,19,65,0
Wise,6,"JUDGE, COURT OF CRIMINAL APPEALS, PLACE 3",,REP,BERT RICHARDSON,93,32,61,0
Wise,6,"JUDGE, COURT OF CRIMINAL APPEALS, PLACE 3",,REP,Over Votes,0,0,0,0
Wise,6,"JUDGE, COURT OF CRIMINAL APPEALS, PLACE 3",,REP,Under Votes,14,7,7,0
Wise,6,"JUDGE, COURT OF CRIMINAL APPEALS, PLACE 3",,REP,BARBARA WALTHER,42,11,31,0
Wise,6,"JUDGE, COURT OF CRIMINAL APPEALS, PLACE 4",,REP,JANI JO WOOD,26,4,22,0
Wise,6,"JUDGE, COURT OF CRIMINAL APPEALS, PLACE 4",,REP,Over Votes,0,0,0,0
Wise,6,"JUDGE, COURT OF CRIMINAL APPEALS, PLACE 4",,REP,Under Votes,13,6,7,0
Wise,6,"JUDGE, COURT OF CRIMINAL APPEALS, PLACE 4",,REP,RICHARD DEAN DAVIS,40,13,27,0
Wise,6,"JUDGE, COURT OF CRIMINAL APPEALS, PLACE 4",,REP,KEVIN PATRICK YEARY,70,27,43,0
Wise,6,"JUDGE, COURT OF CRIMINAL APPEALS, PLACE 9",,REP,"W.C. ""BUD"" KIRKENDALL",73,24,49,0
Wise,6,"JUDGE, COURT OF CRIMINAL APPEALS, PLACE 9",,REP,Over Votes,0,0,0,0
Wise,6,"JUDGE, COURT OF CRIMINAL APPEALS, PLACE 9",,REP,Under Votes,15,6,9,0
Wise,6,"JUDGE, COURT OF CRIMINAL APPEALS, PLACE 9",,REP,DAVID NEWELL,61,20,41,0
Wise,6,"STATE SENATOR, DISTRICT 30",,REP,CRAIG ESTES,128,44,84,0
Wise,6,"STATE SENATOR, DISTRICT 30",,REP,Over Votes,0,0,0,0
Wise,6,"STATE SENATOR, DISTRICT 30",,REP,Under Votes,21,6,15,0
Wise,6,"STATE REPRESENTATIVE, DISTRICT 61",,REP,PHIL KING,132,44,88,0
Wise,6,"STATE REPRESENTATIVE, DISTRICT 61",,REP,Over Votes,0,0,0,0
Wise,6,"STATE REPRESENTATIVE, DISTRICT 61",,REP,Under Votes,17,6,11,0
Wise,6,"JUSTICE, 2ND COURT OF APPEALS, PLACE 2",,REP,BILL MEIER,125,42,83,0
Wise,6,"JUSTICE, 2ND COURT OF APPEALS, PLACE 2",,REP,Over Votes,0,0,0,0
Wise,6,"JUSTICE, 2ND COURT OF APPEALS, PLACE 2",,REP,Under Votes,24,8,16,0
Wise,6,"JUSTICE, 2ND COURT OF APPEALS, PLACE 7",,REP,LEE GABRIEL,119,40,79,0
Wise,6,"JUSTICE, 2ND COURT OF APPEALS, PLACE 7",,REP,Over Votes,0,0,0,0
Wise,6,"JUSTICE, 2ND COURT OF APPEALS, PLACE 7",,REP,Under Votes,30,10,20,0
Wise,6,"DISTRICT JUDGE, 271ST JUDICIAL DISTRICT",,REP,JOHN H. FOSTEL,124,43,81,0
Wise,6,"DISTRICT JUDGE, 271ST JUDICIAL DISTRICT",,REP,Over Votes,0,0,0,0
Wise,6,"DISTRICT JUDGE, 271ST JUDICIAL DISTRICT",,REP,Under Votes,25,7,18,0
Wise,6,COUNTY JUDGE,,REP,KYLE E. STEPHENS,44,13,31,0
Wise,6,COUNTY JUDGE,,REP,Over Votes,0,0,0,0
Wise,6,COUNTY JUDGE,,REP,Under Votes,22,9,13,0
Wise,6,COUNTY JUDGE,,REP,J.D. CLARK,53,20,33,0
Wise,6,COUNTY JUDGE,,REP,KEITH MCCOMIS,30,8,22,0
Wise,6,"JUDGE,COUNTY COURT AT LAW NUMBER 1",,REP,MELTON D. CUDE,122,41,81,0
Wise,6,"JUDGE,COUNTY COURT AT LAW NUMBER 1",,REP,Over Votes,0,0,0,0
Wise,6,"JUDGE,COUNTY COURT AT LAW NUMBER 1",,REP,Under Votes,27,9,18,0
Wise,6,DISTRICT CLERK,,REP,BRENDA STARNES ROWE,84,28,56,0
Wise,6,DISTRICT CLERK,,REP,Over Votes,0,0,0,0
Wise,6,DISTRICT CLERK,,REP,Under Votes,22,12,10,0
Wise,6,DISTRICT CLERK,,REP,CALLIE WATTS MANNING,43,10,33,0
Wise,6,COUNTY CLERK,,REP,SHERRY COURSEY LEMON,126,43,83,0
Wise,6,COUNTY CLERK,,REP,Over Votes,0,0,0,0
Wise,6,COUNTY CLERK,,REP,Under Votes,23,7,16,0
Wise,6,COUNTY TREASURER,,REP,KATHERINE CANOVA HUDSON,82,32,50,0
Wise,6,COUNTY TREASURER,,REP,Over Votes,0,0,0,0
Wise,6,COUNTY TREASURER,,REP,Under Votes,25,12,13,0
Wise,6,COUNTY TREASURER,,REP,DANIEL E. RIVAS,42,6,36,0
Wise,6,"JUSTICE OF THE PEACE, PRECINCT 1",,REP,JAN MORROW,76,27,49,0
Wise,6,"JUSTICE OF THE PEACE, PRECINCT 1",,REP,Over Votes,0,0,0,0
Wise,6,"JUSTICE OF THE PEACE, PRECINCT 1",,REP,Under Votes,21,8,13,0
Wise,6,"JUSTICE OF THE PEACE, PRECINCT 1",,REP,JOSH REYNOLDS,52,15,37,0
Wise,6,COUNTY CHAIRMAN,,REP,ALLEN L. WILLIAMSON,124,41,83,0
Wise,6,COUNTY CHAIRMAN,,REP,Over Votes,0,0,0,0
Wise,6,COUNTY CHAIRMAN,,REP,Under Votes,25,9,16,0
Wise,6,U.S. Senate D,,DEM,"MICHAEL ""FJET"" FJETLAND",0,0,0,0
Wise,6,U.S. Senate D,,DEM,Over Votes,0,0,0,0
Wise,6,U.S. Senate D,,DEM,Under Votes,2,2,0,0
Wise,6,U.S. Senate D,,DEM,MAXEY MARIE SCHERR,4,1,3,0
Wise,6,U.S. Senate D,,DEM,HARRY KIM,2,1,1,0
Wise,6,U.S. Senate D,,DEM,DAVID M. ALAMEEL,11,7,4,0
Wise,6,U.S. Senate D,,DEM,KESHA ROGERS,6,4,2,0
Wise,6,"U.S. REPRESENTATIVE, DISTRICT 12 D",,DEM,MARK GREENE,22,14,8,0
Wise,6,"U.S. REPRESENTATIVE, DISTRICT 12 D",,DEM,Over Votes,0,0,0,0
Wise,6,"U.S. REPRESENTATIVE, DISTRICT 12 D",,DEM,Under Votes,3,1,2,0
Wise,6,GOVERNOR D,,DEM,"REYNALDO ""RAY"" MADRIGAL",2,1,1,0
Wise,6,GOVERNOR D,,DEM,Over Votes,0,0,0,0
Wise,6,GOVERNOR D,,DEM,Under Votes,0,0,0,0
Wise,6,GOVERNOR D,,DEM,WENDY R. DAVIS,23,14,9,0
Wise,6,Lieutenant Governor D,,DEM,LETICIA VAN DE PUTTE,23,14,9,0
Wise,6,Lieutenant Governor D,,DEM,Over Votes,0,0,0,0
Wise,6,Lieutenant Governor D,,DEM,Under Votes,2,1,1,0
Wise,6,Attorney General D,,DEM,SAM HOUSTON,22,13,9,0
Wise,6,Attorney General D,,DEM,Over Votes,0,0,0,0
Wise,6,Attorney General D,,DEM,Under Votes,3,2,1,0
Wise,6,Comptroller	of Public Accounts D,,DEM,MIKE COLLIER,22,14,8,0
Wise,6,Comptroller	of Public Accounts D,,DEM,Over Votes,0,0,0,0
Wise,6,Comptroller	of Public Accounts D,,DEM,Under Votes,3,1,2,0
Wise,6,COMMISSIONER OF THE GENERAL LAND OFFICE D,,DEM,JOHN COOK,23,14,9,0
Wise,6,COMMISSIONER OF THE GENERAL LAND OFFICE D,,DEM,Over Votes,0,0,0,0
Wise,6,COMMISSIONER OF THE GENERAL LAND OFFICE D,,DEM,Under Votes,2,1,1,0
Wise,6,Commissioner of Agriculture D,,DEM,JIM HOGAN,11,8,3,0
Wise,6,Commissioner of Agriculture D,,DEM,Over Votes,0,0,0,0
Wise,6,Commissioner of Agriculture D,,DEM,Under Votes,1,0,1,0
Wise,6,Commissioner of Agriculture D,,DEM,"RICHARD ""KINKY"" FRIEDMAN",5,3,2,0
Wise,6,Commissioner of Agriculture D,,DEM,HUGH ASA FITZSIMONS III,8,4,4,0
Wise,6,Railroad Commissioner D,,DEM,STEVE BROWN,12,6,6,0
Wise,6,Railroad Commissioner D,,DEM,Over Votes,0,0,0,0
Wise,6,Railroad Commissioner D,,DEM,Under Votes,3,2,1,0
Wise,6,Railroad Commissioner D,,DEM,DALE HENRY,10,7,3,0
Wise,6,"CHIEF JUSTICE, SUPREME COURT D",,DEM,WILLIAM MOODY,21,13,8,0
Wise,6,"CHIEF JUSTICE, SUPREME COURT D",,DEM,Over Votes,0,0,0,0
Wise,6,"CHIEF JUSTICE, SUPREME COURT D",,DEM,Under Votes,4,2,2,0
Wise,6,"JUSTICE, SUPREME COURT, PLACE 6, UNEXPIRED TERM D",,DEM,LAWRENCE EDWARD MEYERS,23,14,9,0
Wise,6,"JUSTICE, SUPREME COURT, PLACE 6, UNEXPIRED TERM D",,DEM,Over Votes,0,0,0,0
Wise,6,"JUSTICE, SUPREME COURT, PLACE 6, UNEXPIRED TERM D",,DEM,Under Votes,2,1,1,0
Wise,6,"JUSTICE, SUPREME COURT, PLACE 7 D",,DEM,GINA BENAVIDES,22,14,8,0
Wise,6,"JUSTICE, SUPREME COURT, PLACE 7 D",,DEM,Over Votes,0,0,0,0
Wise,6,"JUSTICE, SUPREME COURT, PLACE 7 D",,DEM,Under Votes,3,1,2,0
Wise,6,"JUDGE, COURT OF CRIMINAL APPEALS, PLACE 3 D",,DEM,JOHN GRANBERG,23,14,9,0
Wise,6,"JUDGE, COURT OF CRIMINAL APPEALS, PLACE 3 D",,DEM,Over Votes,0,0,0,0
Wise,6,"JUDGE, COURT OF CRIMINAL APPEALS, PLACE 3 D",,DEM,Under Votes,2,1,1,0
Wise,6,"STATE REPRESENTATIVE, DISTRICT 61 D",,DEM,MATTHEW BRITT,22,14,8,0
Wise,6,"STATE REPRESENTATIVE, DISTRICT 61 D",,DEM,Over Votes,0,0,0,0
Wise,6,"STATE REPRESENTATIVE, DISTRICT 61 D",,DEM,Under Votes,3,1,2,0
Wise,6,COUNTY JUDGE D,,DEM,"JAMES ""JIM"" STEGALL",23,14,9,0
Wise,6,COUNTY JUDGE D,,DEM,Over Votes,0,0,0,0
Wise,6,COUNTY JUDGE D,,DEM,Under Votes,2,1,1,0
Wise,6,COUNTY PARTY CHAIR D,,DEM,TRACY A. SMITH,22,14,8,0
Wise,6,COUNTY PARTY CHAIR D,,DEM,Over Votes,0,0,0,0
Wise,6,COUNTY PARTY CHAIR D,,DEM,Under Votes,3,1,2,0
Wise,6,RELIGIOUS FREEDOM,,,YES,140,45,95,0
Wise,6,RELIGIOUS FREEDOM,,,Over Votes,0,0,0,0
Wise,6,RELIGIOUS FREEDOM,,,Under Votes,8,5,3,0
Wise,6,RELIGIOUS FREEDOM,,,NO,1,0,1,0
Wise,6,ON IMMIGRATION REFORM D,,,FOR,23,15,8,0
Wise,6,ON IMMIGRATION REFORM D,,,Over Votes,0,0,0,0
Wise,6,ON IMMIGRATION REFORM D,,,Under Votes,0,0,0,0
Wise,6,ON IMMIGRATION REFORM D,,,AGAINST,2,0,2,0
Wise,6,SECOND AMENDMENT,,,YES,135,46,89,0
Wise,6,SECOND AMENDMENT,,,Over Votes,0,0,0,0
Wise,6,SECOND AMENDMENT,,,Under Votes,6,3,3,0
Wise,6,SECOND AMENDMENT,,,NO,8,1,7,0
Wise,6,A LIVING WAGE FOR ALL TEXANS D,,,FOR,24,14,10,0
Wise,6,A LIVING WAGE FOR ALL TEXANS D,,,Over Votes,0,0,0,0
Wise,6,A LIVING WAGE FOR ALL TEXANS D,,,Under Votes,0,0,0,0
Wise,6,A LIVING WAGE FOR ALL TEXANS D,,,AGAINST,1,1,0,0
Wise,6,FRANCHISE TAX,,,YES,131,46,85,0
Wise,6,FRANCHISE TAX,,,Over Votes,0,0,0,0
Wise,6,FRANCHISE TAX,,,Under Votes,5,3,2,0
Wise,6,FRANCHISE TAX,,,NO,13,1,12,0
Wise,6,MEDICAID EXPANSION D,,,FOR,24,14,10,0
Wise,6,MEDICAID EXPANSION D,,,Over Votes,0,0,0,0
Wise,6,MEDICAID EXPANSION D,,,Under Votes,0,0,0,0
Wise,6,MEDICAID EXPANSION D,,,AGAINST,1,1,0,0
Wise,6,WELFARE REFORM,,,YES,140,47,93,0
Wise,6,WELFARE REFORM,,,Over Votes,0,0,0,0
Wise,6,WELFARE REFORM,,,Under Votes,5,3,2,0
Wise,6,WELFARE REFORM,,,NO,4,0,4,0
Wise,6,ON NON-DISCRIMINATION LEGISLATION D,,,FOR,24,15,9,0
Wise,6,ON NON-DISCRIMINATION LEGISLATION D,,,Over Votes,0,0,0,0
Wise,6,ON NON-DISCRIMINATION LEGISLATION D,,,Under Votes,0,0,0,0
Wise,6,ON NON-DISCRIMINATION LEGISLATION D,,,AGAINST,1,0,1,0
Wise,6,NO LAWMAKER EXCEPTIONS,,,YES,145,48,97,0
Wise,6,NO LAWMAKER EXCEPTIONS,,,Over Votes,0,0,0,0
Wise,6,NO LAWMAKER EXCEPTIONS,,,Under Votes,4,2,2,0
Wise,6,NO LAWMAKER EXCEPTIONS,,,NO,0,0,0,0
Wise,6,OBAMACARE,,,YES,139,48,91,0
Wise,6,OBAMACARE,,,Over Votes,0,0,0,0
Wise,6,OBAMACARE,,,Under Votes,6,2,4,0
Wise,6,OBAMACARE,,,NO,4,0,4,0
Wise,7,U.S. Senate,,REP,JOHN CORNYN,171,100,71,0
Wise,7,U.S. Senate,,REP,Over Votes,0,0,0,0
Wise,7,U.S. Senate,,REP,Under Votes,11,5,6,0
Wise,7,U.S. Senate,,REP,REID REASOR,7,5,2,0
Wise,7,U.S. Senate,,REP,STEVE STOCKMAN,38,21,17,0
Wise,7,U.S. Senate,,REP,CURT CLEAVER,4,3,1,0
Wise,7,U.S. Senate,,REP,LINDA VEGA,14,8,6,0
Wise,7,U.S. Senate,,REP,KEN COPE,9,4,5,0
Wise,7,U.S. Senate,,REP,DWAYNE STOVALL,12,5,7,0
Wise,7,U.S. Senate,,REP,CHRIS MAPP,2,1,1,0
Wise,7,"U.S. REPRESENTATIVE, DISTRICT 12",,REP,KAY GRANGER,229,126,103,0
Wise,7,"U.S. REPRESENTATIVE, DISTRICT 12",,REP,Over Votes,0,0,0,0
Wise,7,"U.S. REPRESENTATIVE, DISTRICT 12",,REP,Under Votes,39,26,13,0
Wise,7,GOVERNOR,,REP,MIRIAM MARTINEZ,14,7,7,0
Wise,7,GOVERNOR,,REP,Over Votes,0,0,0,0
Wise,7,GOVERNOR,,REP,Under Votes,13,5,8,0
Wise,7,GOVERNOR,,REP,GREG ABBOTT,235,136,99,0
Wise,7,GOVERNOR,,REP,LISA FRITSCH,5,3,2,0
Wise,7,GOVERNOR,,REP,SECEDE KILGORE,1,1,0,0
Wise,7,Lieutenant Governor,,REP,DAN PATRICK,116,72,44,0
Wise,7,Lieutenant Governor,,REP,Over Votes,0,0,0,0
Wise,7,Lieutenant Governor,,REP,Under Votes,14,6,8,0
Wise,7,Lieutenant Governor,,REP,JERRY PATTERSON,22,9,13,0
Wise,7,Lieutenant Governor,,REP,TODD STAPLES,40,19,21,0
Wise,7,Lieutenant Governor,,REP,DAVID DEWHURST,76,46,30,0
Wise,7,Attorney General,,REP,DAN BRANCH,100,66,34,0
Wise,7,Attorney General,,REP,Over Votes,0,0,0,0
Wise,7,Attorney General,,REP,Under Votes,32,10,22,0
Wise,7,Attorney General,,REP,KEN PAXTON,112,56,56,0
Wise,7,Attorney General,,REP,BARRY SMITHERMAN,24,20,4,0
Wise,7,Comptroller	of Public Accounts,,REP,RAUL TORRES,25,12,13,0
Wise,7,Comptroller	of Public Accounts,,REP,Over Votes,0,0,0,0
Wise,7,Comptroller	of Public Accounts,,REP,Under Votes,42,17,25,0
Wise,7,Comptroller	of Public Accounts,,REP,GLEN HEGAR,114,69,45,0
Wise,7,Comptroller	of Public Accounts,,REP,HARVEY HILDERBRAN,40,29,11,0
Wise,7,Comptroller	of Public Accounts,,REP,DEBRA MEDINA,47,25,22,0
Wise,7,COMMISSIONER OF THE GENERAL LAND OFFICE,,REP,DAVID WATTS,59,32,27,0
Wise,7,COMMISSIONER OF THE GENERAL LAND OFFICE,,REP,Over Votes,0,0,0,0
Wise,7,COMMISSIONER OF THE GENERAL LAND OFFICE,,REP,Under Votes,19,7,12,0
Wise,7,COMMISSIONER OF THE GENERAL LAND OFFICE,,REP,GEORGE P. BUSH,190,113,77,0
Wise,7,Commissioner of Agriculture,,REP,J. ALLEN CARNES,56,39,17,0
Wise,7,Commissioner of Agriculture,,REP,Over Votes,0,0,0,0
Wise,7,Commissioner of Agriculture,,REP,Under Votes,42,16,26,0
Wise,7,Commissioner of Agriculture,,REP,TOMMY MERRITT,33,22,11,0
Wise,7,Commissioner of Agriculture,,REP,SID MILLER,64,40,24,0
Wise,7,Commissioner of Agriculture,,REP,ERIC OPIELA,45,21,24,0
Wise,7,Commissioner of Agriculture,,REP,JOE COTTEN,28,14,14,0
Wise,7,Railroad Commissioner,,REP,WAYNE CHRISTIAN,124,69,55,0
Wise,7,Railroad Commissioner,,REP,Over Votes,0,0,0,0
Wise,7,Railroad Commissioner,,REP,Under Votes,47,16,31,0
Wise,7,Railroad Commissioner,,REP,RYAN SITTON,44,33,11,0
Wise,7,Railroad Commissioner,,REP,MALACHI BOYULS,13,10,3,0
Wise,7,Railroad Commissioner,,REP,BECKY BERGER,40,24,16,0
Wise,7,"CHIEF JUSTICE, SUPREME COURT",,REP,NATHAN HECHT,141,81,60,0
Wise,7,"CHIEF JUSTICE, SUPREME COURT",,REP,Over Votes,0,0,0,0
Wise,7,"CHIEF JUSTICE, SUPREME COURT",,REP,Under Votes,54,24,30,0
Wise,7,"CHIEF JUSTICE, SUPREME COURT",,REP,ROBERT TALTON,73,47,26,0
Wise,7,"JUSTICE, SUPREME COURT, PLACE 6, UNEXPIRED TERM",,REP,JEFF BROWN,135,80,55,0
Wise,7,"JUSTICE, SUPREME COURT, PLACE 6, UNEXPIRED TERM",,REP,Over Votes,0,0,0,0
Wise,7,"JUSTICE, SUPREME COURT, PLACE 6, UNEXPIRED TERM",,REP,Under Votes,52,23,29,0
Wise,7,"JUSTICE, SUPREME COURT, PLACE 6, UNEXPIRED TERM",,REP,JOE POOL,81,49,32,0
Wise,7,"JUSTICE, SUPREME COURT, PLACE 7",,REP,JEFF BOYD,213,120,93,0
Wise,7,"JUSTICE, SUPREME COURT, PLACE 7",,REP,Over Votes,0,0,0,0
Wise,7,"JUSTICE, SUPREME COURT, PLACE 7",,REP,Under Votes,55,32,23,0
Wise,7,"JUSTICE, SUPREME COURT, PLACE 8",,REP,SHARON MCCALLY,70,46,24,0
Wise,7,"JUSTICE, SUPREME COURT, PLACE 8",,REP,Over Votes,1,1,0,0
Wise,7,"JUSTICE, SUPREME COURT, PLACE 8",,REP,Under Votes,46,20,26,0
Wise,7,"JUSTICE, SUPREME COURT, PLACE 8",,REP,PHIL JOHNSON,151,85,66,0
Wise,7,"JUDGE, COURT OF CRIMINAL APPEALS, PLACE 3",,REP,BERT RICHARDSON,121,78,43,0
Wise,7,"JUDGE, COURT OF CRIMINAL APPEALS, PLACE 3",,REP,Over Votes,0,0,0,0
Wise,7,"JUDGE, COURT OF CRIMINAL APPEALS, PLACE 3",,REP,Under Votes,60,28,32,0
Wise,7,"JUDGE, COURT OF CRIMINAL APPEALS, PLACE 3",,REP,BARBARA WALTHER,87,46,41,0
Wise,7,"JUDGE, COURT OF CRIMINAL APPEALS, PLACE 4",,REP,JANI JO WOOD,41,26,15,0
Wise,7,"JUDGE, COURT OF CRIMINAL APPEALS, PLACE 4",,REP,Over Votes,0,0,0,0
Wise,7,"JUDGE, COURT OF CRIMINAL APPEALS, PLACE 4",,REP,Under Votes,69,32,37,0
Wise,7,"JUDGE, COURT OF CRIMINAL APPEALS, PLACE 4",,REP,RICHARD DEAN DAVIS,91,53,38,0
Wise,7,"JUDGE, COURT OF CRIMINAL APPEALS, PLACE 4",,REP,KEVIN PATRICK YEARY,67,41,26,0
Wise,7,"JUDGE, COURT OF CRIMINAL APPEALS, PLACE 9",,REP,"W.C. ""BUD"" KIRKENDALL",125,72,53,0
Wise,7,"JUDGE, COURT OF CRIMINAL APPEALS, PLACE 9",,REP,Over Votes,0,0,0,0
Wise,7,"JUDGE, COURT OF CRIMINAL APPEALS, PLACE 9",,REP,Under Votes,65,33,32,0
Wise,7,"JUDGE, COURT OF CRIMINAL APPEALS, PLACE 9",,REP,DAVID NEWELL,78,47,31,0
Wise,7,"STATE SENATOR, DISTRICT 30",,REP,CRAIG ESTES,227,130,97,0
Wise,7,"STATE SENATOR, DISTRICT 30",,REP,Over Votes,0,0,0,0
Wise,7,"STATE SENATOR, DISTRICT 30",,REP,Under Votes,41,22,19,0
Wise,7,"STATE REPRESENTATIVE, DISTRICT 61",,REP,PHIL KING,232,133,99,0
Wise,7,"STATE REPRESENTATIVE, DISTRICT 61",,REP,Over Votes,0,0,0,0
Wise,7,"STATE REPRESENTATIVE, DISTRICT 61",,REP,Under Votes,36,19,17,0
Wise,7,"JUSTICE, 2ND COURT OF APPEALS, PLACE 2",,REP,BILL MEIER,197,112,85,0
Wise,7,"JUSTICE, 2ND COURT OF APPEALS, PLACE 2",,REP,Over Votes,0,0,0,0
Wise,7,"JUSTICE, 2ND COURT OF APPEALS, PLACE 2",,REP,Under Votes,71,40,31,0
Wise,7,"JUSTICE, 2ND COURT OF APPEALS, PLACE 7",,REP,LEE GABRIEL,187,101,86,0
Wise,7,"JUSTICE, 2ND COURT OF APPEALS, PLACE 7",,REP,Over Votes,0,0,0,0
Wise,7,"JUSTICE, 2ND COURT OF APPEALS, PLACE 7",,REP,Under Votes,81,51,30,0
Wise,7,"DISTRICT JUDGE, 271ST JUDICIAL DISTRICT",,REP,JOHN H. FOSTEL,225,121,104,0
Wise,7,"DISTRICT JUDGE, 271ST JUDICIAL DISTRICT",,REP,Over Votes,0,0,0,0
Wise,7,"DISTRICT JUDGE, 271ST JUDICIAL DISTRICT",,REP,Under Votes,43,31,12,0
Wise,7,COUNTY JUDGE,,REP,KYLE E. STEPHENS,50,30,20,0
Wise,7,COUNTY JUDGE,,REP,Over Votes,0,0,0,0
Wise,7,COUNTY JUDGE,,REP,Under Votes,15,5,10,0
Wise,7,COUNTY JUDGE,,REP,J.D. CLARK,163,92,71,0
Wise,7,COUNTY JUDGE,,REP,KEITH MCCOMIS,40,25,15,0
Wise,7,"JUDGE,COUNTY COURT AT LAW NUMBER 1",,REP,MELTON D. CUDE,224,120,104,0
Wise,7,"JUDGE,COUNTY COURT AT LAW NUMBER 1",,REP,Over Votes,0,0,0,0
Wise,7,"JUDGE,COUNTY COURT AT LAW NUMBER 1",,REP,Under Votes,44,32,12,0
Wise,7,DISTRICT CLERK,,REP,BRENDA STARNES ROWE,123,78,45,0
Wise,7,DISTRICT CLERK,,REP,Over Votes,0,0,0,0
Wise,7,DISTRICT CLERK,,REP,Under Votes,31,13,18,0
Wise,7,DISTRICT CLERK,,REP,CALLIE WATTS MANNING,114,61,53,0
Wise,7,COUNTY CLERK,,REP,SHERRY COURSEY LEMON,225,125,100,0
Wise,7,COUNTY CLERK,,REP,Over Votes,0,0,0,0
Wise,7,COUNTY CLERK,,REP,Under Votes,43,27,16,0
Wise,7,COUNTY TREASURER,,REP,KATHERINE CANOVA HUDSON,149,87,62,0
Wise,7,COUNTY TREASURER,,REP,Over Votes,0,0,0,0
Wise,7,COUNTY TREASURER,,REP,Under Votes,27,10,17,0
Wise,7,COUNTY TREASURER,,REP,DANIEL E. RIVAS,92,55,37,0
Wise,7,"COUNTY COMMISSIONER, PRECINCT 2",,REP,KEVIN BURNS,227,126,101,0
Wise,7,"COUNTY COMMISSIONER, PRECINCT 2",,REP,Over Votes,0,0,0,0
Wise,7,"COUNTY COMMISSIONER, PRECINCT 2",,REP,Under Votes,41,26,15,0
Wise,7,"JUSTICE OF THE PEACE, PRECINCT 2",,REP,TERRI LYNN JOHNSON,235,131,104,0
Wise,7,"JUSTICE OF THE PEACE, PRECINCT 2",,REP,Over Votes,0,0,0,0
Wise,7,"JUSTICE OF THE PEACE, PRECINCT 2",,REP,Under Votes,33,21,12,0
Wise,7,COUNTY CHAIRMAN,,REP,ALLEN L. WILLIAMSON,221,122,99,0
Wise,7,COUNTY CHAIRMAN,,REP,Over Votes,0,0,0,0
Wise,7,COUNTY CHAIRMAN,,REP,Under Votes,47,30,17,0
Wise,7,U.S. Senate D,,DEM,"MICHAEL ""FJET"" FJETLAND",0,0,0,0
Wise,7,U.S. Senate D,,DEM,Over Votes,0,0,0,0
Wise,7,U.S. Senate D,,DEM,Under Votes,5,5,0,0
Wise,7,U.S. Senate D,,DEM,MAXEY MARIE SCHERR,4,3,1,0
Wise,7,U.S. Senate D,,DEM,HARRY KIM,1,1,0,0
Wise,7,U.S. Senate D,,DEM,DAVID M. ALAMEEL,14,11,3,0
Wise,7,U.S. Senate D,,DEM,KESHA ROGERS,2,2,0,0
Wise,7,"U.S. REPRESENTATIVE, DISTRICT 12 D",,DEM,MARK GREENE,19,15,4,0
Wise,7,"U.S. REPRESENTATIVE, DISTRICT 12 D",,DEM,Over Votes,0,0,0,0
Wise,7,"U.S. REPRESENTATIVE, DISTRICT 12 D",,DEM,Under Votes,7,7,0,0
Wise,7,GOVERNOR D,,DEM,"REYNALDO ""RAY"" MADRIGAL",2,1,1,0
Wise,7,GOVERNOR D,,DEM,Over Votes,0,0,0,0
Wise,7,GOVERNOR D,,DEM,Under Votes,2,2,0,0
Wise,7,GOVERNOR D,,DEM,WENDY R. DAVIS,22,19,3,0
Wise,7,Lieutenant Governor D,,DEM,LETICIA VAN DE PUTTE,20,17,3,0
Wise,7,Lieutenant Governor D,,DEM,Over Votes,0,0,0,0
Wise,7,Lieutenant Governor D,,DEM,Under Votes,6,5,1,0
Wise,7,Attorney General D,,DEM,SAM HOUSTON,21,17,4,0
Wise,7,Attorney General D,,DEM,Over Votes,0,0,0,0
Wise,7,Attorney General D,,DEM,Under Votes,5,5,0,0
Wise,7,Comptroller	of Public Accounts D,,DEM,MIKE COLLIER,20,16,4,0
Wise,7,Comptroller	of Public Accounts D,,DEM,Over Votes,0,0,0,0
Wise,7,Comptroller	of Public Accounts D,,DEM,Under Votes,6,6,0,0
Wise,7,COMMISSIONER OF THE GENERAL LAND OFFICE D,,DEM,JOHN COOK,20,16,4,0
Wise,7,COMMISSIONER OF THE GENERAL LAND OFFICE D,,DEM,Over Votes,0,0,0,0
Wise,7,COMMISSIONER OF THE GENERAL LAND OFFICE D,,DEM,Under Votes,6,6,0,0
Wise,7,Commissioner of Agriculture D,,DEM,JIM HOGAN,14,12,2,0
Wise,7,Commissioner of Agriculture D,,DEM,Over Votes,0,0,0,0
Wise,7,Commissioner of Agriculture D,,DEM,Under Votes,4,4,0,0
Wise,7,Commissioner of Agriculture D,,DEM,"RICHARD ""KINKY"" FRIEDMAN",5,3,2,0
Wise,7,Commissioner of Agriculture D,,DEM,HUGH ASA FITZSIMONS III,3,3,0,0
Wise,7,Railroad Commissioner D,,DEM,STEVE BROWN,13,10,3,0
Wise,7,Railroad Commissioner D,,DEM,Over Votes,0,0,0,0
Wise,7,Railroad Commissioner D,,DEM,Under Votes,5,5,0,0
Wise,7,Railroad Commissioner D,,DEM,DALE HENRY,8,7,1,0
Wise,7,"CHIEF JUSTICE, SUPREME COURT D",,DEM,WILLIAM MOODY,20,16,4,0
Wise,7,"CHIEF JUSTICE, SUPREME COURT D",,DEM,Over Votes,0,0,0,0
Wise,7,"CHIEF JUSTICE, SUPREME COURT D",,DEM,Under Votes,6,6,0,0
Wise,7,"JUSTICE, SUPREME COURT, PLACE 6, UNEXPIRED TERM D",,DEM,LAWRENCE EDWARD MEYERS,20,16,4,0
Wise,7,"JUSTICE, SUPREME COURT, PLACE 6, UNEXPIRED TERM D",,DEM,Over Votes,0,0,0,0
Wise,7,"JUSTICE, SUPREME COURT, PLACE 6, UNEXPIRED TERM D",,DEM,Under Votes,6,6,0,0
Wise,7,"JUSTICE, SUPREME COURT, PLACE 7 D",,DEM,GINA BENAVIDES,20,16,4,0
Wise,7,"JUSTICE, SUPREME COURT, PLACE 7 D",,DEM,Over Votes,0,0,0,0
Wise,7,"JUSTICE, SUPREME COURT, PLACE 7 D",,DEM,Under Votes,6,6,0,0
Wise,7,"JUDGE, COURT OF CRIMINAL APPEALS, PLACE 3 D",,DEM,JOHN GRANBERG,20,16,4,0
Wise,7,"JUDGE, COURT OF CRIMINAL APPEALS, PLACE 3 D",,DEM,Over Votes,0,0,0,0
Wise,7,"JUDGE, COURT OF CRIMINAL APPEALS, PLACE 3 D",,DEM,Under Votes,6,6,0,0
Wise,7,"STATE REPRESENTATIVE, DISTRICT 61 D",,DEM,MATTHEW BRITT,20,17,3,0
Wise,7,"STATE REPRESENTATIVE, DISTRICT 61 D",,DEM,Over Votes,0,0,0,0
Wise,7,"STATE REPRESENTATIVE, DISTRICT 61 D",,DEM,Under Votes,6,5,1,0
Wise,7,COUNTY JUDGE D,,DEM,"JAMES ""JIM"" STEGALL",20,17,3,0
Wise,7,COUNTY JUDGE D,,DEM,Over Votes,0,0,0,0
Wise,7,COUNTY JUDGE D,,DEM,Under Votes,6,5,1,0
Wise,7,COUNTY PARTY CHAIR D,,DEM,TRACY A. SMITH,19,16,3,0
Wise,7,COUNTY PARTY CHAIR D,,DEM,Over Votes,0,0,0,0
Wise,7,COUNTY PARTY CHAIR D,,DEM,Under Votes,7,6,1,0
Wise,7,RELIGIOUS FREEDOM,,,YES,261,147,114,0
Wise,7,RELIGIOUS FREEDOM,,,Over Votes,0,0,0,0
Wise,7,RELIGIOUS FREEDOM,,,Under Votes,5,4,1,0
Wise,7,RELIGIOUS FREEDOM,,,NO,2,1,1,0
Wise,7,ON IMMIGRATION REFORM D,,,FOR,21,18,3,0
Wise,7,ON IMMIGRATION REFORM D,,,Over Votes,0,0,0,0
Wise,7,ON IMMIGRATION REFORM D,,,Under Votes,1,0,1,0
Wise,7,ON IMMIGRATION REFORM D,,,AGAINST,4,4,0,0
Wise,7,SECOND AMENDMENT,,,YES,214,117,97,0
Wise,7,SECOND AMENDMENT,,,Over Votes,0,0,0,0
Wise,7,SECOND AMENDMENT,,,Under Votes,11,6,5,0
Wise,7,SECOND AMENDMENT,,,NO,43,29,14,0
Wise,7,A LIVING WAGE FOR ALL TEXANS D,,,FOR,21,17,4,0
Wise,7,A LIVING WAGE FOR ALL TEXANS D,,,Over Votes,0,0,0,0
Wise,7,A LIVING WAGE FOR ALL TEXANS D,,,Under Votes,0,0,0,0
Wise,7,A LIVING WAGE FOR ALL TEXANS D,,,AGAINST,5,5,0,0
Wise,7,FRANCHISE TAX,,,YES,219,120,99,0
Wise,7,FRANCHISE TAX,,,Over Votes,0,0,0,0
Wise,7,FRANCHISE TAX,,,Under Votes,19,10,9,0
Wise,7,FRANCHISE TAX,,,NO,30,22,8,0
Wise,7,MEDICAID EXPANSION D,,,FOR,18,14,4,0
Wise,7,MEDICAID EXPANSION D,,,Over Votes,1,1,0,0
Wise,7,MEDICAID EXPANSION D,,,Under Votes,0,0,0,0
Wise,7,MEDICAID EXPANSION D,,,AGAINST,7,7,0,0
Wise,7,WELFARE REFORM,,,YES,250,140,110,0
Wise,7,WELFARE REFORM,,,Over Votes,0,0,0,0
Wise,7,WELFARE REFORM,,,Under Votes,5,4,1,0
Wise,7,WELFARE REFORM,,,NO,13,8,5,0
Wise,7,ON NON-DISCRIMINATION LEGISLATION D,,,FOR,20,16,4,0
Wise,7,ON NON-DISCRIMINATION LEGISLATION D,,,Over Votes,0,0,0,0
Wise,7,ON NON-DISCRIMINATION LEGISLATION D,,,Under Votes,1,1,0,0
Wise,7,ON NON-DISCRIMINATION LEGISLATION D,,,AGAINST,5,5,0,0
Wise,7,NO LAWMAKER EXCEPTIONS,,,YES,262,148,114,0
Wise,7,NO LAWMAKER EXCEPTIONS,,,Over Votes,0,0,0,0
Wise,7,NO LAWMAKER EXCEPTIONS,,,Under Votes,6,4,2,0
Wise,7,NO LAWMAKER EXCEPTIONS,,,NO,0,0,0,0
Wise,7,OBAMACARE,,,YES,247,138,109,0
Wise,7,OBAMACARE,,,Over Votes,0,0,0,0
Wise,7,OBAMACARE,,,Under Votes,7,5,2,0
Wise,7,OBAMACARE,,,NO,14,9,5,0
Wise,8,U.S. Senate,,REP,JOHN CORNYN,244,153,91,0
Wise,8,U.S. Senate,,REP,Over Votes,0,0,0,0
Wise,8,U.S. Senate,,REP,Under Votes,19,7,12,0
Wise,8,U.S. Senate,,REP,REID REASOR,14,9,5,0
Wise,8,U.S. Senate,,REP,STEVE STOCKMAN,64,35,29,0
Wise,8,U.S. Senate,,REP,CURT CLEAVER,7,5,2,0
Wise,8,U.S. Senate,,REP,LINDA VEGA,18,7,11,0
Wise,8,U.S. Senate,,REP,KEN COPE,6,4,2,0
Wise,8,U.S. Senate,,REP,DWAYNE STOVALL,34,5,29,0
Wise,8,U.S. Senate,,REP,CHRIS MAPP,7,4,3,0
Wise,8,"U.S. REPRESENTATIVE, DISTRICT 13",,REP,ELAINE HAYS,88,49,39,0
Wise,8,"U.S. REPRESENTATIVE, DISTRICT 13",,REP,Over Votes,0,0,0,0
Wise,8,"U.S. REPRESENTATIVE, DISTRICT 13",,REP,Under Votes,50,24,26,0
Wise,8,"U.S. REPRESENTATIVE, DISTRICT 13",,REP,PAM BARLOW,55,23,32,0
Wise,8,"U.S. REPRESENTATIVE, DISTRICT 13",,REP,MAC THORNBERRY,220,133,87,0
Wise,8,GOVERNOR,,REP,MIRIAM MARTINEZ,9,5,4,0
Wise,8,GOVERNOR,,REP,Over Votes,0,0,0,0
Wise,8,GOVERNOR,,REP,Under Votes,22,13,9,0
Wise,8,GOVERNOR,,REP,GREG ABBOTT,359,197,162,0
Wise,8,GOVERNOR,,REP,LISA FRITSCH,14,9,5,0
Wise,8,GOVERNOR,,REP,SECEDE KILGORE,9,5,4,0
Wise,8,Lieutenant Governor,,REP,DAN PATRICK,159,74,85,0
Wise,8,Lieutenant Governor,,REP,Over Votes,0,0,0,0
Wise,8,Lieutenant Governor,,REP,Under Votes,21,10,11,0
Wise,8,Lieutenant Governor,,REP,JERRY PATTERSON,45,35,10,0
Wise,8,Lieutenant Governor,,REP,TODD STAPLES,87,49,38,0
Wise,8,Lieutenant Governor,,REP,DAVID DEWHURST,101,61,40,0
Wise,8,Attorney General,,REP,DAN BRANCH,151,93,58,0
Wise,8,Attorney General,,REP,Over Votes,0,0,0,0
Wise,8,Attorney General,,REP,Under Votes,42,20,22,0
Wise,8,Attorney General,,REP,KEN PAXTON,173,80,93,0
Wise,8,Attorney General,,REP,BARRY SMITHERMAN,47,36,11,0
Wise,8,Comptroller	of Public Accounts,,REP,RAUL TORRES,32,21,11,0
Wise,8,Comptroller	of Public Accounts,,REP,Over Votes,0,0,0,0
Wise,8,Comptroller	of Public Accounts,,REP,Under Votes,59,32,27,0
Wise,8,Comptroller	of Public Accounts,,REP,GLEN HEGAR,164,76,88,0
Wise,8,Comptroller	of Public Accounts,,REP,HARVEY HILDERBRAN,72,45,27,0
Wise,8,Comptroller	of Public Accounts,,REP,DEBRA MEDINA,86,55,31,0
Wise,8,COMMISSIONER OF THE GENERAL LAND OFFICE,,REP,DAVID WATTS,116,48,68,0
Wise,8,COMMISSIONER OF THE GENERAL LAND OFFICE,,REP,Over Votes,0,0,0,0
Wise,8,COMMISSIONER OF THE GENERAL LAND OFFICE,,REP,Under Votes,29,13,16,0
Wise,8,COMMISSIONER OF THE GENERAL LAND OFFICE,,REP,GEORGE P. BUSH,268,168,100,0
Wise,8,Commissioner of Agriculture,,REP,J. ALLEN CARNES,52,35,17,0
Wise,8,Commissioner of Agriculture,,REP,Over Votes,0,0,0,0
Wise,8,Commissioner of Agriculture,,REP,Under Votes,59,35,24,0
Wise,8,Commissioner of Agriculture,,REP,TOMMY MERRITT,60,36,24,0
Wise,8,Commissioner of Agriculture,,REP,SID MILLER,111,56,55,0
Wise,8,Commissioner of Agriculture,,REP,ERIC OPIELA,82,36,46,0
Wise,8,Commissioner of Agriculture,,REP,JOE COTTEN,49,31,18,0
Wise,8,Railroad Commissioner,,REP,WAYNE CHRISTIAN,177,95,82,0
Wise,8,Railroad Commissioner,,REP,Over Votes,0,0,0,0
Wise,8,Railroad Commissioner,,REP,Under Votes,72,41,31,0
Wise,8,Railroad Commissioner,,REP,RYAN SITTON,84,49,35,0
Wise,8,Railroad Commissioner,,REP,MALACHI BOYULS,26,16,10,0
Wise,8,Railroad Commissioner,,REP,BECKY BERGER,54,28,26,0
Wise,8,"CHIEF JUSTICE, SUPREME COURT",,REP,NATHAN HECHT,218,116,102,0
Wise,8,"CHIEF JUSTICE, SUPREME COURT",,REP,Over Votes,0,0,0,0
Wise,8,"CHIEF JUSTICE, SUPREME COURT",,REP,Under Votes,67,35,32,0
Wise,8,"CHIEF JUSTICE, SUPREME COURT",,REP,ROBERT TALTON,128,78,50,0
Wise,8,"JUSTICE, SUPREME COURT, PLACE 6, UNEXPIRED TERM",,REP,JEFF BROWN,254,131,123,0
Wise,8,"JUSTICE, SUPREME COURT, PLACE 6, UNEXPIRED TERM",,REP,Over Votes,0,0,0,0
Wise,8,"JUSTICE, SUPREME COURT, PLACE 6, UNEXPIRED TERM",,REP,Under Votes,73,39,34,0
Wise,8,"JUSTICE, SUPREME COURT, PLACE 6, UNEXPIRED TERM",,REP,JOE POOL,86,59,27,0
Wise,8,"JUSTICE, SUPREME COURT, PLACE 7",,REP,JEFF BOYD,326,179,147,0
Wise,8,"JUSTICE, SUPREME COURT, PLACE 7",,REP,Over Votes,0,0,0,0
Wise,8,"JUSTICE, SUPREME COURT, PLACE 7",,REP,Under Votes,87,50,37,0
Wise,8,"JUSTICE, SUPREME COURT, PLACE 8",,REP,SHARON MCCALLY,116,69,47,0
Wise,8,"JUSTICE, SUPREME COURT, PLACE 8",,REP,Over Votes,0,0,0,0
Wise,8,"JUSTICE, SUPREME COURT, PLACE 8",,REP,Under Votes,70,37,33,0
Wise,8,"JUSTICE, SUPREME COURT, PLACE 8",,REP,PHIL JOHNSON,227,123,104,0
Wise,8,"JUDGE, COURT OF CRIMINAL APPEALS, PLACE 3",,REP,BERT RICHARDSON,230,138,92,0
Wise,8,"JUDGE, COURT OF CRIMINAL APPEALS, PLACE 3",,REP,Over Votes,0,0,0,0
Wise,8,"JUDGE, COURT OF CRIMINAL APPEALS, PLACE 3",,REP,Under Votes,84,42,42,0
Wise,8,"JUDGE, COURT OF CRIMINAL APPEALS, PLACE 3",,REP,BARBARA WALTHER,99,49,50,0
Wise,8,"JUDGE, COURT OF CRIMINAL APPEALS, PLACE 4",,REP,JANI JO WOOD,68,38,30,0
Wise,8,"JUDGE, COURT OF CRIMINAL APPEALS, PLACE 4",,REP,Over Votes,0,0,0,0
Wise,8,"JUDGE, COURT OF CRIMINAL APPEALS, PLACE 4",,REP,Under Votes,90,47,43,0
Wise,8,"JUDGE, COURT OF CRIMINAL APPEALS, PLACE 4",,REP,RICHARD DEAN DAVIS,119,72,47,0
Wise,8,"JUDGE, COURT OF CRIMINAL APPEALS, PLACE 4",,REP,KEVIN PATRICK YEARY,136,72,64,0
Wise,8,"JUDGE, COURT OF CRIMINAL APPEALS, PLACE 9",,REP,"W.C. ""BUD"" KIRKENDALL",203,130,73,0
Wise,8,"JUDGE, COURT OF CRIMINAL APPEALS, PLACE 9",,REP,Over Votes,0,0,0,0
Wise,8,"JUDGE, COURT OF CRIMINAL APPEALS, PLACE 9",,REP,Under Votes,87,48,39,0
Wise,8,"JUDGE, COURT OF CRIMINAL APPEALS, PLACE 9",,REP,DAVID NEWELL,123,51,72,0
Wise,8,"STATE SENATOR, DISTRICT 30",,REP,CRAIG ESTES,350,196,154,0
Wise,8,"STATE SENATOR, DISTRICT 30",,REP,Over Votes,0,0,0,0
Wise,8,"STATE SENATOR, DISTRICT 30",,REP,Under Votes,63,33,30,0
Wise,8,"STATE REPRESENTATIVE, DISTRICT 61",,REP,PHIL KING,347,193,154,0
Wise,8,"STATE REPRESENTATIVE, DISTRICT 61",,REP,Over Votes,0,0,0,0
Wise,8,"STATE REPRESENTATIVE, DISTRICT 61",,REP,Under Votes,66,36,30,0
Wise,8,"JUSTICE, 2ND COURT OF APPEALS, PLACE 2",,REP,BILL MEIER,324,177,147,0
Wise,8,"JUSTICE, 2ND COURT OF APPEALS, PLACE 2",,REP,Over Votes,0,0,0,0
Wise,8,"JUSTICE, 2ND COURT OF APPEALS, PLACE 2",,REP,Under Votes,89,52,37,0
Wise,8,"JUSTICE, 2ND COURT OF APPEALS, PLACE 7",,REP,LEE GABRIEL,295,161,134,0
Wise,8,"JUSTICE, 2ND COURT OF APPEALS, PLACE 7",,REP,Over Votes,0,0,0,0
Wise,8,"JUSTICE, 2ND COURT OF APPEALS, PLACE 7",,REP,Under Votes,118,68,50,0
Wise,8,"DISTRICT JUDGE, 271ST JUDICIAL DISTRICT",,REP,JOHN H. FOSTEL,359,200,159,0
Wise,8,"DISTRICT JUDGE, 271ST JUDICIAL DISTRICT",,REP,Over Votes,0,0,0,0
Wise,8,"DISTRICT JUDGE, 271ST JUDICIAL DISTRICT",,REP,Under Votes,54,29,25,0
Wise,8,COUNTY JUDGE,,REP,KYLE E. STEPHENS,85,49,36,0
Wise,8,COUNTY JUDGE,,REP,Over Votes,0,0,0,0
Wise,8,COUNTY JUDGE,,REP,Under Votes,17,5,12,0
Wise,8,COUNTY JUDGE,,REP,J.D. CLARK,269,153,116,0
Wise,8,COUNTY JUDGE,,REP,KEITH MCCOMIS,42,22,20,0
Wise,8,"JUDGE,COUNTY COURT AT LAW NUMBER 1",,REP,MELTON D. CUDE,357,201,156,0
Wise,8,"JUDGE,COUNTY COURT AT LAW NUMBER 1",,REP,Over Votes,0,0,0,0
Wise,8,"JUDGE,COUNTY COURT AT LAW NUMBER 1",,REP,Under Votes,56,28,28,0
Wise,8,DISTRICT CLERK,,REP,BRENDA STARNES ROWE,199,110,89,0
Wise,8,DISTRICT CLERK,,REP,Over Votes,0,0,0,0
Wise,8,DISTRICT CLERK,,REP,Under Votes,37,17,20,0
Wise,8,DISTRICT CLERK,,REP,CALLIE WATTS MANNING,177,102,75,0
Wise,8,COUNTY CLERK,,REP,SHERRY COURSEY LEMON,343,194,149,0
Wise,8,COUNTY CLERK,,REP,Over Votes,0,0,0,0
Wise,8,COUNTY CLERK,,REP,Under Votes,70,35,35,0
Wise,8,COUNTY TREASURER,,REP,KATHERINE CANOVA HUDSON,260,155,105,0
Wise,8,COUNTY TREASURER,,REP,Over Votes,0,0,0,0
Wise,8,COUNTY TREASURER,,REP,Under Votes,29,11,18,0
Wise,8,COUNTY TREASURER,,REP,DANIEL E. RIVAS,124,63,61,0
Wise,8,"COUNTY COMMISSIONER, PRECINCT 2",,REP,KEVIN BURNS,363,203,160,0
Wise,8,"COUNTY COMMISSIONER, PRECINCT 2",,REP,Over Votes,0,0,0,0
Wise,8,"COUNTY COMMISSIONER, PRECINCT 2",,REP,Under Votes,50,26,24,0
Wise,8,"JUSTICE OF THE PEACE, PRECINCT 2",,REP,TERRI LYNN JOHNSON,357,200,157,0
Wise,8,"JUSTICE OF THE PEACE, PRECINCT 2",,REP,Over Votes,0,0,0,0
Wise,8,"JUSTICE OF THE PEACE, PRECINCT 2",,REP,Under Votes,56,29,27,0
Wise,8,COUNTY CHAIRMAN,,REP,ALLEN L. WILLIAMSON,355,201,154,0
Wise,8,COUNTY CHAIRMAN,,REP,Over Votes,0,0,0,0
Wise,8,COUNTY CHAIRMAN,,REP,Under Votes,58,28,30,0
Wise,8,U.S. Senate D,,DEM,"MICHAEL ""FJET"" FJETLAND",1,1,0,0
Wise,8,U.S. Senate D,,DEM,Over Votes,0,0,0,0
Wise,8,U.S. Senate D,,DEM,Under Votes,3,2,1,0
Wise,8,U.S. Senate D,,DEM,MAXEY MARIE SCHERR,11,7,4,0
Wise,8,U.S. Senate D,,DEM,HARRY KIM,0,0,0,0
Wise,8,U.S. Senate D,,DEM,DAVID M. ALAMEEL,12,10,2,0
Wise,8,U.S. Senate D,,DEM,KESHA ROGERS,7,4,3,0
Wise,8,"U.S. REPRESENTATIVE, DISTRICT 13 D",,DEM,MIKE MINTER,32,23,9,0
Wise,8,"U.S. REPRESENTATIVE, DISTRICT 13 D",,DEM,Over Votes,0,0,0,0
Wise,8,"U.S. REPRESENTATIVE, DISTRICT 13 D",,DEM,Under Votes,2,1,1,0
Wise,8,GOVERNOR D,,DEM,"REYNALDO ""RAY"" MADRIGAL",2,1,1,0
Wise,8,GOVERNOR D,,DEM,Over Votes,0,0,0,0
Wise,8,GOVERNOR D,,DEM,Under Votes,0,0,0,0
Wise,8,GOVERNOR D,,DEM,WENDY R. DAVIS,32,23,9,0
Wise,8,Lieutenant Governor D,,DEM,LETICIA VAN DE PUTTE,32,23,9,0
Wise,8,Lieutenant Governor D,,DEM,Over Votes,0,0,0,0
Wise,8,Lieutenant Governor D,,DEM,Under Votes,2,1,1,0
Wise,8,Attorney General D,,DEM,SAM HOUSTON,32,24,8,0
Wise,8,Attorney General D,,DEM,Over Votes,0,0,0,0
Wise,8,Attorney General D,,DEM,Under Votes,2,0,2,0
Wise,8,Comptroller	of Public Accounts D,,DEM,MIKE COLLIER,33,24,9,0
Wise,8,Comptroller	of Public Accounts D,,DEM,Over Votes,0,0,0,0
Wise,8,Comptroller	of Public Accounts D,,DEM,Under Votes,1,0,1,0
Wise,8,COMMISSIONER OF THE GENERAL LAND OFFICE D,,DEM,JOHN COOK,33,24,9,0
Wise,8,COMMISSIONER OF THE GENERAL LAND OFFICE D,,DEM,Over Votes,0,0,0,0
Wise,8,COMMISSIONER OF THE GENERAL LAND OFFICE D,,DEM,Under Votes,1,0,1,0
Wise,8,Commissioner of Agriculture D,,DEM,JIM HOGAN,15,10,5,0
Wise,8,Commissioner of Agriculture D,,DEM,Over Votes,0,0,0,0
Wise,8,Commissioner of Agriculture D,,DEM,Under Votes,0,0,0,0
Wise,8,Commissioner of Agriculture D,,DEM,"RICHARD ""KINKY"" FRIEDMAN",16,12,4,0
Wise,8,Commissioner of Agriculture D,,DEM,HUGH ASA FITZSIMONS III,3,2,1,0
Wise,8,Railroad Commissioner D,,DEM,STEVE BROWN,16,10,6,0
Wise,8,Railroad Commissioner D,,DEM,Over Votes,0,0,0,0
Wise,8,Railroad Commissioner D,,DEM,Under Votes,2,1,1,0
Wise,8,Railroad Commissioner D,,DEM,DALE HENRY,16,13,3,0
Wise,8,"CHIEF JUSTICE, SUPREME COURT D",,DEM,WILLIAM MOODY,31,22,9,0
Wise,8,"CHIEF JUSTICE, SUPREME COURT D",,DEM,Over Votes,0,0,0,0
Wise,8,"CHIEF JUSTICE, SUPREME COURT D",,DEM,Under Votes,3,2,1,0
Wise,8,"JUSTICE, SUPREME COURT, PLACE 6, UNEXPIRED TERM D",,DEM,LAWRENCE EDWARD MEYERS,33,24,9,0
Wise,8,"JUSTICE, SUPREME COURT, PLACE 6, UNEXPIRED TERM D",,DEM,Over Votes,0,0,0,0
Wise,8,"JUSTICE, SUPREME COURT, PLACE 6, UNEXPIRED TERM D",,DEM,Under Votes,1,0,1,0
Wise,8,"JUSTICE, SUPREME COURT, PLACE 7 D",,DEM,GINA BENAVIDES,31,22,9,0
Wise,8,"JUSTICE, SUPREME COURT, PLACE 7 D",,DEM,Over Votes,0,0,0,0
Wise,8,"JUSTICE, SUPREME COURT, PLACE 7 D",,DEM,Under Votes,3,2,1,0
Wise,8,"JUDGE, COURT OF CRIMINAL APPEALS, PLACE 3 D",,DEM,JOHN GRANBERG,32,23,9,0
Wise,8,"JUDGE, COURT OF CRIMINAL APPEALS, PLACE 3 D",,DEM,Over Votes,0,0,0,0
Wise,8,"JUDGE, COURT OF CRIMINAL APPEALS, PLACE 3 D",,DEM,Under Votes,2,1,1,0
Wise,8,"STATE REPRESENTATIVE, DISTRICT 61 D",,DEM,MATTHEW BRITT,32,23,9,0
Wise,8,"STATE REPRESENTATIVE, DISTRICT 61 D",,DEM,Over Votes,0,0,0,0
Wise,8,"STATE REPRESENTATIVE, DISTRICT 61 D",,DEM,Under Votes,2,1,1,0
Wise,8,COUNTY JUDGE D,,DEM,"JAMES ""JIM"" STEGALL",31,23,8,0
Wise,8,COUNTY JUDGE D,,DEM,Over Votes,0,0,0,0
Wise,8,COUNTY JUDGE D,,DEM,Under Votes,3,1,2,0
Wise,8,COUNTY PARTY CHAIR D,,DEM,TRACY A. SMITH,32,23,9,0
Wise,8,COUNTY PARTY CHAIR D,,DEM,Over Votes,0,0,0,0
Wise,8,COUNTY PARTY CHAIR D,,DEM,Under Votes,2,1,1,0
Wise,8,RELIGIOUS FREEDOM,,,YES,396,217,179,0
Wise,8,RELIGIOUS FREEDOM,,,Over Votes,0,0,0,0
Wise,8,RELIGIOUS FREEDOM,,,Under Votes,6,5,1,0
Wise,8,RELIGIOUS FREEDOM,,,NO,11,7,4,0
Wise,8,ON IMMIGRATION REFORM D,,,FOR,32,22,10,0
Wise,8,ON IMMIGRATION REFORM D,,,Over Votes,0,0,0,0
Wise,8,ON IMMIGRATION REFORM D,,,Under Votes,1,1,0,0
Wise,8,ON IMMIGRATION REFORM D,,,AGAINST,1,1,0,0
Wise,8,SECOND AMENDMENT,,,YES,368,199,169,0
Wise,8,SECOND AMENDMENT,,,Over Votes,0,0,0,0
Wise,8,SECOND AMENDMENT,,,Under Votes,8,4,4,0
Wise,8,SECOND AMENDMENT,,,NO,37,26,11,0
Wise,8,A LIVING WAGE FOR ALL TEXANS D,,,FOR,32,23,9,0
Wise,8,A LIVING WAGE FOR ALL TEXANS D,,,Over Votes,0,0,0,0
Wise,8,A LIVING WAGE FOR ALL TEXANS D,,,Under Votes,1,1,0,0
Wise,8,A LIVING WAGE FOR ALL TEXANS D,,,AGAINST,1,0,1,0
Wise,8,FRANCHISE TAX,,,YES,337,185,152,0
Wise,8,FRANCHISE TAX,,,Over Votes,0,0,0,0
Wise,8,FRANCHISE TAX,,,Under Votes,24,10,14,0
Wise,8,FRANCHISE TAX,,,NO,52,34,18,0
Wise,8,MEDICAID EXPANSION D,,,FOR,31,21,10,0
Wise,8,MEDICAID EXPANSION D,,,Over Votes,0,0,0,0
Wise,8,MEDICAID EXPANSION D,,,Under Votes,1,1,0,0
Wise,8,MEDICAID EXPANSION D,,,AGAINST,2,2,0,0
Wise,8,WELFARE REFORM,,,YES,387,214,173,0
Wise,8,WELFARE REFORM,,,Over Votes,0,0,0,0
Wise,8,WELFARE REFORM,,,Under Votes,7,4,3,0
Wise,8,WELFARE REFORM,,,NO,19,11,8,0
Wise,8,ON NON-DISCRIMINATION LEGISLATION D,,,FOR,27,17,10,0
Wise,8,ON NON-DISCRIMINATION LEGISLATION D,,,Over Votes,0,0,0,0
Wise,8,ON NON-DISCRIMINATION LEGISLATION D,,,Under Votes,2,2,0,0
Wise,8,ON NON-DISCRIMINATION LEGISLATION D,,,AGAINST,5,5,0,0
Wise,8,NO LAWMAKER EXCEPTIONS,,,YES,401,220,181,0
Wise,8,NO LAWMAKER EXCEPTIONS,,,Over Votes,0,0,0,0
Wise,8,NO LAWMAKER EXCEPTIONS,,,Under Votes,9,6,3,0
Wise,8,NO LAWMAKER EXCEPTIONS,,,NO,3,3,0,0
Wise,8,OBAMACARE,,,YES,381,209,172,0
Wise,8,OBAMACARE,,,Over Votes,0,0,0,0
Wise,8,OBAMACARE,,,Under Votes,9,4,5,0
Wise,8,OBAMACARE,,,NO,23,16,7,0
Wise,9,U.S. Senate,,REP,JOHN CORNYN,197,84,113,0
Wise,9,U.S. Senate,,REP,Over Votes,0,0,0,0
Wise,9,U.S. Senate,,REP,Under Votes,18,3,15,0
Wise,9,U.S. Senate,,REP,REID REASOR,6,1,5,0
Wise,9,U.S. Senate,,REP,STEVE STOCKMAN,60,21,39,0
Wise,9,U.S. Senate,,REP,CURT CLEAVER,2,0,2,0
Wise,9,U.S. Senate,,REP,LINDA VEGA,7,3,4,0
Wise,9,U.S. Senate,,REP,KEN COPE,8,4,4,0
Wise,9,U.S. Senate,,REP,DWAYNE STOVALL,33,15,18,0
Wise,9,U.S. Senate,,REP,CHRIS MAPP,7,2,5,0
Wise,9,"U.S. REPRESENTATIVE, DISTRICT 13",,REP,ELAINE HAYS,51,20,31,0
Wise,9,"U.S. REPRESENTATIVE, DISTRICT 13",,REP,Over Votes,0,0,0,0
Wise,9,"U.S. REPRESENTATIVE, DISTRICT 13",,REP,Under Votes,43,14,29,0
Wise,9,"U.S. REPRESENTATIVE, DISTRICT 13",,REP,PAM BARLOW,69,26,43,0
Wise,9,"U.S. REPRESENTATIVE, DISTRICT 13",,REP,MAC THORNBERRY,175,73,102,0
Wise,9,GOVERNOR,,REP,MIRIAM MARTINEZ,6,2,4,0
Wise,9,GOVERNOR,,REP,Over Votes,0,0,0,0
Wise,9,GOVERNOR,,REP,Under Votes,16,5,11,0
Wise,9,GOVERNOR,,REP,GREG ABBOTT,299,119,180,0
Wise,9,GOVERNOR,,REP,LISA FRITSCH,11,4,7,0
Wise,9,GOVERNOR,,REP,SECEDE KILGORE,6,3,3,0
Wise,9,Lieutenant Governor,,REP,DAN PATRICK,145,61,84,0
Wise,9,Lieutenant Governor,,REP,Over Votes,0,0,0,0
Wise,9,Lieutenant Governor,,REP,Under Votes,14,6,8,0
Wise,9,Lieutenant Governor,,REP,JERRY PATTERSON,27,8,19,0
Wise,9,Lieutenant Governor,,REP,TODD STAPLES,78,32,46,0
Wise,9,Lieutenant Governor,,REP,DAVID DEWHURST,74,26,48,0
Wise,9,Attorney General,,REP,DAN BRANCH,115,49,66,0
Wise,9,Attorney General,,REP,Over Votes,0,0,0,0
Wise,9,Attorney General,,REP,Under Votes,32,13,19,0
Wise,9,Attorney General,,REP,KEN PAXTON,153,55,98,0
Wise,9,Attorney General,,REP,BARRY SMITHERMAN,38,16,22,0
Wise,9,Comptroller	of Public Accounts,,REP,RAUL TORRES,32,10,22,0
Wise,9,Comptroller	of Public Accounts,,REP,Over Votes,0,0,0,0
Wise,9,Comptroller	of Public Accounts,,REP,Under Votes,43,13,30,0
Wise,9,Comptroller	of Public Accounts,,REP,GLEN HEGAR,140,58,82,0
Wise,9,Comptroller	of Public Accounts,,REP,HARVEY HILDERBRAN,58,26,32,0
Wise,9,Comptroller	of Public Accounts,,REP,DEBRA MEDINA,65,26,39,0
Wise,9,COMMISSIONER OF THE GENERAL LAND OFFICE,,REP,DAVID WATTS,107,45,62,0
Wise,9,COMMISSIONER OF THE GENERAL LAND OFFICE,,REP,Over Votes,0,0,0,0
Wise,9,COMMISSIONER OF THE GENERAL LAND OFFICE,,REP,Under Votes,27,6,21,0
Wise,9,COMMISSIONER OF THE GENERAL LAND OFFICE,,REP,GEORGE P. BUSH,204,82,122,0
Wise,9,Commissioner of Agriculture,,REP,J. ALLEN CARNES,61,22,39,0
Wise,9,Commissioner of Agriculture,,REP,Over Votes,0,0,0,0
Wise,9,Commissioner of Agriculture,,REP,Under Votes,46,16,30,0
Wise,9,Commissioner of Agriculture,,REP,TOMMY MERRITT,43,17,26,0
Wise,9,Commissioner of Agriculture,,REP,SID MILLER,84,39,45,0
Wise,9,Commissioner of Agriculture,,REP,ERIC OPIELA,62,20,42,0
Wise,9,Commissioner of Agriculture,,REP,JOE COTTEN,42,19,23,0
Wise,9,Railroad Commissioner,,REP,WAYNE CHRISTIAN,163,61,102,0
Wise,9,Railroad Commissioner,,REP,Over Votes,0,0,0,0
Wise,9,Railroad Commissioner,,REP,Under Votes,50,15,35,0
Wise,9,Railroad Commissioner,,REP,RYAN SITTON,57,25,32,0
Wise,9,Railroad Commissioner,,REP,MALACHI BOYULS,21,10,11,0
Wise,9,Railroad Commissioner,,REP,BECKY BERGER,47,22,25,0
Wise,9,"CHIEF JUSTICE, SUPREME COURT",,REP,NATHAN HECHT,174,66,108,0
Wise,9,"CHIEF JUSTICE, SUPREME COURT",,REP,Over Votes,0,0,0,0
Wise,9,"CHIEF JUSTICE, SUPREME COURT",,REP,Under Votes,58,26,32,0
Wise,9,"CHIEF JUSTICE, SUPREME COURT",,REP,ROBERT TALTON,106,41,65,0
Wise,9,"JUSTICE, SUPREME COURT, PLACE 6, UNEXPIRED TERM",,REP,JEFF BROWN,196,80,116,0
Wise,9,"JUSTICE, SUPREME COURT, PLACE 6, UNEXPIRED TERM",,REP,Over Votes,0,0,0,0
Wise,9,"JUSTICE, SUPREME COURT, PLACE 6, UNEXPIRED TERM",,REP,Under Votes,61,23,38,0
Wise,9,"JUSTICE, SUPREME COURT, PLACE 6, UNEXPIRED TERM",,REP,JOE POOL,81,30,51,0
Wise,9,"JUSTICE, SUPREME COURT, PLACE 7",,REP,JEFF BOYD,258,104,154,0
Wise,9,"JUSTICE, SUPREME COURT, PLACE 7",,REP,Over Votes,0,0,0,0
Wise,9,"JUSTICE, SUPREME COURT, PLACE 7",,REP,Under Votes,80,29,51,0
Wise,9,"JUSTICE, SUPREME COURT, PLACE 8",,REP,SHARON MCCALLY,95,39,56,0
Wise,9,"JUSTICE, SUPREME COURT, PLACE 8",,REP,Over Votes,0,0,0,0
Wise,9,"JUSTICE, SUPREME COURT, PLACE 8",,REP,Under Votes,60,23,37,0
Wise,9,"JUSTICE, SUPREME COURT, PLACE 8",,REP,PHIL JOHNSON,183,71,112,0
Wise,9,"JUDGE, COURT OF CRIMINAL APPEALS, PLACE 3",,REP,BERT RICHARDSON,180,76,104,0
Wise,9,"JUDGE, COURT OF CRIMINAL APPEALS, PLACE 3",,REP,Over Votes,0,0,0,0
Wise,9,"JUDGE, COURT OF CRIMINAL APPEALS, PLACE 3",,REP,Under Votes,72,25,47,0
Wise,9,"JUDGE, COURT OF CRIMINAL APPEALS, PLACE 3",,REP,BARBARA WALTHER,86,32,54,0
Wise,9,"JUDGE, COURT OF CRIMINAL APPEALS, PLACE 4",,REP,JANI JO WOOD,45,21,24,0
Wise,9,"JUDGE, COURT OF CRIMINAL APPEALS, PLACE 4",,REP,Over Votes,0,0,0,0
Wise,9,"JUDGE, COURT OF CRIMINAL APPEALS, PLACE 4",,REP,Under Votes,75,28,47,0
Wise,9,"JUDGE, COURT OF CRIMINAL APPEALS, PLACE 4",,REP,RICHARD DEAN DAVIS,103,38,65,0
Wise,9,"JUDGE, COURT OF CRIMINAL APPEALS, PLACE 4",,REP,KEVIN PATRICK YEARY,115,46,69,0
Wise,9,"JUDGE, COURT OF CRIMINAL APPEALS, PLACE 9",,REP,"W.C. ""BUD"" KIRKENDALL",160,67,93,0
Wise,9,"JUDGE, COURT OF CRIMINAL APPEALS, PLACE 9",,REP,Over Votes,0,0,0,0
Wise,9,"JUDGE, COURT OF CRIMINAL APPEALS, PLACE 9",,REP,Under Votes,77,28,49,0
Wise,9,"JUDGE, COURT OF CRIMINAL APPEALS, PLACE 9",,REP,DAVID NEWELL,101,38,63,0
Wise,9,"STATE SENATOR, DISTRICT 30",,REP,CRAIG ESTES,266,110,156,0
Wise,9,"STATE SENATOR, DISTRICT 30",,REP,Over Votes,0,0,0,0
Wise,9,"STATE SENATOR, DISTRICT 30",,REP,Under Votes,72,23,49,0
Wise,9,"STATE REPRESENTATIVE, DISTRICT 61",,REP,PHIL KING,284,119,165,0
Wise,9,"STATE REPRESENTATIVE, DISTRICT 61",,REP,Over Votes,0,0,0,0
Wise,9,"STATE REPRESENTATIVE, DISTRICT 61",,REP,Under Votes,54,14,40,0
Wise,9,"JUSTICE, 2ND COURT OF APPEALS, PLACE 2",,REP,BILL MEIER,250,102,148,0
Wise,9,"JUSTICE, 2ND COURT OF APPEALS, PLACE 2",,REP,Over Votes,0,0,0,0
Wise,9,"JUSTICE, 2ND COURT OF APPEALS, PLACE 2",,REP,Under Votes,88,31,57,0
Wise,9,"JUSTICE, 2ND COURT OF APPEALS, PLACE 7",,REP,LEE GABRIEL,239,94,145,0
Wise,9,"JUSTICE, 2ND COURT OF APPEALS, PLACE 7",,REP,Over Votes,0,0,0,0
Wise,9,"JUSTICE, 2ND COURT OF APPEALS, PLACE 7",,REP,Under Votes,99,39,60,0
Wise,9,"DISTRICT JUDGE, 271ST JUDICIAL DISTRICT",,REP,JOHN H. FOSTEL,270,108,162,0
Wise,9,"DISTRICT JUDGE, 271ST JUDICIAL DISTRICT",,REP,Over Votes,0,0,0,0
Wise,9,"DISTRICT JUDGE, 271ST JUDICIAL DISTRICT",,REP,Under Votes,68,25,43,0
Wise,9,COUNTY JUDGE,,REP,KYLE E. STEPHENS,68,25,43,0
Wise,9,COUNTY JUDGE,,REP,Over Votes,0,0,0,0
Wise,9,COUNTY JUDGE,,REP,Under Votes,28,9,19,0
Wise,9,COUNTY JUDGE,,REP,J.D. CLARK,187,75,112,0
Wise,9,COUNTY JUDGE,,REP,KEITH MCCOMIS,55,24,31,0
Wise,9,"JUDGE,COUNTY COURT AT LAW NUMBER 1",,REP,MELTON D. CUDE,273,114,159,0
Wise,9,"JUDGE,COUNTY COURT AT LAW NUMBER 1",,REP,Over Votes,0,0,0,0
Wise,9,"JUDGE,COUNTY COURT AT LAW NUMBER 1",,REP,Under Votes,65,19,46,0
Wise,9,DISTRICT CLERK,,REP,BRENDA STARNES ROWE,112,42,70,0
Wise,9,DISTRICT CLERK,,REP,Over Votes,0,0,0,0
Wise,9,DISTRICT CLERK,,REP,Under Votes,32,11,21,0
Wise,9,DISTRICT CLERK,,REP,CALLIE WATTS MANNING,194,80,114,0
Wise,9,COUNTY CLERK,,REP,SHERRY COURSEY LEMON,277,119,158,0
Wise,9,COUNTY CLERK,,REP,Over Votes,0,0,0,0
Wise,9,COUNTY CLERK,,REP,Under Votes,61,14,47,0
Wise,9,COUNTY TREASURER,,REP,KATHERINE CANOVA HUDSON,187,80,107,0
Wise,9,COUNTY TREASURER,,REP,Over Votes,0,0,0,0
Wise,9,COUNTY TREASURER,,REP,Under Votes,41,10,31,0
Wise,9,COUNTY TREASURER,,REP,DANIEL E. RIVAS,110,43,67,0
Wise,9,"COUNTY COMMISSIONER, PRECINCT 2",,REP,KEVIN BURNS,276,115,161,0
Wise,9,"COUNTY COMMISSIONER, PRECINCT 2",,REP,Over Votes,0,0,0,0
Wise,9,"COUNTY COMMISSIONER, PRECINCT 2",,REP,Under Votes,62,18,44,0
Wise,9,"JUSTICE OF THE PEACE, PRECINCT 2",,REP,TERRI LYNN JOHNSON,273,114,159,0
Wise,9,"JUSTICE OF THE PEACE, PRECINCT 2",,REP,Over Votes,0,0,0,0
Wise,9,"JUSTICE OF THE PEACE, PRECINCT 2",,REP,Under Votes,65,19,46,0
Wise,9,COUNTY CHAIRMAN,,REP,ALLEN L. WILLIAMSON,269,112,157,0
Wise,9,COUNTY CHAIRMAN,,REP,Over Votes,0,0,0,0
Wise,9,COUNTY CHAIRMAN,,REP,Under Votes,69,21,48,0
Wise,9,U.S. Senate D,,DEM,"MICHAEL ""FJET"" FJETLAND",3,0,3,0
Wise,9,U.S. Senate D,,DEM,Over Votes,0,0,0,0
Wise,9,U.S. Senate D,,DEM,Under Votes,0,0,0,0
Wise,9,U.S. Senate D,,DEM,MAXEY MARIE SCHERR,2,1,1,0
Wise,9,U.S. Senate D,,DEM,HARRY KIM,0,0,0,0
Wise,9,U.S. Senate D,,DEM,DAVID M. ALAMEEL,15,13,2,0
Wise,9,U.S. Senate D,,DEM,KESHA ROGERS,7,2,5,0
Wise,9,"U.S. REPRESENTATIVE, DISTRICT 13 D",,DEM,MIKE MINTER,21,13,8,0
Wise,9,"U.S. REPRESENTATIVE, DISTRICT 13 D",,DEM,Over Votes,0,0,0,0
Wise,9,"U.S. REPRESENTATIVE, DISTRICT 13 D",,DEM,Under Votes,6,3,3,0
Wise,9,GOVERNOR D,,DEM,"REYNALDO ""RAY"" MADRIGAL",3,1,2,0
Wise,9,GOVERNOR D,,DEM,Over Votes,0,0,0,0
Wise,9,GOVERNOR D,,DEM,Under Votes,1,0,1,0
Wise,9,GOVERNOR D,,DEM,WENDY R. DAVIS,23,15,8,0
Wise,9,Lieutenant Governor D,,DEM,LETICIA VAN DE PUTTE,24,14,10,0
Wise,9,Lieutenant Governor D,,DEM,Over Votes,0,0,0,0
Wise,9,Lieutenant Governor D,,DEM,Under Votes,3,2,1,0
Wise,9,Attorney General D,,DEM,SAM HOUSTON,24,14,10,0
Wise,9,Attorney General D,,DEM,Over Votes,0,0,0,0
Wise,9,Attorney General D,,DEM,Under Votes,3,2,1,0
Wise,9,Comptroller	of Public Accounts D,,DEM,MIKE COLLIER,24,14,10,0
Wise,9,Comptroller	of Public Accounts D,,DEM,Over Votes,0,0,0,0
Wise,9,Comptroller	of Public Accounts D,,DEM,Under Votes,3,2,1,0
Wise,9,COMMISSIONER OF THE GENERAL LAND OFFICE D,,DEM,JOHN COOK,24,14,10,0
Wise,9,COMMISSIONER OF THE GENERAL LAND OFFICE D,,DEM,Over Votes,0,0,0,0
Wise,9,COMMISSIONER OF THE GENERAL LAND OFFICE D,,DEM,Under Votes,3,2,1,0
Wise,9,Commissioner of Agriculture D,,DEM,JIM HOGAN,15,11,4,0
Wise,9,Commissioner of Agriculture D,,DEM,Over Votes,0,0,0,0
Wise,9,Commissioner of Agriculture D,,DEM,Under Votes,1,0,1,0
Wise,9,Commissioner of Agriculture D,,DEM,"RICHARD ""KINKY"" FRIEDMAN",7,1,6,0
Wise,9,Commissioner of Agriculture D,,DEM,HUGH ASA FITZSIMONS III,4,4,0,0
Wise,9,Railroad Commissioner D,,DEM,STEVE BROWN,21,13,8,0
Wise,9,Railroad Commissioner D,,DEM,Over Votes,0,0,0,0
Wise,9,Railroad Commissioner D,,DEM,Under Votes,1,0,1,0
Wise,9,Railroad Commissioner D,,DEM,DALE HENRY,5,3,2,0
Wise,9,"CHIEF JUSTICE, SUPREME COURT D",,DEM,WILLIAM MOODY,24,14,10,0
Wise,9,"CHIEF JUSTICE, SUPREME COURT D",,DEM,Over Votes,0,0,0,0
Wise,9,"CHIEF JUSTICE, SUPREME COURT D",,DEM,Under Votes,3,2,1,0
Wise,9,"JUSTICE, SUPREME COURT, PLACE 6, UNEXPIRED TERM D",,DEM,LAWRENCE EDWARD MEYERS,23,13,10,0
Wise,9,"JUSTICE, SUPREME COURT, PLACE 6, UNEXPIRED TERM D",,DEM,Over Votes,0,0,0,0
Wise,9,"JUSTICE, SUPREME COURT, PLACE 6, UNEXPIRED TERM D",,DEM,Under Votes,4,3,1,0
Wise,9,"JUSTICE, SUPREME COURT, PLACE 7 D",,DEM,GINA BENAVIDES,24,14,10,0
Wise,9,"JUSTICE, SUPREME COURT, PLACE 7 D",,DEM,Over Votes,0,0,0,0
Wise,9,"JUSTICE, SUPREME COURT, PLACE 7 D",,DEM,Under Votes,3,2,1,0
Wise,9,"JUDGE, COURT OF CRIMINAL APPEALS, PLACE 3 D",,DEM,JOHN GRANBERG,23,14,9,0
Wise,9,"JUDGE, COURT OF CRIMINAL APPEALS, PLACE 3 D",,DEM,Over Votes,0,0,0,0
Wise,9,"JUDGE, COURT OF CRIMINAL APPEALS, PLACE 3 D",,DEM,Under Votes,4,2,2,0
Wise,9,"STATE REPRESENTATIVE, DISTRICT 61 D",,DEM,MATTHEW BRITT,24,14,10,0
Wise,9,"STATE REPRESENTATIVE, DISTRICT 61 D",,DEM,Over Votes,0,0,0,0
Wise,9,"STATE REPRESENTATIVE, DISTRICT 61 D",,DEM,Under Votes,3,2,1,0
Wise,9,COUNTY JUDGE D,,DEM,"JAMES ""JIM"" STEGALL",23,14,9,0
Wise,9,COUNTY JUDGE D,,DEM,Over Votes,0,0,0,0
Wise,9,COUNTY JUDGE D,,DEM,Under Votes,4,2,2,0
Wise,9,COUNTY PARTY CHAIR D,,DEM,TRACY A. SMITH,22,13,9,0
Wise,9,COUNTY PARTY CHAIR D,,DEM,Over Votes,0,0,0,0
Wise,9,COUNTY PARTY CHAIR D,,DEM,Under Votes,5,3,2,0
Wise,9,RELIGIOUS FREEDOM,,,YES,324,128,196,0
Wise,9,RELIGIOUS FREEDOM,,,Over Votes,0,0,0,0
Wise,9,RELIGIOUS FREEDOM,,,Under Votes,7,1,6,0
Wise,9,RELIGIOUS FREEDOM,,,NO,7,4,3,0
Wise,9,ON IMMIGRATION REFORM D,,,FOR,23,14,9,0
Wise,9,ON IMMIGRATION REFORM D,,,Over Votes,0,0,0,0
Wise,9,ON IMMIGRATION REFORM D,,,Under Votes,0,0,0,0
Wise,9,ON IMMIGRATION REFORM D,,,AGAINST,4,2,2,0
Wise,9,SECOND AMENDMENT,,,YES,307,119,188,0
Wise,9,SECOND AMENDMENT,,,Over Votes,0,0,0,0
Wise,9,SECOND AMENDMENT,,,Under Votes,8,2,6,0
Wise,9,SECOND AMENDMENT,,,NO,23,12,11,0
Wise,9,A LIVING WAGE FOR ALL TEXANS D,,,FOR,22,13,9,0
Wise,9,A LIVING WAGE FOR ALL TEXANS D,,,Over Votes,0,0,0,0
Wise,9,A LIVING WAGE FOR ALL TEXANS D,,,Under Votes,0,0,0,0
Wise,9,A LIVING WAGE FOR ALL TEXANS D,,,AGAINST,5,3,2,0
Wise,9,FRANCHISE TAX,,,YES,283,116,167,0
Wise,9,FRANCHISE TAX,,,Over Votes,0,0,0,0
Wise,9,FRANCHISE TAX,,,Under Votes,23,6,17,0
Wise,9,FRANCHISE TAX,,,NO,32,11,21,0
Wise,9,MEDICAID EXPANSION D,,,FOR,23,16,7,0
Wise,9,MEDICAID EXPANSION D,,,Over Votes,0,0,0,0
Wise,9,MEDICAID EXPANSION D,,,Under Votes,0,0,0,0
Wise,9,MEDICAID EXPANSION D,,,AGAINST,4,0,4,0
Wise,9,WELFARE REFORM,,,YES,316,126,190,0
Wise,9,WELFARE REFORM,,,Over Votes,0,0,0,0
Wise,9,WELFARE REFORM,,,Under Votes,7,1,6,0
Wise,9,WELFARE REFORM,,,NO,15,6,9,0
Wise,9,ON NON-DISCRIMINATION LEGISLATION D,,,FOR,19,14,5,0
Wise,9,ON NON-DISCRIMINATION LEGISLATION D,,,Over Votes,0,0,0,0
Wise,9,ON NON-DISCRIMINATION LEGISLATION D,,,Under Votes,1,1,0,0
Wise,9,ON NON-DISCRIMINATION LEGISLATION D,,,AGAINST,7,1,6,0
Wise,9,NO LAWMAKER EXCEPTIONS,,,YES,326,130,196,0
Wise,9,NO LAWMAKER EXCEPTIONS,,,Over Votes,0,0,0,0
Wise,9,NO LAWMAKER EXCEPTIONS,,,Under Votes,11,3,8,0
Wise,9,NO LAWMAKER EXCEPTIONS,,,NO,1,0,1,0
Wise,9,OBAMACARE,,,YES,310,119,191,0
Wise,9,OBAMACARE,,,Over Votes,0,0,0,0
Wise,9,OBAMACARE,,,Under Votes,9,3,6,0
Wise,9,OBAMACARE,,,NO,19,11,8,0
Wise,10,U.S. Senate,,REP,JOHN CORNYN,41,14,27,0
Wise,10,U.S. Senate,,REP,Over Votes,0,0,0,0
Wise,10,U.S. Senate,,REP,Under Votes,4,2,2,0
Wise,10,U.S. Senate,,REP,REID REASOR,1,0,1,0
Wise,10,U.S. Senate,,REP,STEVE STOCKMAN,15,4,11,0
Wise,10,U.S. Senate,,REP,CURT CLEAVER,1,1,0,0
Wise,10,U.S. Senate,,REP,LINDA VEGA,5,0,5,0
Wise,10,U.S. Senate,,REP,KEN COPE,1,0,1,0
Wise,10,U.S. Senate,,REP,DWAYNE STOVALL,14,1,13,0
Wise,10,U.S. Senate,,REP,CHRIS MAPP,0,0,0,0
Wise,10,"U.S. REPRESENTATIVE, DISTRICT 13",,REP,ELAINE HAYS,9,4,5,0
Wise,10,"U.S. REPRESENTATIVE, DISTRICT 13",,REP,Over Votes,0,0,0,0
Wise,10,"U.S. REPRESENTATIVE, DISTRICT 13",,REP,Under Votes,5,3,2,0
Wise,10,"U.S. REPRESENTATIVE, DISTRICT 13",,REP,PAM BARLOW,25,2,23,0
Wise,10,"U.S. REPRESENTATIVE, DISTRICT 13",,REP,MAC THORNBERRY,43,13,30,0
Wise,10,GOVERNOR,,REP,MIRIAM MARTINEZ,2,0,2,0
Wise,10,GOVERNOR,,REP,Over Votes,0,0,0,0
Wise,10,GOVERNOR,,REP,Under Votes,3,2,1,0
Wise,10,GOVERNOR,,REP,GREG ABBOTT,69,20,49,0
Wise,10,GOVERNOR,,REP,LISA FRITSCH,4,0,4,0
Wise,10,GOVERNOR,,REP,SECEDE KILGORE,4,0,4,0
Wise,10,Lieutenant Governor,,REP,DAN PATRICK,42,12,30,0
Wise,10,Lieutenant Governor,,REP,Over Votes,0,0,0,0
Wise,10,Lieutenant Governor,,REP,Under Votes,2,1,1,0
Wise,10,Lieutenant Governor,,REP,JERRY PATTERSON,7,2,5,0
Wise,10,Lieutenant Governor,,REP,TODD STAPLES,18,4,14,0
Wise,10,Lieutenant Governor,,REP,DAVID DEWHURST,13,3,10,0
Wise,10,Attorney General,,REP,DAN BRANCH,31,6,25,0
Wise,10,Attorney General,,REP,Over Votes,0,0,0,0
Wise,10,Attorney General,,REP,Under Votes,3,2,1,0
Wise,10,Attorney General,,REP,KEN PAXTON,37,10,27,0
Wise,10,Attorney General,,REP,BARRY SMITHERMAN,11,4,7,0
Wise,10,Comptroller	of Public Accounts,,REP,RAUL TORRES,4,3,1,0
Wise,10,Comptroller	of Public Accounts,,REP,Over Votes,0,0,0,0
Wise,10,Comptroller	of Public Accounts,,REP,Under Votes,7,4,3,0
Wise,10,Comptroller	of Public Accounts,,REP,GLEN HEGAR,39,10,29,0
Wise,10,Comptroller	of Public Accounts,,REP,HARVEY HILDERBRAN,13,4,9,0
Wise,10,Comptroller	of Public Accounts,,REP,DEBRA MEDINA,19,1,18,0
Wise,10,COMMISSIONER OF THE GENERAL LAND OFFICE,,REP,DAVID WATTS,32,4,28,0
Wise,10,COMMISSIONER OF THE GENERAL LAND OFFICE,,REP,Over Votes,0,0,0,0
Wise,10,COMMISSIONER OF THE GENERAL LAND OFFICE,,REP,Under Votes,1,1,0,0
Wise,10,COMMISSIONER OF THE GENERAL LAND OFFICE,,REP,GEORGE P. BUSH,49,17,32,0
Wise,10,Commissioner of Agriculture,,REP,J. ALLEN CARNES,14,4,10,0
Wise,10,Commissioner of Agriculture,,REP,Over Votes,0,0,0,0
Wise,10,Commissioner of Agriculture,,REP,Under Votes,6,3,3,0
Wise,10,Commissioner of Agriculture,,REP,TOMMY MERRITT,7,5,2,0
Wise,10,Commissioner of Agriculture,,REP,SID MILLER,25,5,20,0
Wise,10,Commissioner of Agriculture,,REP,ERIC OPIELA,25,5,20,0
Wise,10,Commissioner of Agriculture,,REP,JOE COTTEN,5,0,5,0
Wise,10,Railroad Commissioner,,REP,WAYNE CHRISTIAN,36,11,25,0
Wise,10,Railroad Commissioner,,REP,Over Votes,0,0,0,0
Wise,10,Railroad Commissioner,,REP,Under Votes,7,3,4,0
Wise,10,Railroad Commissioner,,REP,RYAN SITTON,20,7,13,0
Wise,10,Railroad Commissioner,,REP,MALACHI BOYULS,4,1,3,0
Wise,10,Railroad Commissioner,,REP,BECKY BERGER,15,0,15,0
Wise,10,"CHIEF JUSTICE, SUPREME COURT",,REP,NATHAN HECHT,51,15,36,0
Wise,10,"CHIEF JUSTICE, SUPREME COURT",,REP,Over Votes,0,0,0,0
Wise,10,"CHIEF JUSTICE, SUPREME COURT",,REP,Under Votes,6,3,3,0
Wise,10,"CHIEF JUSTICE, SUPREME COURT",,REP,ROBERT TALTON,25,4,21,0
Wise,10,"JUSTICE, SUPREME COURT, PLACE 6, UNEXPIRED TERM",,REP,JEFF BROWN,53,13,40,0
Wise,10,"JUSTICE, SUPREME COURT, PLACE 6, UNEXPIRED TERM",,REP,Over Votes,0,0,0,0
Wise,10,"JUSTICE, SUPREME COURT, PLACE 6, UNEXPIRED TERM",,REP,Under Votes,8,4,4,0
Wise,10,"JUSTICE, SUPREME COURT, PLACE 6, UNEXPIRED TERM",,REP,JOE POOL,21,5,16,0
Wise,10,"JUSTICE, SUPREME COURT, PLACE 7",,REP,JEFF BOYD,69,17,52,0
Wise,10,"JUSTICE, SUPREME COURT, PLACE 7",,REP,Over Votes,0,0,0,0
Wise,10,"JUSTICE, SUPREME COURT, PLACE 7",,REP,Under Votes,13,5,8,0
Wise,10,"JUSTICE, SUPREME COURT, PLACE 8",,REP,SHARON MCCALLY,26,8,18,0
Wise,10,"JUSTICE, SUPREME COURT, PLACE 8",,REP,Over Votes,0,0,0,0
Wise,10,"JUSTICE, SUPREME COURT, PLACE 8",,REP,Under Votes,7,3,4,0
Wise,10,"JUSTICE, SUPREME COURT, PLACE 8",,REP,PHIL JOHNSON,49,11,38,0
Wise,10,"JUDGE, COURT OF CRIMINAL APPEALS, PLACE 3",,REP,BERT RICHARDSON,50,13,37,0
Wise,10,"JUDGE, COURT OF CRIMINAL APPEALS, PLACE 3",,REP,Over Votes,0,0,0,0
Wise,10,"JUDGE, COURT OF CRIMINAL APPEALS, PLACE 3",,REP,Under Votes,11,5,6,0
Wise,10,"JUDGE, COURT OF CRIMINAL APPEALS, PLACE 3",,REP,BARBARA WALTHER,21,4,17,0
Wise,10,"JUDGE, COURT OF CRIMINAL APPEALS, PLACE 4",,REP,JANI JO WOOD,19,4,15,0
Wise,10,"JUDGE, COURT OF CRIMINAL APPEALS, PLACE 4",,REP,Over Votes,0,0,0,0
Wise,10,"JUDGE, COURT OF CRIMINAL APPEALS, PLACE 4",,REP,Under Votes,12,6,6,0
Wise,10,"JUDGE, COURT OF CRIMINAL APPEALS, PLACE 4",,REP,RICHARD DEAN DAVIS,24,7,17,0
Wise,10,"JUDGE, COURT OF CRIMINAL APPEALS, PLACE 4",,REP,KEVIN PATRICK YEARY,27,5,22,0
Wise,10,"JUDGE, COURT OF CRIMINAL APPEALS, PLACE 9",,REP,"W.C. ""BUD"" KIRKENDALL",35,9,26,0
Wise,10,"JUDGE, COURT OF CRIMINAL APPEALS, PLACE 9",,REP,Over Votes,0,0,0,0
Wise,10,"JUDGE, COURT OF CRIMINAL APPEALS, PLACE 9",,REP,Under Votes,11,6,5,0
Wise,10,"JUDGE, COURT OF CRIMINAL APPEALS, PLACE 9",,REP,DAVID NEWELL,36,7,29,0
Wise,10,"STATE SENATOR, DISTRICT 30",,REP,CRAIG ESTES,70,18,52,0
Wise,10,"STATE SENATOR, DISTRICT 30",,REP,Over Votes,0,0,0,0
Wise,10,"STATE SENATOR, DISTRICT 30",,REP,Under Votes,12,4,8,0
Wise,10,"STATE REPRESENTATIVE, DISTRICT 61",,REP,PHIL KING,68,18,50,0
Wise,10,"STATE REPRESENTATIVE, DISTRICT 61",,REP,Over Votes,0,0,0,0
Wise,10,"STATE REPRESENTATIVE, DISTRICT 61",,REP,Under Votes,14,4,10,0
Wise,10,"JUSTICE, 2ND COURT OF APPEALS, PLACE 2",,REP,BILL MEIER,69,18,51,0
Wise,10,"JUSTICE, 2ND COURT OF APPEALS, PLACE 2",,REP,Over Votes,0,0,0,0
Wise,10,"JUSTICE, 2ND COURT OF APPEALS, PLACE 2",,REP,Under Votes,13,4,9,0
Wise,10,"JUSTICE, 2ND COURT OF APPEALS, PLACE 7",,REP,LEE GABRIEL,68,16,52,0
Wise,10,"JUSTICE, 2ND COURT OF APPEALS, PLACE 7",,REP,Over Votes,0,0,0,0
Wise,10,"JUSTICE, 2ND COURT OF APPEALS, PLACE 7",,REP,Under Votes,14,6,8,0
Wise,10,"DISTRICT JUDGE, 271ST JUDICIAL DISTRICT",,REP,JOHN H. FOSTEL,70,19,51,0
Wise,10,"DISTRICT JUDGE, 271ST JUDICIAL DISTRICT",,REP,Over Votes,0,0,0,0
Wise,10,"DISTRICT JUDGE, 271ST JUDICIAL DISTRICT",,REP,Under Votes,12,3,9,0
Wise,10,COUNTY JUDGE,,REP,KYLE E. STEPHENS,15,5,10,0
Wise,10,COUNTY JUDGE,,REP,Over Votes,0,0,0,0
Wise,10,COUNTY JUDGE,,REP,Under Votes,6,2,4,0
Wise,10,COUNTY JUDGE,,REP,J.D. CLARK,43,11,32,0
Wise,10,COUNTY JUDGE,,REP,KEITH MCCOMIS,18,4,14,0
Wise,10,"JUDGE,COUNTY COURT AT LAW NUMBER 1",,REP,MELTON D. CUDE,69,19,50,0
Wise,10,"JUDGE,COUNTY COURT AT LAW NUMBER 1",,REP,Over Votes,0,0,0,0
Wise,10,"JUDGE,COUNTY COURT AT LAW NUMBER 1",,REP,Under Votes,13,3,10,0
Wise,10,DISTRICT CLERK,,REP,BRENDA STARNES ROWE,40,11,29,0
Wise,10,DISTRICT CLERK,,REP,Over Votes,0,0,0,0
Wise,10,DISTRICT CLERK,,REP,Under Votes,7,0,7,0
Wise,10,DISTRICT CLERK,,REP,CALLIE WATTS MANNING,35,11,24,0
Wise,10,COUNTY CLERK,,REP,SHERRY COURSEY LEMON,71,19,52,0
Wise,10,COUNTY CLERK,,REP,Over Votes,0,0,0,0
Wise,10,COUNTY CLERK,,REP,Under Votes,11,3,8,0
Wise,10,COUNTY TREASURER,,REP,KATHERINE CANOVA HUDSON,58,18,40,0
Wise,10,COUNTY TREASURER,,REP,Over Votes,0,0,0,0
Wise,10,COUNTY TREASURER,,REP,Under Votes,7,0,7,0
Wise,10,COUNTY TREASURER,,REP,DANIEL E. RIVAS,17,4,13,0
Wise,10,"COUNTY COMMISSIONER, PRECINCT 2",,REP,KEVIN BURNS,64,17,47,0
Wise,10,"COUNTY COMMISSIONER, PRECINCT 2",,REP,Over Votes,0,0,0,0
Wise,10,"COUNTY COMMISSIONER, PRECINCT 2",,REP,Under Votes,18,5,13,0
Wise,10,"JUSTICE OF THE PEACE, PRECINCT 2",,REP,TERRI LYNN JOHNSON,70,20,50,0
Wise,10,"JUSTICE OF THE PEACE, PRECINCT 2",,REP,Over Votes,0,0,0,0
Wise,10,"JUSTICE OF THE PEACE, PRECINCT 2",,REP,Under Votes,12,2,10,0
Wise,10,COUNTY CHAIRMAN,,REP,ALLEN L. WILLIAMSON,71,20,51,0
Wise,10,COUNTY CHAIRMAN,,REP,Over Votes,0,0,0,0
Wise,10,COUNTY CHAIRMAN,,REP,Under Votes,11,2,9,0
Wise,10,U.S. Senate D,,DEM,"MICHAEL ""FJET"" FJETLAND",1,0,1,0
Wise,10,U.S. Senate D,,DEM,Over Votes,0,0,0,0
Wise,10,U.S. Senate D,,DEM,Under Votes,1,0,1,0
Wise,10,U.S. Senate D,,DEM,MAXEY MARIE SCHERR,2,1,1,0
Wise,10,U.S. Senate D,,DEM,HARRY KIM,1,0,1,0
Wise,10,U.S. Senate D,,DEM,DAVID M. ALAMEEL,3,2,1,0
Wise,10,U.S. Senate D,,DEM,KESHA ROGERS,3,2,1,0
Wise,10,"U.S. REPRESENTATIVE, DISTRICT 13 D",,DEM,MIKE MINTER,9,4,5,0
Wise,10,"U.S. REPRESENTATIVE, DISTRICT 13 D",,DEM,Over Votes,0,0,0,0
Wise,10,"U.S. REPRESENTATIVE, DISTRICT 13 D",,DEM,Under Votes,2,1,1,0
Wise,10,GOVERNOR D,,DEM,"REYNALDO ""RAY"" MADRIGAL",2,1,1,0
Wise,10,GOVERNOR D,,DEM,Over Votes,0,0,0,0
Wise,10,GOVERNOR D,,DEM,Under Votes,0,0,0,0
Wise,10,GOVERNOR D,,DEM,WENDY R. DAVIS,9,4,5,0
Wise,10,Lieutenant Governor D,,DEM,LETICIA VAN DE PUTTE,10,5,5,0
Wise,10,Lieutenant Governor D,,DEM,Over Votes,0,0,0,0
Wise,10,Lieutenant Governor D,,DEM,Under Votes,1,0,1,0
Wise,10,Attorney General D,,DEM,SAM HOUSTON,9,4,5,0
Wise,10,Attorney General D,,DEM,Over Votes,0,0,0,0
Wise,10,Attorney General D,,DEM,Under Votes,2,1,1,0
Wise,10,Comptroller	of Public Accounts D,,DEM,MIKE COLLIER,9,4,5,0
Wise,10,Comptroller	of Public Accounts D,,DEM,Over Votes,0,0,0,0
Wise,10,Comptroller	of Public Accounts D,,DEM,Under Votes,2,1,1,0
Wise,10,COMMISSIONER OF THE GENERAL LAND OFFICE D,,DEM,JOHN COOK,9,4,5,0
Wise,10,COMMISSIONER OF THE GENERAL LAND OFFICE D,,DEM,Over Votes,0,0,0,0
Wise,10,COMMISSIONER OF THE GENERAL LAND OFFICE D,,DEM,Under Votes,2,1,1,0
Wise,10,Commissioner of Agriculture D,,DEM,JIM HOGAN,5,2,3,0
Wise,10,Commissioner of Agriculture D,,DEM,Over Votes,0,0,0,0
Wise,10,Commissioner of Agriculture D,,DEM,Under Votes,2,1,1,0
Wise,10,Commissioner of Agriculture D,,DEM,"RICHARD ""KINKY"" FRIEDMAN",2,2,0,0
Wise,10,Commissioner of Agriculture D,,DEM,HUGH ASA FITZSIMONS III,2,0,2,0
Wise,10,Railroad Commissioner D,,DEM,STEVE BROWN,3,1,2,0
Wise,10,Railroad Commissioner D,,DEM,Over Votes,0,0,0,0
Wise,10,Railroad Commissioner D,,DEM,Under Votes,2,1,1,0
Wise,10,Railroad Commissioner D,,DEM,DALE HENRY,6,3,3,0
Wise,10,"CHIEF JUSTICE, SUPREME COURT D",,DEM,WILLIAM MOODY,9,4,5,0
Wise,10,"CHIEF JUSTICE, SUPREME COURT D",,DEM,Over Votes,0,0,0,0
Wise,10,"CHIEF JUSTICE, SUPREME COURT D",,DEM,Under Votes,2,1,1,0
Wise,10,"JUSTICE, SUPREME COURT, PLACE 6, UNEXPIRED TERM D",,DEM,LAWRENCE EDWARD MEYERS,9,4,5,0
Wise,10,"JUSTICE, SUPREME COURT, PLACE 6, UNEXPIRED TERM D",,DEM,Over Votes,0,0,0,0
Wise,10,"JUSTICE, SUPREME COURT, PLACE 6, UNEXPIRED TERM D",,DEM,Under Votes,2,1,1,0
Wise,10,"JUSTICE, SUPREME COURT, PLACE 7 D",,DEM,GINA BENAVIDES,10,5,5,0
Wise,10,"JUSTICE, SUPREME COURT, PLACE 7 D",,DEM,Over Votes,0,0,0,0
Wise,10,"JUSTICE, SUPREME COURT, PLACE 7 D",,DEM,Under Votes,1,0,1,0
Wise,10,"JUDGE, COURT OF CRIMINAL APPEALS, PLACE 3 D",,DEM,JOHN GRANBERG,9,4,5,0
Wise,10,"JUDGE, COURT OF CRIMINAL APPEALS, PLACE 3 D",,DEM,Over Votes,0,0,0,0
Wise,10,"JUDGE, COURT OF CRIMINAL APPEALS, PLACE 3 D",,DEM,Under Votes,2,1,1,0
Wise,10,"STATE REPRESENTATIVE, DISTRICT 61 D",,DEM,MATTHEW BRITT,9,4,5,0
Wise,10,"STATE REPRESENTATIVE, DISTRICT 61 D",,DEM,Over Votes,0,0,0,0
Wise,10,"STATE REPRESENTATIVE, DISTRICT 61 D",,DEM,Under Votes,2,1,1,0
Wise,10,COUNTY JUDGE D,,DEM,"JAMES ""JIM"" STEGALL",8,4,4,0
Wise,10,COUNTY JUDGE D,,DEM,Over Votes,0,0,0,0
Wise,10,COUNTY JUDGE D,,DEM,Under Votes,3,1,2,0
Wise,10,COUNTY PARTY CHAIR D,,DEM,TRACY A. SMITH,9,4,5,0
Wise,10,COUNTY PARTY CHAIR D,,DEM,Over Votes,0,0,0,0
Wise,10,COUNTY PARTY CHAIR D,,DEM,Under Votes,2,1,1,0
Wise,10,RELIGIOUS FREEDOM,,,YES,80,21,59,0
Wise,10,RELIGIOUS FREEDOM,,,Over Votes,0,0,0,0
Wise,10,RELIGIOUS FREEDOM,,,Under Votes,2,1,1,0
Wise,10,RELIGIOUS FREEDOM,,,NO,0,0,0,0
Wise,10,ON IMMIGRATION REFORM D,,,FOR,7,5,2,0
Wise,10,ON IMMIGRATION REFORM D,,,Over Votes,0,0,0,0
Wise,10,ON IMMIGRATION REFORM D,,,Under Votes,0,0,0,0
Wise,10,ON IMMIGRATION REFORM D,,,AGAINST,4,0,4,0
Wise,10,SECOND AMENDMENT,,,YES,71,19,52,0
Wise,10,SECOND AMENDMENT,,,Over Votes,0,0,0,0
Wise,10,SECOND AMENDMENT,,,Under Votes,3,0,3,0
Wise,10,SECOND AMENDMENT,,,NO,8,3,5,0
Wise,10,A LIVING WAGE FOR ALL TEXANS D,,,FOR,10,4,6,0
Wise,10,A LIVING WAGE FOR ALL TEXANS D,,,Over Votes,0,0,0,0
Wise,10,A LIVING WAGE FOR ALL TEXANS D,,,Under Votes,0,0,0,0
Wise,10,A LIVING WAGE FOR ALL TEXANS D,,,AGAINST,1,1,0,0
Wise,10,FRANCHISE TAX,,,YES,66,18,48,0
Wise,10,FRANCHISE TAX,,,Over Votes,0,0,0,0
Wise,10,FRANCHISE TAX,,,Under Votes,5,2,3,0
Wise,10,FRANCHISE TAX,,,NO,11,2,9,0
Wise,10,MEDICAID EXPANSION D,,,FOR,10,5,5,0
Wise,10,MEDICAID EXPANSION D,,,Over Votes,0,0,0,0
Wise,10,MEDICAID EXPANSION D,,,Under Votes,0,0,0,0
Wise,10,MEDICAID EXPANSION D,,,AGAINST,1,0,1,0
Wise,10,WELFARE REFORM,,,YES,77,21,56,0
Wise,10,WELFARE REFORM,,,Over Votes,0,0,0,0
Wise,10,WELFARE REFORM,,,Under Votes,1,0,1,0
Wise,10,WELFARE REFORM,,,NO,4,1,3,0
Wise,10,ON NON-DISCRIMINATION LEGISLATION D,,,FOR,10,5,5,0
Wise,10,ON NON-DISCRIMINATION LEGISLATION D,,,Over Votes,0,0,0,0
Wise,10,ON NON-DISCRIMINATION LEGISLATION D,,,Under Votes,0,0,0,0
Wise,10,ON NON-DISCRIMINATION LEGISLATION D,,,AGAINST,1,0,1,0
Wise,10,NO LAWMAKER EXCEPTIONS,,,YES,81,22,59,0
Wise,10,NO LAWMAKER EXCEPTIONS,,,Over Votes,0,0,0,0
Wise,10,NO LAWMAKER EXCEPTIONS,,,Under Votes,1,0,1,0
Wise,10,NO LAWMAKER EXCEPTIONS,,,NO,0,0,0,0
Wise,10,OBAMACARE,,,YES,77,21,56,0
Wise,10,OBAMACARE,,,Over Votes,0,0,0,0
Wise,10,OBAMACARE,,,Under Votes,1,0,1,0
Wise,10,OBAMACARE,,,NO,4,1,3,0
Wise,11,U.S. Senate,,REP,JOHN CORNYN,58,21,37,0
Wise,11,U.S. Senate,,REP,Over Votes,0,0,0,0
Wise,11,U.S. Senate,,REP,Under Votes,2,2,0,0
Wise,11,U.S. Senate,,REP,REID REASOR,4,1,3,0
Wise,11,U.S. Senate,,REP,STEVE STOCKMAN,26,6,20,0
Wise,11,U.S. Senate,,REP,CURT CLEAVER,0,0,0,0
Wise,11,U.S. Senate,,REP,LINDA VEGA,5,1,4,0
Wise,11,U.S. Senate,,REP,KEN COPE,1,0,1,0
Wise,11,U.S. Senate,,REP,DWAYNE STOVALL,9,5,4,0
Wise,11,U.S. Senate,,REP,CHRIS MAPP,1,1,0,0
Wise,11,"U.S. REPRESENTATIVE, DISTRICT 13",,REP,ELAINE HAYS,21,6,15,0
Wise,11,"U.S. REPRESENTATIVE, DISTRICT 13",,REP,Over Votes,0,0,0,0
Wise,11,"U.S. REPRESENTATIVE, DISTRICT 13",,REP,Under Votes,9,3,6,0
Wise,11,"U.S. REPRESENTATIVE, DISTRICT 13",,REP,PAM BARLOW,35,17,18,0
Wise,11,"U.S. REPRESENTATIVE, DISTRICT 13",,REP,MAC THORNBERRY,41,11,30,0
Wise,11,GOVERNOR,,REP,MIRIAM MARTINEZ,2,0,2,0
Wise,11,GOVERNOR,,REP,Over Votes,0,0,0,0
Wise,11,GOVERNOR,,REP,Under Votes,9,4,5,0
Wise,11,GOVERNOR,,REP,GREG ABBOTT,85,31,54,0
Wise,11,GOVERNOR,,REP,LISA FRITSCH,8,2,6,0
Wise,11,GOVERNOR,,REP,SECEDE KILGORE,2,0,2,0
Wise,11,Lieutenant Governor,,REP,DAN PATRICK,42,24,18,0
Wise,11,Lieutenant Governor,,REP,Over Votes,0,0,0,0
Wise,11,Lieutenant Governor,,REP,Under Votes,6,3,3,0
Wise,11,Lieutenant Governor,,REP,JERRY PATTERSON,11,3,8,0
Wise,11,Lieutenant Governor,,REP,TODD STAPLES,22,3,19,0
Wise,11,Lieutenant Governor,,REP,DAVID DEWHURST,25,4,21,0
Wise,11,Attorney General,,REP,DAN BRANCH,45,15,30,0
Wise,11,Attorney General,,REP,Over Votes,0,0,0,0
Wise,11,Attorney General,,REP,Under Votes,7,3,4,0
Wise,11,Attorney General,,REP,KEN PAXTON,40,12,28,0
Wise,11,Attorney General,,REP,BARRY SMITHERMAN,14,7,7,0
Wise,11,Comptroller	of Public Accounts,,REP,RAUL TORRES,8,1,7,0
Wise,11,Comptroller	of Public Accounts,,REP,Over Votes,0,0,0,0
Wise,11,Comptroller	of Public Accounts,,REP,Under Votes,9,4,5,0
Wise,11,Comptroller	of Public Accounts,,REP,GLEN HEGAR,44,10,34,0
Wise,11,Comptroller	of Public Accounts,,REP,HARVEY HILDERBRAN,22,14,8,0
Wise,11,Comptroller	of Public Accounts,,REP,DEBRA MEDINA,23,8,15,0
Wise,11,COMMISSIONER OF THE GENERAL LAND OFFICE,,REP,DAVID WATTS,31,3,28,0
Wise,11,COMMISSIONER OF THE GENERAL LAND OFFICE,,REP,Over Votes,0,0,0,0
Wise,11,COMMISSIONER OF THE GENERAL LAND OFFICE,,REP,Under Votes,7,3,4,0
Wise,11,COMMISSIONER OF THE GENERAL LAND OFFICE,,REP,GEORGE P. BUSH,68,31,37,0
Wise,11,Commissioner of Agriculture,,REP,J. ALLEN CARNES,15,6,9,0
Wise,11,Commissioner of Agriculture,,REP,Over Votes,0,0,0,0
Wise,11,Commissioner of Agriculture,,REP,Under Votes,11,3,8,0
Wise,11,Commissioner of Agriculture,,REP,TOMMY MERRITT,20,5,15,0
Wise,11,Commissioner of Agriculture,,REP,SID MILLER,28,13,15,0
Wise,11,Commissioner of Agriculture,,REP,ERIC OPIELA,27,8,19,0
Wise,11,Commissioner of Agriculture,,REP,JOE COTTEN,5,2,3,0
Wise,11,Railroad Commissioner,,REP,WAYNE CHRISTIAN,39,15,24,0
Wise,11,Railroad Commissioner,,REP,Over Votes,0,0,0,0
Wise,11,Railroad Commissioner,,REP,Under Votes,11,4,7,0
Wise,11,Railroad Commissioner,,REP,RYAN SITTON,31,13,18,0
Wise,11,Railroad Commissioner,,REP,MALACHI BOYULS,6,3,3,0
Wise,11,Railroad Commissioner,,REP,BECKY BERGER,19,2,17,0
Wise,11,"CHIEF JUSTICE, SUPREME COURT",,REP,NATHAN HECHT,45,19,26,0
Wise,11,"CHIEF JUSTICE, SUPREME COURT",,REP,Over Votes,0,0,0,0
Wise,11,"CHIEF JUSTICE, SUPREME COURT",,REP,Under Votes,15,4,11,0
Wise,11,"CHIEF JUSTICE, SUPREME COURT",,REP,ROBERT TALTON,46,14,32,0
Wise,11,"JUSTICE, SUPREME COURT, PLACE 6, UNEXPIRED TERM",,REP,JEFF BROWN,66,24,42,0
Wise,11,"JUSTICE, SUPREME COURT, PLACE 6, UNEXPIRED TERM",,REP,Over Votes,0,0,0,0
Wise,11,"JUSTICE, SUPREME COURT, PLACE 6, UNEXPIRED TERM",,REP,Under Votes,14,4,10,0
Wise,11,"JUSTICE, SUPREME COURT, PLACE 6, UNEXPIRED TERM",,REP,JOE POOL,26,9,17,0
Wise,11,"JUSTICE, SUPREME COURT, PLACE 7",,REP,JEFF BOYD,85,30,55,0
Wise,11,"JUSTICE, SUPREME COURT, PLACE 7",,REP,Over Votes,0,0,0,0
Wise,11,"JUSTICE, SUPREME COURT, PLACE 7",,REP,Under Votes,21,7,14,0
Wise,11,"JUSTICE, SUPREME COURT, PLACE 8",,REP,SHARON MCCALLY,38,16,22,0
Wise,11,"JUSTICE, SUPREME COURT, PLACE 8",,REP,Over Votes,0,0,0,0
Wise,11,"JUSTICE, SUPREME COURT, PLACE 8",,REP,Under Votes,13,3,10,0
Wise,11,"JUSTICE, SUPREME COURT, PLACE 8",,REP,PHIL JOHNSON,55,18,37,0
Wise,11,"JUDGE, COURT OF CRIMINAL APPEALS, PLACE 3",,REP,BERT RICHARDSON,63,26,37,0
Wise,11,"JUDGE, COURT OF CRIMINAL APPEALS, PLACE 3",,REP,Over Votes,0,0,0,0
Wise,11,"JUDGE, COURT OF CRIMINAL APPEALS, PLACE 3",,REP,Under Votes,17,4,13,0
Wise,11,"JUDGE, COURT OF CRIMINAL APPEALS, PLACE 3",,REP,BARBARA WALTHER,26,7,19,0
Wise,11,"JUDGE, COURT OF CRIMINAL APPEALS, PLACE 4",,REP,JANI JO WOOD,16,6,10,0
Wise,11,"JUDGE, COURT OF CRIMINAL APPEALS, PLACE 4",,REP,Over Votes,0,0,0,0
Wise,11,"JUDGE, COURT OF CRIMINAL APPEALS, PLACE 4",,REP,Under Votes,17,4,13,0
Wise,11,"JUDGE, COURT OF CRIMINAL APPEALS, PLACE 4",,REP,RICHARD DEAN DAVIS,33,7,26,0
Wise,11,"JUDGE, COURT OF CRIMINAL APPEALS, PLACE 4",,REP,KEVIN PATRICK YEARY,40,20,20,0
Wise,11,"JUDGE, COURT OF CRIMINAL APPEALS, PLACE 9",,REP,"W.C. ""BUD"" KIRKENDALL",49,19,30,0
Wise,11,"JUDGE, COURT OF CRIMINAL APPEALS, PLACE 9",,REP,Over Votes,0,0,0,0
Wise,11,"JUDGE, COURT OF CRIMINAL APPEALS, PLACE 9",,REP,Under Votes,17,5,12,0
Wise,11,"JUDGE, COURT OF CRIMINAL APPEALS, PLACE 9",,REP,DAVID NEWELL,40,13,27,0
Wise,11,"STATE SENATOR, DISTRICT 30",,REP,CRAIG ESTES,81,28,53,0
Wise,11,"STATE SENATOR, DISTRICT 30",,REP,Over Votes,0,0,0,0
Wise,11,"STATE SENATOR, DISTRICT 30",,REP,Under Votes,25,9,16,0
Wise,11,"STATE REPRESENTATIVE, DISTRICT 61",,REP,PHIL KING,81,29,52,0
Wise,11,"STATE REPRESENTATIVE, DISTRICT 61",,REP,Over Votes,0,0,0,0
Wise,11,"STATE REPRESENTATIVE, DISTRICT 61",,REP,Under Votes,25,8,17,0
Wise,11,"JUSTICE, 2ND COURT OF APPEALS, PLACE 2",,REP,BILL MEIER,74,27,47,0
Wise,11,"JUSTICE, 2ND COURT OF APPEALS, PLACE 2",,REP,Over Votes,0,0,0,0
Wise,11,"JUSTICE, 2ND COURT OF APPEALS, PLACE 2",,REP,Under Votes,32,10,22,0
Wise,11,"JUSTICE, 2ND COURT OF APPEALS, PLACE 7",,REP,LEE GABRIEL,72,28,44,0
Wise,11,"JUSTICE, 2ND COURT OF APPEALS, PLACE 7",,REP,Over Votes,0,0,0,0
Wise,11,"JUSTICE, 2ND COURT OF APPEALS, PLACE 7",,REP,Under Votes,34,9,25,0
Wise,11,"DISTRICT JUDGE, 271ST JUDICIAL DISTRICT",,REP,JOHN H. FOSTEL,83,29,54,0
Wise,11,"DISTRICT JUDGE, 271ST JUDICIAL DISTRICT",,REP,Over Votes,0,0,0,0
Wise,11,"DISTRICT JUDGE, 271ST JUDICIAL DISTRICT",,REP,Under Votes,23,8,15,0
Wise,11,COUNTY JUDGE,,REP,KYLE E. STEPHENS,12,3,9,0
Wise,11,COUNTY JUDGE,,REP,Over Votes,0,0,0,0
Wise,11,COUNTY JUDGE,,REP,Under Votes,8,4,4,0
Wise,11,COUNTY JUDGE,,REP,J.D. CLARK,65,24,41,0
Wise,11,COUNTY JUDGE,,REP,KEITH MCCOMIS,21,6,15,0
Wise,11,"JUDGE,COUNTY COURT AT LAW NUMBER 1",,REP,MELTON D. CUDE,77,30,47,0
Wise,11,"JUDGE,COUNTY COURT AT LAW NUMBER 1",,REP,Over Votes,0,0,0,0
Wise,11,"JUDGE,COUNTY COURT AT LAW NUMBER 1",,REP,Under Votes,29,7,22,0
Wise,11,DISTRICT CLERK,,REP,BRENDA STARNES ROWE,57,20,37,0
Wise,11,DISTRICT CLERK,,REP,Over Votes,0,0,0,0
Wise,11,DISTRICT CLERK,,REP,Under Votes,14,5,9,0
Wise,11,DISTRICT CLERK,,REP,CALLIE WATTS MANNING,35,12,23,0
Wise,11,COUNTY CLERK,,REP,SHERRY COURSEY LEMON,81,29,52,0
Wise,11,COUNTY CLERK,,REP,Over Votes,0,0,0,0
Wise,11,COUNTY CLERK,,REP,Under Votes,25,8,17,0
Wise,11,COUNTY TREASURER,,REP,KATHERINE CANOVA HUDSON,85,33,52,0
Wise,11,COUNTY TREASURER,,REP,Over Votes,0,0,0,0
Wise,11,COUNTY TREASURER,,REP,Under Votes,8,4,4,0
Wise,11,COUNTY TREASURER,,REP,DANIEL E. RIVAS,13,0,13,0
Wise,11,"COUNTY COMMISSIONER, PRECINCT 2",,REP,KEVIN BURNS,84,29,55,0
Wise,11,"COUNTY COMMISSIONER, PRECINCT 2",,REP,Over Votes,0,0,0,0
Wise,11,"COUNTY COMMISSIONER, PRECINCT 2",,REP,Under Votes,22,8,14,0
Wise,11,"JUSTICE OF THE PEACE, PRECINCT 2",,REP,TERRI LYNN JOHNSON,83,28,55,0
Wise,11,"JUSTICE OF THE PEACE, PRECINCT 2",,REP,Over Votes,0,0,0,0
Wise,11,"JUSTICE OF THE PEACE, PRECINCT 2",,REP,Under Votes,23,9,14,0
Wise,11,COUNTY CHAIRMAN,,REP,ALLEN L. WILLIAMSON,85,29,56,0
Wise,11,COUNTY CHAIRMAN,,REP,Over Votes,0,0,0,0
Wise,11,COUNTY CHAIRMAN,,REP,Under Votes,21,8,13,0
Wise,11,U.S. Senate D,,DEM,"MICHAEL ""FJET"" FJETLAND",1,0,1,0
Wise,11,U.S. Senate D,,DEM,Over Votes,0,0,0,0
Wise,11,U.S. Senate D,,DEM,Under Votes,0,0,0,0
Wise,11,U.S. Senate D,,DEM,MAXEY MARIE SCHERR,0,0,0,0
Wise,11,U.S. Senate D,,DEM,HARRY KIM,1,0,1,0
Wise,11,U.S. Senate D,,DEM,DAVID M. ALAMEEL,5,3,2,0
Wise,11,U.S. Senate D,,DEM,KESHA ROGERS,7,0,7,0
Wise,11,"U.S. REPRESENTATIVE, DISTRICT 13 D",,DEM,MIKE MINTER,12,3,9,0
Wise,11,"U.S. REPRESENTATIVE, DISTRICT 13 D",,DEM,Over Votes,0,0,0,0
Wise,11,"U.S. REPRESENTATIVE, DISTRICT 13 D",,DEM,Under Votes,2,0,2,0
Wise,11,GOVERNOR D,,DEM,"REYNALDO ""RAY"" MADRIGAL",0,0,0,0
Wise,11,GOVERNOR D,,DEM,Over Votes,0,0,0,0
Wise,11,GOVERNOR D,,DEM,Under Votes,0,0,0,0
Wise,11,GOVERNOR D,,DEM,WENDY R. DAVIS,14,3,11,0
Wise,11,Lieutenant Governor D,,DEM,LETICIA VAN DE PUTTE,14,3,11,0
Wise,11,Lieutenant Governor D,,DEM,Over Votes,0,0,0,0
Wise,11,Lieutenant Governor D,,DEM,Under Votes,0,0,0,0
Wise,11,Attorney General D,,DEM,SAM HOUSTON,14,3,11,0
Wise,11,Attorney General D,,DEM,Over Votes,0,0,0,0
Wise,11,Attorney General D,,DEM,Under Votes,0,0,0,0
Wise,11,Comptroller	of Public Accounts D,,DEM,MIKE COLLIER,14,3,11,0
Wise,11,Comptroller	of Public Accounts D,,DEM,Over Votes,0,0,0,0
Wise,11,Comptroller	of Public Accounts D,,DEM,Under Votes,0,0,0,0
Wise,11,COMMISSIONER OF THE GENERAL LAND OFFICE D,,DEM,JOHN COOK,14,3,11,0
Wise,11,COMMISSIONER OF THE GENERAL LAND OFFICE D,,DEM,Over Votes,0,0,0,0
Wise,11,COMMISSIONER OF THE GENERAL LAND OFFICE D,,DEM,Under Votes,0,0,0,0
Wise,11,Commissioner of Agriculture D,,DEM,JIM HOGAN,7,1,6,0
Wise,11,Commissioner of Agriculture D,,DEM,Over Votes,0,0,0,0
Wise,11,Commissioner of Agriculture D,,DEM,Under Votes,0,0,0,0
Wise,11,Commissioner of Agriculture D,,DEM,"RICHARD ""KINKY"" FRIEDMAN",6,2,4,0
Wise,11,Commissioner of Agriculture D,,DEM,HUGH ASA FITZSIMONS III,1,0,1,0
Wise,11,Railroad Commissioner D,,DEM,STEVE BROWN,8,1,7,0
Wise,11,Railroad Commissioner D,,DEM,Over Votes,0,0,0,0
Wise,11,Railroad Commissioner D,,DEM,Under Votes,1,0,1,0
Wise,11,Railroad Commissioner D,,DEM,DALE HENRY,5,2,3,0
Wise,11,"CHIEF JUSTICE, SUPREME COURT D",,DEM,WILLIAM MOODY,13,3,10,0
Wise,11,"CHIEF JUSTICE, SUPREME COURT D",,DEM,Over Votes,0,0,0,0
Wise,11,"CHIEF JUSTICE, SUPREME COURT D",,DEM,Under Votes,1,0,1,0
Wise,11,"JUSTICE, SUPREME COURT, PLACE 6, UNEXPIRED TERM D",,DEM,LAWRENCE EDWARD MEYERS,14,3,11,0
Wise,11,"JUSTICE, SUPREME COURT, PLACE 6, UNEXPIRED TERM D",,DEM,Over Votes,0,0,0,0
Wise,11,"JUSTICE, SUPREME COURT, PLACE 6, UNEXPIRED TERM D",,DEM,Under Votes,0,0,0,0
Wise,11,"JUSTICE, SUPREME COURT, PLACE 7 D",,DEM,GINA BENAVIDES,13,3,10,0
Wise,11,"JUSTICE, SUPREME COURT, PLACE 7 D",,DEM,Over Votes,0,0,0,0
Wise,11,"JUSTICE, SUPREME COURT, PLACE 7 D",,DEM,Under Votes,1,0,1,0
Wise,11,"JUDGE, COURT OF CRIMINAL APPEALS, PLACE 3 D",,DEM,JOHN GRANBERG,14,3,11,0
Wise,11,"JUDGE, COURT OF CRIMINAL APPEALS, PLACE 3 D",,DEM,Over Votes,0,0,0,0
Wise,11,"JUDGE, COURT OF CRIMINAL APPEALS, PLACE 3 D",,DEM,Under Votes,0,0,0,0
Wise,11,"STATE REPRESENTATIVE, DISTRICT 61 D",,DEM,MATTHEW BRITT,13,3,10,0
Wise,11,"STATE REPRESENTATIVE, DISTRICT 61 D",,DEM,Over Votes,0,0,0,0
Wise,11,"STATE REPRESENTATIVE, DISTRICT 61 D",,DEM,Under Votes,1,0,1,0
Wise,11,COUNTY JUDGE D,,DEM,"JAMES ""JIM"" STEGALL",14,3,11,0
Wise,11,COUNTY JUDGE D,,DEM,Over Votes,0,0,0,0
Wise,11,COUNTY JUDGE D,,DEM,Under Votes,0,0,0,0
Wise,11,COUNTY PARTY CHAIR D,,DEM,TRACY A. SMITH,14,3,11,0
Wise,11,COUNTY PARTY CHAIR D,,DEM,Over Votes,0,0,0,0
Wise,11,COUNTY PARTY CHAIR D,,DEM,Under Votes,0,0,0,0
Wise,11,RELIGIOUS FREEDOM,,,YES,102,34,68,0
Wise,11,RELIGIOUS FREEDOM,,,Over Votes,0,0,0,0
Wise,11,RELIGIOUS FREEDOM,,,Under Votes,3,2,1,0
Wise,11,RELIGIOUS FREEDOM,,,NO,1,1,0,0
Wise,11,ON IMMIGRATION REFORM D,,,FOR,10,3,7,0
Wise,11,ON IMMIGRATION REFORM D,,,Over Votes,0,0,0,0
Wise,11,ON IMMIGRATION REFORM D,,,Under Votes,0,0,0,0
Wise,11,ON IMMIGRATION REFORM D,,,AGAINST,4,0,4,0
Wise,11,SECOND AMENDMENT,,,YES,92,31,61,0
Wise,11,SECOND AMENDMENT,,,Over Votes,0,0,0,0
Wise,11,SECOND AMENDMENT,,,Under Votes,3,2,1,0
Wise,11,SECOND AMENDMENT,,,NO,11,4,7,0
Wise,11,A LIVING WAGE FOR ALL TEXANS D,,,FOR,11,3,8,0
Wise,11,A LIVING WAGE FOR ALL TEXANS D,,,Over Votes,0,0,0,0
Wise,11,A LIVING WAGE FOR ALL TEXANS D,,,Under Votes,0,0,0,0
Wise,11,A LIVING WAGE FOR ALL TEXANS D,,,AGAINST,3,0,3,0
Wise,11,FRANCHISE TAX,,,YES,89,30,59,0
Wise,11,FRANCHISE TAX,,,Over Votes,0,0,0,0
Wise,11,FRANCHISE TAX,,,Under Votes,3,2,1,0
Wise,11,FRANCHISE TAX,,,NO,14,5,9,0
Wise,11,MEDICAID EXPANSION D,,,FOR,12,3,9,0
Wise,11,MEDICAID EXPANSION D,,,Over Votes,0,0,0,0
Wise,11,MEDICAID EXPANSION D,,,Under Votes,0,0,0,0
Wise,11,MEDICAID EXPANSION D,,,AGAINST,2,0,2,0
Wise,11,WELFARE REFORM,,,YES,101,34,67,0
Wise,11,WELFARE REFORM,,,Over Votes,0,0,0,0
Wise,11,WELFARE REFORM,,,Under Votes,3,2,1,0
Wise,11,WELFARE REFORM,,,NO,2,1,1,0
Wise,11,ON NON-DISCRIMINATION LEGISLATION D,,,FOR,10,2,8,0
Wise,11,ON NON-DISCRIMINATION LEGISLATION D,,,Over Votes,0,0,0,0
Wise,11,ON NON-DISCRIMINATION LEGISLATION D,,,Under Votes,0,0,0,0
Wise,11,ON NON-DISCRIMINATION LEGISLATION D,,,AGAINST,4,1,3,0
Wise,11,NO LAWMAKER EXCEPTIONS,,,YES,102,35,67,0
Wise,11,NO LAWMAKER EXCEPTIONS,,,Over Votes,0,0,0,0
Wise,11,NO LAWMAKER EXCEPTIONS,,,Under Votes,3,1,2,0
Wise,11,NO LAWMAKER EXCEPTIONS,,,NO,1,1,0,0
Wise,11,OBAMACARE,,,YES,101,34,67,0
Wise,11,OBAMACARE,,,Over Votes,0,0,0,0
Wise,11,OBAMACARE,,,Under Votes,2,1,1,0
Wise,11,OBAMACARE,,,NO,3,2,1,0
Wise,12,U.S. Senate,,REP,JOHN CORNYN,174,74,100,0
Wise,12,U.S. Senate,,REP,Over Votes,0,0,0,0
Wise,12,U.S. Senate,,REP,Under Votes,12,4,8,0
Wise,12,U.S. Senate,,REP,REID REASOR,4,2,2,0
Wise,12,U.S. Senate,,REP,STEVE STOCKMAN,35,13,22,0
Wise,12,U.S. Senate,,REP,CURT CLEAVER,7,4,3,0
Wise,12,U.S. Senate,,REP,LINDA VEGA,17,3,14,0
Wise,12,U.S. Senate,,REP,KEN COPE,7,1,6,0
Wise,12,U.S. Senate,,REP,DWAYNE STOVALL,23,7,16,0
Wise,12,U.S. Senate,,REP,CHRIS MAPP,3,1,2,0
Wise,12,"U.S. REPRESENTATIVE, DISTRICT 13",,REP,ELAINE HAYS,66,25,41,0
Wise,12,"U.S. REPRESENTATIVE, DISTRICT 13",,REP,Over Votes,0,0,0,0
Wise,12,"U.S. REPRESENTATIVE, DISTRICT 13",,REP,Under Votes,20,6,14,0
Wise,12,"U.S. REPRESENTATIVE, DISTRICT 13",,REP,PAM BARLOW,51,14,37,0
Wise,12,"U.S. REPRESENTATIVE, DISTRICT 13",,REP,MAC THORNBERRY,145,64,81,0
Wise,12,GOVERNOR,,REP,MIRIAM MARTINEZ,15,8,7,0
Wise,12,GOVERNOR,,REP,Over Votes,0,0,0,0
Wise,12,GOVERNOR,,REP,Under Votes,14,3,11,0
Wise,12,GOVERNOR,,REP,GREG ABBOTT,237,91,146,0
Wise,12,GOVERNOR,,REP,LISA FRITSCH,11,5,6,0
Wise,12,GOVERNOR,,REP,SECEDE KILGORE,5,2,3,0
Wise,12,Lieutenant Governor,,REP,DAN PATRICK,106,47,59,0
Wise,12,Lieutenant Governor,,REP,Over Votes,0,0,0,0
Wise,12,Lieutenant Governor,,REP,Under Votes,10,3,7,0
Wise,12,Lieutenant Governor,,REP,JERRY PATTERSON,26,9,17,0
Wise,12,Lieutenant Governor,,REP,TODD STAPLES,77,31,46,0
Wise,12,Lieutenant Governor,,REP,DAVID DEWHURST,63,19,44,0
Wise,12,Attorney General,,REP,DAN BRANCH,116,46,70,0
Wise,12,Attorney General,,REP,Over Votes,0,0,0,0
Wise,12,Attorney General,,REP,Under Votes,17,3,14,0
Wise,12,Attorney General,,REP,KEN PAXTON,114,49,65,0
Wise,12,Attorney General,,REP,BARRY SMITHERMAN,35,11,24,0
Wise,12,Comptroller	of Public Accounts,,REP,RAUL TORRES,32,9,23,0
Wise,12,Comptroller	of Public Accounts,,REP,Over Votes,0,0,0,0
Wise,12,Comptroller	of Public Accounts,,REP,Under Votes,25,9,16,0
Wise,12,Comptroller	of Public Accounts,,REP,GLEN HEGAR,119,42,77,0
Wise,12,Comptroller	of Public Accounts,,REP,HARVEY HILDERBRAN,51,22,29,0
Wise,12,Comptroller	of Public Accounts,,REP,DEBRA MEDINA,55,27,28,0
Wise,12,COMMISSIONER OF THE GENERAL LAND OFFICE,,REP,DAVID WATTS,74,22,52,0
Wise,12,COMMISSIONER OF THE GENERAL LAND OFFICE,,REP,Over Votes,0,0,0,0
Wise,12,COMMISSIONER OF THE GENERAL LAND OFFICE,,REP,Under Votes,19,4,15,0
Wise,12,COMMISSIONER OF THE GENERAL LAND OFFICE,,REP,GEORGE P. BUSH,189,83,106,0
Wise,12,Commissioner of Agriculture,,REP,J. ALLEN CARNES,36,17,19,0
Wise,12,Commissioner of Agriculture,,REP,Over Votes,0,0,0,0
Wise,12,Commissioner of Agriculture,,REP,Under Votes,25,8,17,0
Wise,12,Commissioner of Agriculture,,REP,TOMMY MERRITT,52,27,25,0
Wise,12,Commissioner of Agriculture,,REP,SID MILLER,49,18,31,0
Wise,12,Commissioner of Agriculture,,REP,ERIC OPIELA,85,28,57,0
Wise,12,Commissioner of Agriculture,,REP,JOE COTTEN,35,11,24,0
Wise,12,Railroad Commissioner,,REP,WAYNE CHRISTIAN,115,42,73,0
Wise,12,Railroad Commissioner,,REP,Over Votes,0,0,0,0
Wise,12,Railroad Commissioner,,REP,Under Votes,30,11,19,0
Wise,12,Railroad Commissioner,,REP,RYAN SITTON,79,29,50,0
Wise,12,Railroad Commissioner,,REP,MALACHI BOYULS,17,9,8,0
Wise,12,Railroad Commissioner,,REP,BECKY BERGER,41,18,23,0
Wise,12,"CHIEF JUSTICE, SUPREME COURT",,REP,NATHAN HECHT,144,52,92,0
Wise,12,"CHIEF JUSTICE, SUPREME COURT",,REP,Over Votes,0,0,0,0
Wise,12,"CHIEF JUSTICE, SUPREME COURT",,REP,Under Votes,32,12,20,0
Wise,12,"CHIEF JUSTICE, SUPREME COURT",,REP,ROBERT TALTON,106,45,61,0
Wise,12,"JUSTICE, SUPREME COURT, PLACE 6, UNEXPIRED TERM",,REP,JEFF BROWN,167,70,97,0
Wise,12,"JUSTICE, SUPREME COURT, PLACE 6, UNEXPIRED TERM",,REP,Over Votes,0,0,0,0
Wise,12,"JUSTICE, SUPREME COURT, PLACE 6, UNEXPIRED TERM",,REP,Under Votes,32,13,19,0
Wise,12,"JUSTICE, SUPREME COURT, PLACE 6, UNEXPIRED TERM",,REP,JOE POOL,83,26,57,0
Wise,12,"JUSTICE, SUPREME COURT, PLACE 7",,REP,JEFF BOYD,235,91,144,0
Wise,12,"JUSTICE, SUPREME COURT, PLACE 7",,REP,Over Votes,0,0,0,0
Wise,12,"JUSTICE, SUPREME COURT, PLACE 7",,REP,Under Votes,47,18,29,0
Wise,12,"JUSTICE, SUPREME COURT, PLACE 8",,REP,SHARON MCCALLY,101,46,55,0
Wise,12,"JUSTICE, SUPREME COURT, PLACE 8",,REP,Over Votes,0,0,0,0
Wise,12,"JUSTICE, SUPREME COURT, PLACE 8",,REP,Under Votes,34,13,21,0
Wise,12,"JUSTICE, SUPREME COURT, PLACE 8",,REP,PHIL JOHNSON,147,50,97,0
Wise,12,"JUDGE, COURT OF CRIMINAL APPEALS, PLACE 3",,REP,BERT RICHARDSON,154,57,97,0
Wise,12,"JUDGE, COURT OF CRIMINAL APPEALS, PLACE 3",,REP,Over Votes,0,0,0,0
Wise,12,"JUDGE, COURT OF CRIMINAL APPEALS, PLACE 3",,REP,Under Votes,40,16,24,0
Wise,12,"JUDGE, COURT OF CRIMINAL APPEALS, PLACE 3",,REP,BARBARA WALTHER,88,36,52,0
Wise,12,"JUDGE, COURT OF CRIMINAL APPEALS, PLACE 4",,REP,JANI JO WOOD,54,23,31,0
Wise,12,"JUDGE, COURT OF CRIMINAL APPEALS, PLACE 4",,REP,Over Votes,0,0,0,0
Wise,12,"JUDGE, COURT OF CRIMINAL APPEALS, PLACE 4",,REP,Under Votes,40,16,24,0
Wise,12,"JUDGE, COURT OF CRIMINAL APPEALS, PLACE 4",,REP,RICHARD DEAN DAVIS,97,31,66,0
Wise,12,"JUDGE, COURT OF CRIMINAL APPEALS, PLACE 4",,REP,KEVIN PATRICK YEARY,91,39,52,0
Wise,12,"JUDGE, COURT OF CRIMINAL APPEALS, PLACE 9",,REP,"W.C. ""BUD"" KIRKENDALL",150,63,87,0
Wise,12,"JUDGE, COURT OF CRIMINAL APPEALS, PLACE 9",,REP,Over Votes,0,0,0,0
Wise,12,"JUDGE, COURT OF CRIMINAL APPEALS, PLACE 9",,REP,Under Votes,42,17,25,0
Wise,12,"JUDGE, COURT OF CRIMINAL APPEALS, PLACE 9",,REP,DAVID NEWELL,90,29,61,0
Wise,12,"STATE SENATOR, DISTRICT 30",,REP,CRAIG ESTES,243,96,147,0
Wise,12,"STATE SENATOR, DISTRICT 30",,REP,Over Votes,0,0,0,0
Wise,12,"STATE SENATOR, DISTRICT 30",,REP,Under Votes,39,13,26,0
Wise,12,"STATE REPRESENTATIVE, DISTRICT 61",,REP,PHIL KING,245,99,146,0
Wise,12,"STATE REPRESENTATIVE, DISTRICT 61",,REP,Over Votes,0,0,0,0
Wise,12,"STATE REPRESENTATIVE, DISTRICT 61",,REP,Under Votes,37,10,27,0
Wise,12,"JUSTICE, 2ND COURT OF APPEALS, PLACE 2",,REP,BILL MEIER,236,93,143,0
Wise,12,"JUSTICE, 2ND COURT OF APPEALS, PLACE 2",,REP,Over Votes,0,0,0,0
Wise,12,"JUSTICE, 2ND COURT OF APPEALS, PLACE 2",,REP,Under Votes,46,16,30,0
Wise,12,"JUSTICE, 2ND COURT OF APPEALS, PLACE 7",,REP,LEE GABRIEL,217,87,130,0
Wise,12,"JUSTICE, 2ND COURT OF APPEALS, PLACE 7",,REP,Over Votes,0,0,0,0
Wise,12,"JUSTICE, 2ND COURT OF APPEALS, PLACE 7",,REP,Under Votes,65,22,43,0
Wise,12,"DISTRICT JUDGE, 271ST JUDICIAL DISTRICT",,REP,JOHN H. FOSTEL,246,101,145,0
Wise,12,"DISTRICT JUDGE, 271ST JUDICIAL DISTRICT",,REP,Over Votes,0,0,0,0
Wise,12,"DISTRICT JUDGE, 271ST JUDICIAL DISTRICT",,REP,Under Votes,36,8,28,0
Wise,12,COUNTY JUDGE,,REP,KYLE E. STEPHENS,29,13,16,0
Wise,12,COUNTY JUDGE,,REP,Over Votes,0,0,0,0
Wise,12,COUNTY JUDGE,,REP,Under Votes,3,1,2,0
Wise,12,COUNTY JUDGE,,REP,J.D. CLARK,215,86,129,0
Wise,12,COUNTY JUDGE,,REP,KEITH MCCOMIS,35,9,26,0
Wise,12,"JUDGE,COUNTY COURT AT LAW NUMBER 1",,REP,MELTON D. CUDE,248,98,150,0
Wise,12,"JUDGE,COUNTY COURT AT LAW NUMBER 1",,REP,Over Votes,0,0,0,0
Wise,12,"JUDGE,COUNTY COURT AT LAW NUMBER 1",,REP,Under Votes,34,11,23,0
Wise,12,DISTRICT CLERK,,REP,BRENDA STARNES ROWE,136,54,82,0
Wise,12,DISTRICT CLERK,,REP,Over Votes,0,0,0,0
Wise,12,DISTRICT CLERK,,REP,Under Votes,20,4,16,0
Wise,12,DISTRICT CLERK,,REP,CALLIE WATTS MANNING,126,51,75,0
Wise,12,COUNTY CLERK,,REP,SHERRY COURSEY LEMON,253,99,154,0
Wise,12,COUNTY CLERK,,REP,Over Votes,0,0,0,0
Wise,12,COUNTY CLERK,,REP,Under Votes,29,10,19,0
Wise,12,COUNTY TREASURER,,REP,KATHERINE CANOVA HUDSON,196,80,116,0
Wise,12,COUNTY TREASURER,,REP,Over Votes,0,0,0,0
Wise,12,COUNTY TREASURER,,REP,Under Votes,20,4,16,0
Wise,12,COUNTY TREASURER,,REP,DANIEL E. RIVAS,66,25,41,0
Wise,12,"COUNTY COMMISSIONER, PRECINCT 2",,REP,KEVIN BURNS,251,102,149,0
Wise,12,"COUNTY COMMISSIONER, PRECINCT 2",,REP,Over Votes,0,0,0,0
Wise,12,"COUNTY COMMISSIONER, PRECINCT 2",,REP,Under Votes,31,7,24,0
Wise,12,"JUSTICE OF THE PEACE, PRECINCT 2",,REP,TERRI LYNN JOHNSON,254,103,151,0
Wise,12,"JUSTICE OF THE PEACE, PRECINCT 2",,REP,Over Votes,0,0,0,0
Wise,12,"JUSTICE OF THE PEACE, PRECINCT 2",,REP,Under Votes,28,6,22,0
Wise,12,COUNTY CHAIRMAN,,REP,ALLEN L. WILLIAMSON,248,100,148,0
Wise,12,COUNTY CHAIRMAN,,REP,Over Votes,0,0,0,0
Wise,12,COUNTY CHAIRMAN,,REP,Under Votes,34,9,25,0
Wise,12,U.S. Senate D,,DEM,"MICHAEL ""FJET"" FJETLAND",5,2,3,0
Wise,12,U.S. Senate D,,DEM,Over Votes,0,0,0,0
Wise,12,U.S. Senate D,,DEM,Under Votes,2,0,2,0
Wise,12,U.S. Senate D,,DEM,MAXEY MARIE SCHERR,4,1,3,0
Wise,12,U.S. Senate D,,DEM,HARRY KIM,1,0,1,0
Wise,12,U.S. Senate D,,DEM,DAVID M. ALAMEEL,22,13,9,0
Wise,12,U.S. Senate D,,DEM,KESHA ROGERS,10,5,5,0
Wise,12,"U.S. REPRESENTATIVE, DISTRICT 13 D",,DEM,MIKE MINTER,36,18,18,0
Wise,12,"U.S. REPRESENTATIVE, DISTRICT 13 D",,DEM,Over Votes,0,0,0,0
Wise,12,"U.S. REPRESENTATIVE, DISTRICT 13 D",,DEM,Under Votes,8,3,5,0
Wise,12,GOVERNOR D,,DEM,"REYNALDO ""RAY"" MADRIGAL",6,1,5,0
Wise,12,GOVERNOR D,,DEM,Over Votes,0,0,0,0
Wise,12,GOVERNOR D,,DEM,Under Votes,3,0,3,0
Wise,12,GOVERNOR D,,DEM,WENDY R. DAVIS,35,20,15,0
Wise,12,Lieutenant Governor D,,DEM,LETICIA VAN DE PUTTE,40,21,19,0
Wise,12,Lieutenant Governor D,,DEM,Over Votes,0,0,0,0
Wise,12,Lieutenant Governor D,,DEM,Under Votes,4,0,4,0
Wise,12,Attorney General D,,DEM,SAM HOUSTON,42,21,21,0
Wise,12,Attorney General D,,DEM,Over Votes,0,0,0,0
Wise,12,Attorney General D,,DEM,Under Votes,2,0,2,0
Wise,12,Comptroller	of Public Accounts D,,DEM,MIKE COLLIER,42,21,21,0
Wise,12,Comptroller	of Public Accounts D,,DEM,Over Votes,0,0,0,0
Wise,12,Comptroller	of Public Accounts D,,DEM,Under Votes,2,0,2,0
Wise,12,COMMISSIONER OF THE GENERAL LAND OFFICE D,,DEM,JOHN COOK,42,21,21,0
Wise,12,COMMISSIONER OF THE GENERAL LAND OFFICE D,,DEM,Over Votes,0,0,0,0
Wise,12,COMMISSIONER OF THE GENERAL LAND OFFICE D,,DEM,Under Votes,2,0,2,0
Wise,12,Commissioner of Agriculture D,,DEM,JIM HOGAN,23,12,11,0
Wise,12,Commissioner of Agriculture D,,DEM,Over Votes,0,0,0,0
Wise,12,Commissioner of Agriculture D,,DEM,Under Votes,3,0,3,0
Wise,12,Commissioner of Agriculture D,,DEM,"RICHARD ""KINKY"" FRIEDMAN",14,5,9,0
Wise,12,Commissioner of Agriculture D,,DEM,HUGH ASA FITZSIMONS III,4,4,0,0
Wise,12,Railroad Commissioner D,,DEM,STEVE BROWN,25,14,11,0
Wise,12,Railroad Commissioner D,,DEM,Over Votes,0,0,0,0
Wise,12,Railroad Commissioner D,,DEM,Under Votes,3,0,3,0
Wise,12,Railroad Commissioner D,,DEM,DALE HENRY,16,7,9,0
Wise,12,"CHIEF JUSTICE, SUPREME COURT D",,DEM,WILLIAM MOODY,40,20,20,0
Wise,12,"CHIEF JUSTICE, SUPREME COURT D",,DEM,Over Votes,0,0,0,0
Wise,12,"CHIEF JUSTICE, SUPREME COURT D",,DEM,Under Votes,4,1,3,0
Wise,12,"JUSTICE, SUPREME COURT, PLACE 6, UNEXPIRED TERM D",,DEM,LAWRENCE EDWARD MEYERS,41,21,20,0
Wise,12,"JUSTICE, SUPREME COURT, PLACE 6, UNEXPIRED TERM D",,DEM,Over Votes,0,0,0,0
Wise,12,"JUSTICE, SUPREME COURT, PLACE 6, UNEXPIRED TERM D",,DEM,Under Votes,3,0,3,0
Wise,12,"JUSTICE, SUPREME COURT, PLACE 7 D",,DEM,GINA BENAVIDES,39,20,19,0
Wise,12,"JUSTICE, SUPREME COURT, PLACE 7 D",,DEM,Over Votes,0,0,0,0
Wise,12,"JUSTICE, SUPREME COURT, PLACE 7 D",,DEM,Under Votes,5,1,4,0
Wise,12,"JUDGE, COURT OF CRIMINAL APPEALS, PLACE 3 D",,DEM,JOHN GRANBERG,41,21,20,0
Wise,12,"JUDGE, COURT OF CRIMINAL APPEALS, PLACE 3 D",,DEM,Over Votes,0,0,0,0
Wise,12,"JUDGE, COURT OF CRIMINAL APPEALS, PLACE 3 D",,DEM,Under Votes,3,0,3,0
Wise,12,"STATE REPRESENTATIVE, DISTRICT 61 D",,DEM,MATTHEW BRITT,41,21,20,0
Wise,12,"STATE REPRESENTATIVE, DISTRICT 61 D",,DEM,Over Votes,0,0,0,0
Wise,12,"STATE REPRESENTATIVE, DISTRICT 61 D",,DEM,Under Votes,3,0,3,0
Wise,12,COUNTY JUDGE D,,DEM,"JAMES ""JIM"" STEGALL",39,21,18,0
Wise,12,COUNTY JUDGE D,,DEM,Over Votes,0,0,0,0
Wise,12,COUNTY JUDGE D,,DEM,Under Votes,5,0,5,0
Wise,12,COUNTY PARTY CHAIR D,,DEM,TRACY A. SMITH,41,21,20,0
Wise,12,COUNTY PARTY CHAIR D,,DEM,Over Votes,0,0,0,0
Wise,12,COUNTY PARTY CHAIR D,,DEM,Under Votes,3,0,3,0
Wise,12,RELIGIOUS FREEDOM,,,YES,276,106,170,0
Wise,12,RELIGIOUS FREEDOM,,,Over Votes,0,0,0,0
Wise,12,RELIGIOUS FREEDOM,,,Under Votes,3,1,2,0
Wise,12,RELIGIOUS FREEDOM,,,NO,3,2,1,0
Wise,12,ON IMMIGRATION REFORM D,,,FOR,31,18,13,0
Wise,12,ON IMMIGRATION REFORM D,,,Over Votes,0,0,0,0
Wise,12,ON IMMIGRATION REFORM D,,,Under Votes,3,0,3,0
Wise,12,ON IMMIGRATION REFORM D,,,AGAINST,10,3,7,0
Wise,12,SECOND AMENDMENT,,,YES,244,97,147,0
Wise,12,SECOND AMENDMENT,,,Over Votes,0,0,0,0
Wise,12,SECOND AMENDMENT,,,Under Votes,9,1,8,0
Wise,12,SECOND AMENDMENT,,,NO,29,11,18,0
Wise,12,A LIVING WAGE FOR ALL TEXANS D,,,FOR,37,19,18,0
Wise,12,A LIVING WAGE FOR ALL TEXANS D,,,Over Votes,0,0,0,0
Wise,12,A LIVING WAGE FOR ALL TEXANS D,,,Under Votes,2,0,2,0
Wise,12,A LIVING WAGE FOR ALL TEXANS D,,,AGAINST,5,2,3,0
Wise,12,FRANCHISE TAX,,,YES,230,90,140,0
Wise,12,FRANCHISE TAX,,,Over Votes,0,0,0,0
Wise,12,FRANCHISE TAX,,,Under Votes,17,5,12,0
Wise,12,FRANCHISE TAX,,,NO,35,14,21,0
Wise,12,MEDICAID EXPANSION D,,,FOR,37,20,17,0
Wise,12,MEDICAID EXPANSION D,,,Over Votes,0,0,0,0
Wise,12,MEDICAID EXPANSION D,,,Under Votes,2,1,1,0
Wise,12,MEDICAID EXPANSION D,,,AGAINST,5,0,5,0
Wise,12,WELFARE REFORM,,,YES,270,107,163,0
Wise,12,WELFARE REFORM,,,Over Votes,0,0,0,0
Wise,12,WELFARE REFORM,,,Under Votes,7,0,7,0
Wise,12,WELFARE REFORM,,,NO,5,2,3,0
Wise,12,ON NON-DISCRIMINATION LEGISLATION D,,,FOR,35,19,16,0
Wise,12,ON NON-DISCRIMINATION LEGISLATION D,,,Over Votes,0,0,0,0
Wise,12,ON NON-DISCRIMINATION LEGISLATION D,,,Under Votes,3,0,3,0
Wise,12,ON NON-DISCRIMINATION LEGISLATION D,,,AGAINST,6,2,4,0
Wise,12,NO LAWMAKER EXCEPTIONS,,,YES,276,108,168,0
Wise,12,NO LAWMAKER EXCEPTIONS,,,Over Votes,0,0,0,0
Wise,12,NO LAWMAKER EXCEPTIONS,,,Under Votes,4,0,4,0
Wise,12,NO LAWMAKER EXCEPTIONS,,,NO,2,1,1,0
Wise,12,OBAMACARE,,,YES,254,105,149,0
Wise,12,OBAMACARE,,,Over Votes,0,0,0,0
Wise,12,OBAMACARE,,,Under Votes,6,0,6,0
Wise,12,OBAMACARE,,,NO,22,4,18,0
Wise,13,U.S. Senate,,REP,JOHN CORNYN,144,85,59,0
Wise,13,U.S. Senate,,REP,Over Votes,0,0,0,0
Wise,13,U.S. Senate,,REP,Under Votes,21,12,9,0
Wise,13,U.S. Senate,,REP,REID REASOR,9,4,5,0
Wise,13,U.S. Senate,,REP,STEVE STOCKMAN,24,11,13,0
Wise,13,U.S. Senate,,REP,CURT CLEAVER,1,0,1,0
Wise,13,U.S. Senate,,REP,LINDA VEGA,9,4,5,0
Wise,13,U.S. Senate,,REP,KEN COPE,1,0,1,0
Wise,13,U.S. Senate,,REP,DWAYNE STOVALL,9,2,7,0
Wise,13,U.S. Senate,,REP,CHRIS MAPP,1,1,0,0
Wise,13,"U.S. REPRESENTATIVE, DISTRICT 13",,REP,ELAINE HAYS,116,64,52,0
Wise,13,"U.S. REPRESENTATIVE, DISTRICT 13",,REP,Over Votes,0,0,0,0
Wise,13,"U.S. REPRESENTATIVE, DISTRICT 13",,REP,Under Votes,16,9,7,0
Wise,13,"U.S. REPRESENTATIVE, DISTRICT 13",,REP,PAM BARLOW,13,3,10,0
Wise,13,"U.S. REPRESENTATIVE, DISTRICT 13",,REP,MAC THORNBERRY,74,43,31,0
Wise,13,GOVERNOR,,REP,MIRIAM MARTINEZ,14,8,6,0
Wise,13,GOVERNOR,,REP,Over Votes,0,0,0,0
Wise,13,GOVERNOR,,REP,Under Votes,18,13,5,0
Wise,13,GOVERNOR,,REP,GREG ABBOTT,174,93,81,0
Wise,13,GOVERNOR,,REP,LISA FRITSCH,10,4,6,0
Wise,13,GOVERNOR,,REP,SECEDE KILGORE,3,1,2,0
Wise,13,Lieutenant Governor,,REP,DAN PATRICK,67,40,27,0
Wise,13,Lieutenant Governor,,REP,Over Votes,1,1,0,0
Wise,13,Lieutenant Governor,,REP,Under Votes,15,11,4,0
Wise,13,Lieutenant Governor,,REP,JERRY PATTERSON,15,7,8,0
Wise,13,Lieutenant Governor,,REP,TODD STAPLES,47,22,25,0
Wise,13,Lieutenant Governor,,REP,DAVID DEWHURST,74,38,36,0
Wise,13,Attorney General,,REP,DAN BRANCH,94,46,48,0
Wise,13,Attorney General,,REP,Over Votes,0,0,0,0
Wise,13,Attorney General,,REP,Under Votes,31,20,11,0
Wise,13,Attorney General,,REP,KEN PAXTON,66,32,34,0
Wise,13,Attorney General,,REP,BARRY SMITHERMAN,28,21,7,0
Wise,13,Comptroller	of Public Accounts,,REP,RAUL TORRES,21,12,9,0
Wise,13,Comptroller	of Public Accounts,,REP,Over Votes,0,0,0,0
Wise,13,Comptroller	of Public Accounts,,REP,Under Votes,37,25,12,0
Wise,13,Comptroller	of Public Accounts,,REP,GLEN HEGAR,76,39,37,0
Wise,13,Comptroller	of Public Accounts,,REP,HARVEY HILDERBRAN,38,24,14,0
Wise,13,Comptroller	of Public Accounts,,REP,DEBRA MEDINA,47,19,28,0
Wise,13,COMMISSIONER OF THE GENERAL LAND OFFICE,,REP,DAVID WATTS,44,21,23,0
Wise,13,COMMISSIONER OF THE GENERAL LAND OFFICE,,REP,Over Votes,0,0,0,0
Wise,13,COMMISSIONER OF THE GENERAL LAND OFFICE,,REP,Under Votes,18,9,9,0
Wise,13,COMMISSIONER OF THE GENERAL LAND OFFICE,,REP,GEORGE P. BUSH,157,89,68,0
Wise,13,Commissioner of Agriculture,,REP,J. ALLEN CARNES,39,19,20,0
Wise,13,Commissioner of Agriculture,,REP,Over Votes,0,0,0,0
Wise,13,Commissioner of Agriculture,,REP,Under Votes,37,26,11,0
Wise,13,Commissioner of Agriculture,,REP,TOMMY MERRITT,32,17,15,0
Wise,13,Commissioner of Agriculture,,REP,SID MILLER,44,28,16,0
Wise,13,Commissioner of Agriculture,,REP,ERIC OPIELA,38,11,27,0
Wise,13,Commissioner of Agriculture,,REP,JOE COTTEN,29,18,11,0
Wise,13,Railroad Commissioner,,REP,WAYNE CHRISTIAN,77,41,36,0
Wise,13,Railroad Commissioner,,REP,Over Votes,0,0,0,0
Wise,13,Railroad Commissioner,,REP,Under Votes,40,24,16,0
Wise,13,Railroad Commissioner,,REP,RYAN SITTON,53,25,28,0
Wise,13,Railroad Commissioner,,REP,MALACHI BOYULS,11,8,3,0
Wise,13,Railroad Commissioner,,REP,BECKY BERGER,38,21,17,0
Wise,13,"CHIEF JUSTICE, SUPREME COURT",,REP,NATHAN HECHT,103,53,50,0
Wise,13,"CHIEF JUSTICE, SUPREME COURT",,REP,Over Votes,0,0,0,0
Wise,13,"CHIEF JUSTICE, SUPREME COURT",,REP,Under Votes,47,27,20,0
Wise,13,"CHIEF JUSTICE, SUPREME COURT",,REP,ROBERT TALTON,69,39,30,0
Wise,13,"JUSTICE, SUPREME COURT, PLACE 6, UNEXPIRED TERM",,REP,JEFF BROWN,123,70,53,0
Wise,13,"JUSTICE, SUPREME COURT, PLACE 6, UNEXPIRED TERM",,REP,Over Votes,0,0,0,0
Wise,13,"JUSTICE, SUPREME COURT, PLACE 6, UNEXPIRED TERM",,REP,Under Votes,42,24,18,0
Wise,13,"JUSTICE, SUPREME COURT, PLACE 6, UNEXPIRED TERM",,REP,JOE POOL,54,25,29,0
Wise,13,"JUSTICE, SUPREME COURT, PLACE 7",,REP,JEFF BOYD,168,91,77,0
Wise,13,"JUSTICE, SUPREME COURT, PLACE 7",,REP,Over Votes,0,0,0,0
Wise,13,"JUSTICE, SUPREME COURT, PLACE 7",,REP,Under Votes,51,28,23,0
Wise,13,"JUSTICE, SUPREME COURT, PLACE 8",,REP,SHARON MCCALLY,73,34,39,0
Wise,13,"JUSTICE, SUPREME COURT, PLACE 8",,REP,Over Votes,0,0,0,0
Wise,13,"JUSTICE, SUPREME COURT, PLACE 8",,REP,Under Votes,46,27,19,0
Wise,13,"JUSTICE, SUPREME COURT, PLACE 8",,REP,PHIL JOHNSON,100,58,42,0
Wise,13,"JUDGE, COURT OF CRIMINAL APPEALS, PLACE 3",,REP,BERT RICHARDSON,106,59,47,0
Wise,13,"JUDGE, COURT OF CRIMINAL APPEALS, PLACE 3",,REP,Over Votes,0,0,0,0
Wise,13,"JUDGE, COURT OF CRIMINAL APPEALS, PLACE 3",,REP,Under Votes,57,32,25,0
Wise,13,"JUDGE, COURT OF CRIMINAL APPEALS, PLACE 3",,REP,BARBARA WALTHER,56,28,28,0
Wise,13,"JUDGE, COURT OF CRIMINAL APPEALS, PLACE 4",,REP,JANI JO WOOD,45,23,22,0
Wise,13,"JUDGE, COURT OF CRIMINAL APPEALS, PLACE 4",,REP,Over Votes,0,0,0,0
Wise,13,"JUDGE, COURT OF CRIMINAL APPEALS, PLACE 4",,REP,Under Votes,54,32,22,0
Wise,13,"JUDGE, COURT OF CRIMINAL APPEALS, PLACE 4",,REP,RICHARD DEAN DAVIS,52,26,26,0
Wise,13,"JUDGE, COURT OF CRIMINAL APPEALS, PLACE 4",,REP,KEVIN PATRICK YEARY,68,38,30,0
Wise,13,"JUDGE, COURT OF CRIMINAL APPEALS, PLACE 9",,REP,"W.C. ""BUD"" KIRKENDALL",101,55,46,0
Wise,13,"JUDGE, COURT OF CRIMINAL APPEALS, PLACE 9",,REP,Over Votes,0,0,0,0
Wise,13,"JUDGE, COURT OF CRIMINAL APPEALS, PLACE 9",,REP,Under Votes,56,32,24,0
Wise,13,"JUDGE, COURT OF CRIMINAL APPEALS, PLACE 9",,REP,DAVID NEWELL,62,32,30,0
Wise,13,"STATE SENATOR, DISTRICT 30",,REP,CRAIG ESTES,184,103,81,0
Wise,13,"STATE SENATOR, DISTRICT 30",,REP,Over Votes,0,0,0,0
Wise,13,"STATE SENATOR, DISTRICT 30",,REP,Under Votes,35,16,19,0
Wise,13,"STATE REPRESENTATIVE, DISTRICT 61",,REP,PHIL KING,187,105,82,0
Wise,13,"STATE REPRESENTATIVE, DISTRICT 61",,REP,Over Votes,0,0,0,0
Wise,13,"STATE REPRESENTATIVE, DISTRICT 61",,REP,Under Votes,32,14,18,0
Wise,13,"JUSTICE, 2ND COURT OF APPEALS, PLACE 2",,REP,BILL MEIER,165,87,78,0
Wise,13,"JUSTICE, 2ND COURT OF APPEALS, PLACE 2",,REP,Over Votes,0,0,0,0
Wise,13,"JUSTICE, 2ND COURT OF APPEALS, PLACE 2",,REP,Under Votes,54,32,22,0
Wise,13,"JUSTICE, 2ND COURT OF APPEALS, PLACE 7",,REP,LEE GABRIEL,151,83,68,0
Wise,13,"JUSTICE, 2ND COURT OF APPEALS, PLACE 7",,REP,Over Votes,0,0,0,0
Wise,13,"JUSTICE, 2ND COURT OF APPEALS, PLACE 7",,REP,Under Votes,68,36,32,0
Wise,13,"DISTRICT JUDGE, 271ST JUDICIAL DISTRICT",,REP,JOHN H. FOSTEL,179,93,86,0
Wise,13,"DISTRICT JUDGE, 271ST JUDICIAL DISTRICT",,REP,Over Votes,0,0,0,0
Wise,13,"DISTRICT JUDGE, 271ST JUDICIAL DISTRICT",,REP,Under Votes,40,26,14,0
Wise,13,COUNTY JUDGE,,REP,KYLE E. STEPHENS,20,7,13,0
Wise,13,COUNTY JUDGE,,REP,Over Votes,0,0,0,0
Wise,13,COUNTY JUDGE,,REP,Under Votes,2,1,1,0
Wise,13,COUNTY JUDGE,,REP,J.D. CLARK,120,67,53,0
Wise,13,COUNTY JUDGE,,REP,KEITH MCCOMIS,77,44,33,0
Wise,13,"JUDGE,COUNTY COURT AT LAW NUMBER 1",,REP,MELTON D. CUDE,184,97,87,0
Wise,13,"JUDGE,COUNTY COURT AT LAW NUMBER 1",,REP,Over Votes,0,0,0,0
Wise,13,"JUDGE,COUNTY COURT AT LAW NUMBER 1",,REP,Under Votes,35,22,13,0
Wise,13,DISTRICT CLERK,,REP,BRENDA STARNES ROWE,124,68,56,0
Wise,13,DISTRICT CLERK,,REP,Over Votes,0,0,0,0
Wise,13,DISTRICT CLERK,,REP,Under Votes,18,10,8,0
Wise,13,DISTRICT CLERK,,REP,CALLIE WATTS MANNING,77,41,36,0
Wise,13,COUNTY CLERK,,REP,SHERRY COURSEY LEMON,202,108,94,0
Wise,13,COUNTY CLERK,,REP,Over Votes,0,0,0,0
Wise,13,COUNTY CLERK,,REP,Under Votes,17,11,6,0
Wise,13,COUNTY TREASURER,,REP,KATHERINE CANOVA HUDSON,187,99,88,0
Wise,13,COUNTY TREASURER,,REP,Over Votes,0,0,0,0
Wise,13,COUNTY TREASURER,,REP,Under Votes,8,6,2,0
Wise,13,COUNTY TREASURER,,REP,DANIEL E. RIVAS,24,14,10,0
Wise,13,"COUNTY COMMISSIONER, PRECINCT 4",,REP,TERRY ROSS,18,12,6,0
Wise,13,"COUNTY COMMISSIONER, PRECINCT 4",,REP,Over Votes,0,0,0,0
Wise,13,"COUNTY COMMISSIONER, PRECINCT 4",,REP,Under Votes,6,5,1,0
Wise,13,"COUNTY COMMISSIONER, PRECINCT 4",,REP,GAYLORD KENNEDY,178,96,82,0
Wise,13,"COUNTY COMMISSIONER, PRECINCT 4",,REP,DAVID STEWART,17,6,11,0
Wise,13,"JUSTICE OF THE PEACE, PRECINCT 4",,REP,CLAY POYNOR,147,76,71,0
Wise,13,"JUSTICE OF THE PEACE, PRECINCT 4",,REP,Over Votes,0,0,0,0
Wise,13,"JUSTICE OF THE PEACE, PRECINCT 4",,REP,Under Votes,6,4,2,0
Wise,13,"JUSTICE OF THE PEACE, PRECINCT 4",,REP,TERESA MARNEY GRAVES,66,39,27,0
Wise,13,COUNTY CHAIRMAN,,REP,ALLEN L. WILLIAMSON,179,96,83,0
Wise,13,COUNTY CHAIRMAN,,REP,Over Votes,0,0,0,0
Wise,13,COUNTY CHAIRMAN,,REP,Under Votes,40,23,17,0
Wise,13,U.S. Senate D,,DEM,"MICHAEL ""FJET"" FJETLAND",5,4,1,0
Wise,13,U.S. Senate D,,DEM,Over Votes,1,1,0,0
Wise,13,U.S. Senate D,,DEM,Under Votes,0,0,0,0
Wise,13,U.S. Senate D,,DEM,MAXEY MARIE SCHERR,7,6,1,0
Wise,13,U.S. Senate D,,DEM,HARRY KIM,2,0,2,0
Wise,13,U.S. Senate D,,DEM,DAVID M. ALAMEEL,7,6,1,0
Wise,13,U.S. Senate D,,DEM,KESHA ROGERS,2,2,0,0
Wise,13,"U.S. REPRESENTATIVE, DISTRICT 13 D",,DEM,MIKE MINTER,24,19,5,0
Wise,13,"U.S. REPRESENTATIVE, DISTRICT 13 D",,DEM,Over Votes,0,0,0,0
Wise,13,"U.S. REPRESENTATIVE, DISTRICT 13 D",,DEM,Under Votes,0,0,0,0
Wise,13,GOVERNOR D,,DEM,"REYNALDO ""RAY"" MADRIGAL",2,2,0,0
Wise,13,GOVERNOR D,,DEM,Over Votes,0,0,0,0
Wise,13,GOVERNOR D,,DEM,Under Votes,0,0,0,0
Wise,13,GOVERNOR D,,DEM,WENDY R. DAVIS,22,17,5,0
Wise,13,Lieutenant Governor D,,DEM,LETICIA VAN DE PUTTE,24,19,5,0
Wise,13,Lieutenant Governor D,,DEM,Over Votes,0,0,0,0
Wise,13,Lieutenant Governor D,,DEM,Under Votes,0,0,0,0
Wise,13,Attorney General D,,DEM,SAM HOUSTON,24,19,5,0
Wise,13,Attorney General D,,DEM,Over Votes,0,0,0,0
Wise,13,Attorney General D,,DEM,Under Votes,0,0,0,0
Wise,13,Comptroller	of Public Accounts D,,DEM,MIKE COLLIER,24,19,5,0
Wise,13,Comptroller	of Public Accounts D,,DEM,Over Votes,0,0,0,0
Wise,13,Comptroller	of Public Accounts D,,DEM,Under Votes,0,0,0,0
Wise,13,COMMISSIONER OF THE GENERAL LAND OFFICE D,,DEM,JOHN COOK,24,19,5,0
Wise,13,COMMISSIONER OF THE GENERAL LAND OFFICE D,,DEM,Over Votes,0,0,0,0
Wise,13,COMMISSIONER OF THE GENERAL LAND OFFICE D,,DEM,Under Votes,0,0,0,0
Wise,13,Commissioner of Agriculture D,,DEM,JIM HOGAN,10,7,3,0
Wise,13,Commissioner of Agriculture D,,DEM,Over Votes,0,0,0,0
Wise,13,Commissioner of Agriculture D,,DEM,Under Votes,0,0,0,0
Wise,13,Commissioner of Agriculture D,,DEM,"RICHARD ""KINKY"" FRIEDMAN",7,6,1,0
Wise,13,Commissioner of Agriculture D,,DEM,HUGH ASA FITZSIMONS III,7,6,1,0
Wise,13,Railroad Commissioner D,,DEM,STEVE BROWN,17,12,5,0
Wise,13,Railroad Commissioner D,,DEM,Over Votes,0,0,0,0
Wise,13,Railroad Commissioner D,,DEM,Under Votes,0,0,0,0
Wise,13,Railroad Commissioner D,,DEM,DALE HENRY,7,7,0,0
Wise,13,"CHIEF JUSTICE, SUPREME COURT D",,DEM,WILLIAM MOODY,24,19,5,0
Wise,13,"CHIEF JUSTICE, SUPREME COURT D",,DEM,Over Votes,0,0,0,0
Wise,13,"CHIEF JUSTICE, SUPREME COURT D",,DEM,Under Votes,0,0,0,0
Wise,13,"JUSTICE, SUPREME COURT, PLACE 6, UNEXPIRED TERM D",,DEM,LAWRENCE EDWARD MEYERS,24,19,5,0
Wise,13,"JUSTICE, SUPREME COURT, PLACE 6, UNEXPIRED TERM D",,DEM,Over Votes,0,0,0,0
Wise,13,"JUSTICE, SUPREME COURT, PLACE 6, UNEXPIRED TERM D",,DEM,Under Votes,0,0,0,0
Wise,13,"JUSTICE, SUPREME COURT, PLACE 7 D",,DEM,GINA BENAVIDES,24,19,5,0
Wise,13,"JUSTICE, SUPREME COURT, PLACE 7 D",,DEM,Over Votes,0,0,0,0
Wise,13,"JUSTICE, SUPREME COURT, PLACE 7 D",,DEM,Under Votes,0,0,0,0
Wise,13,"JUDGE, COURT OF CRIMINAL APPEALS, PLACE 3 D",,DEM,JOHN GRANBERG,24,19,5,0
Wise,13,"JUDGE, COURT OF CRIMINAL APPEALS, PLACE 3 D",,DEM,Over Votes,0,0,0,0
Wise,13,"JUDGE, COURT OF CRIMINAL APPEALS, PLACE 3 D",,DEM,Under Votes,0,0,0,0
Wise,13,"STATE REPRESENTATIVE, DISTRICT 61 D",,DEM,MATTHEW BRITT,24,19,5,0
Wise,13,"STATE REPRESENTATIVE, DISTRICT 61 D",,DEM,Over Votes,0,0,0,0
Wise,13,"STATE REPRESENTATIVE, DISTRICT 61 D",,DEM,Under Votes,0,0,0,0
Wise,13,COUNTY JUDGE D,,DEM,"JAMES ""JIM"" STEGALL",22,18,4,0
Wise,13,COUNTY JUDGE D,,DEM,Over Votes,0,0,0,0
Wise,13,COUNTY JUDGE D,,DEM,Under Votes,2,1,1,0
Wise,13,"COUNTY COMMISSIONER, PRECINCT 4 D",,DEM,KRISTINA KEMP,24,19,5,0
Wise,13,"COUNTY COMMISSIONER, PRECINCT 4 D",,DEM,Over Votes,0,0,0,0
Wise,13,"COUNTY COMMISSIONER, PRECINCT 4 D",,DEM,Under Votes,0,0,0,0
Wise,13,COUNTY PARTY CHAIR D,,DEM,TRACY A. SMITH,24,19,5,0
Wise,13,COUNTY PARTY CHAIR D,,DEM,Over Votes,0,0,0,0
Wise,13,COUNTY PARTY CHAIR D,,DEM,Under Votes,0,0,0,0
Wise,13,RELIGIOUS FREEDOM,,,YES,210,116,94,0
Wise,13,RELIGIOUS FREEDOM,,,Over Votes,0,0,0,0
Wise,13,RELIGIOUS FREEDOM,,,Under Votes,5,2,3,0
Wise,13,RELIGIOUS FREEDOM,,,NO,4,1,3,0
Wise,13,ON IMMIGRATION REFORM D,,,FOR,22,17,5,0
Wise,13,ON IMMIGRATION REFORM D,,,Over Votes,0,0,0,0
Wise,13,ON IMMIGRATION REFORM D,,,Under Votes,0,0,0,0
Wise,13,ON IMMIGRATION REFORM D,,,AGAINST,2,2,0,0
Wise,13,SECOND AMENDMENT,,,YES,169,91,78,0
Wise,13,SECOND AMENDMENT,,,Over Votes,0,0,0,0
Wise,13,SECOND AMENDMENT,,,Under Votes,10,5,5,0
Wise,13,SECOND AMENDMENT,,,NO,40,23,17,0
Wise,13,A LIVING WAGE FOR ALL TEXANS D,,,FOR,22,18,4,0
Wise,13,A LIVING WAGE FOR ALL TEXANS D,,,Over Votes,1,1,0,0
Wise,13,A LIVING WAGE FOR ALL TEXANS D,,,Under Votes,0,0,0,0
Wise,13,A LIVING WAGE FOR ALL TEXANS D,,,AGAINST,1,0,1,0
Wise,13,FRANCHISE TAX,,,YES,171,92,79,0
Wise,13,FRANCHISE TAX,,,Over Votes,0,0,0,0
Wise,13,FRANCHISE TAX,,,Under Votes,19,10,9,0
Wise,13,FRANCHISE TAX,,,NO,29,17,12,0
Wise,13,MEDICAID EXPANSION D,,,FOR,20,16,4,0
Wise,13,MEDICAID EXPANSION D,,,Over Votes,0,0,0,0
Wise,13,MEDICAID EXPANSION D,,,Under Votes,0,0,0,0
Wise,13,MEDICAID EXPANSION D,,,AGAINST,4,3,1,0
Wise,13,WELFARE REFORM,,,YES,204,112,92,0
Wise,13,WELFARE REFORM,,,Over Votes,0,0,0,0
Wise,13,WELFARE REFORM,,,Under Votes,6,3,3,0
Wise,13,WELFARE REFORM,,,NO,9,4,5,0
Wise,13,ON NON-DISCRIMINATION LEGISLATION D,,,FOR,21,16,5,0
Wise,13,ON NON-DISCRIMINATION LEGISLATION D,,,Over Votes,0,0,0,0
Wise,13,ON NON-DISCRIMINATION LEGISLATION D,,,Under Votes,0,0,0,0
Wise,13,ON NON-DISCRIMINATION LEGISLATION D,,,AGAINST,3,3,0,0
Wise,13,NO LAWMAKER EXCEPTIONS,,,YES,212,115,97,0
Wise,13,NO LAWMAKER EXCEPTIONS,,,Over Votes,0,0,0,0
Wise,13,NO LAWMAKER EXCEPTIONS,,,Under Votes,6,3,3,0
Wise,13,NO LAWMAKER EXCEPTIONS,,,NO,1,1,0,0
Wise,13,OBAMACARE,,,YES,190,105,85,0
Wise,13,OBAMACARE,,,Over Votes,0,0,0,0
Wise,13,OBAMACARE,,,Under Votes,11,5,6,0
Wise,13,OBAMACARE,,,NO,18,9,9,0
Wise,14,U.S. Senate,,REP,JOHN CORNYN,245,102,143,0
Wise,14,U.S. Senate,,REP,Over Votes,0,0,0,0
Wise,14,U.S. Senate,,REP,Under Votes,30,10,20,0
Wise,14,U.S. Senate,,REP,REID REASOR,11,6,5,0
Wise,14,U.S. Senate,,REP,STEVE STOCKMAN,55,17,38,0
Wise,14,U.S. Senate,,REP,CURT CLEAVER,1,1,0,0
Wise,14,U.S. Senate,,REP,LINDA VEGA,25,10,15,0
Wise,14,U.S. Senate,,REP,KEN COPE,11,1,10,0
Wise,14,U.S. Senate,,REP,DWAYNE STOVALL,34,12,22,0
Wise,14,U.S. Senate,,REP,CHRIS MAPP,3,1,2,0
Wise,14,"U.S. REPRESENTATIVE, DISTRICT 13",,REP,ELAINE HAYS,172,70,102,0
Wise,14,"U.S. REPRESENTATIVE, DISTRICT 13",,REP,Over Votes,0,0,0,0
Wise,14,"U.S. REPRESENTATIVE, DISTRICT 13",,REP,Under Votes,34,11,23,0
Wise,14,"U.S. REPRESENTATIVE, DISTRICT 13",,REP,PAM BARLOW,56,14,42,0
Wise,14,"U.S. REPRESENTATIVE, DISTRICT 13",,REP,MAC THORNBERRY,153,65,88,0
Wise,14,GOVERNOR,,REP,MIRIAM MARTINEZ,16,5,11,0
Wise,14,GOVERNOR,,REP,Over Votes,0,0,0,0
Wise,14,GOVERNOR,,REP,Under Votes,30,11,19,0
Wise,14,GOVERNOR,,REP,GREG ABBOTT,341,136,205,0
Wise,14,GOVERNOR,,REP,LISA FRITSCH,20,8,12,0
Wise,14,GOVERNOR,,REP,SECEDE KILGORE,8,0,8,0
Wise,14,Lieutenant Governor,,REP,DAN PATRICK,149,69,80,0
Wise,14,Lieutenant Governor,,REP,Over Votes,0,0,0,0
Wise,14,Lieutenant Governor,,REP,Under Votes,29,9,20,0
Wise,14,Lieutenant Governor,,REP,JERRY PATTERSON,26,6,20,0
Wise,14,Lieutenant Governor,,REP,TODD STAPLES,93,31,62,0
Wise,14,Lieutenant Governor,,REP,DAVID DEWHURST,118,45,73,0
Wise,14,Attorney General,,REP,DAN BRANCH,165,61,104,0
Wise,14,Attorney General,,REP,Over Votes,0,0,0,0
Wise,14,Attorney General,,REP,Under Votes,49,16,33,0
Wise,14,Attorney General,,REP,KEN PAXTON,150,61,89,0
Wise,14,Attorney General,,REP,BARRY SMITHERMAN,51,22,29,0
Wise,14,Comptroller	of Public Accounts,,REP,RAUL TORRES,44,18,26,0
Wise,14,Comptroller	of Public Accounts,,REP,Over Votes,0,0,0,0
Wise,14,Comptroller	of Public Accounts,,REP,Under Votes,64,21,43,0
Wise,14,Comptroller	of Public Accounts,,REP,GLEN HEGAR,156,57,99,0
Wise,14,Comptroller	of Public Accounts,,REP,HARVEY HILDERBRAN,74,32,42,0
Wise,14,Comptroller	of Public Accounts,,REP,DEBRA MEDINA,77,32,45,0
Wise,14,COMMISSIONER OF THE GENERAL LAND OFFICE,,REP,DAVID WATTS,106,41,65,0
Wise,14,COMMISSIONER OF THE GENERAL LAND OFFICE,,REP,Over Votes,0,0,0,0
Wise,14,COMMISSIONER OF THE GENERAL LAND OFFICE,,REP,Under Votes,34,13,21,0
Wise,14,COMMISSIONER OF THE GENERAL LAND OFFICE,,REP,GEORGE P. BUSH,275,106,169,0
Wise,14,Commissioner of Agriculture,,REP,J. ALLEN CARNES,65,21,44,0
Wise,14,Commissioner of Agriculture,,REP,Over Votes,0,0,0,0
Wise,14,Commissioner of Agriculture,,REP,Under Votes,67,24,43,0
Wise,14,Commissioner of Agriculture,,REP,TOMMY MERRITT,69,32,37,0
Wise,14,Commissioner of Agriculture,,REP,SID MILLER,72,29,43,0
Wise,14,Commissioner of Agriculture,,REP,ERIC OPIELA,84,25,59,0
Wise,14,Commissioner of Agriculture,,REP,JOE COTTEN,58,29,29,0
Wise,14,Railroad Commissioner,,REP,WAYNE CHRISTIAN,160,62,98,0
Wise,14,Railroad Commissioner,,REP,Over Votes,0,0,0,0
Wise,14,Railroad Commissioner,,REP,Under Votes,74,26,48,0
Wise,14,Railroad Commissioner,,REP,RYAN SITTON,93,38,55,0
Wise,14,Railroad Commissioner,,REP,MALACHI BOYULS,21,4,17,0
Wise,14,Railroad Commissioner,,REP,BECKY BERGER,67,30,37,0
Wise,14,"CHIEF JUSTICE, SUPREME COURT",,REP,NATHAN HECHT,202,83,119,0
Wise,14,"CHIEF JUSTICE, SUPREME COURT",,REP,Over Votes,0,0,0,0
Wise,14,"CHIEF JUSTICE, SUPREME COURT",,REP,Under Votes,76,26,50,0
Wise,14,"CHIEF JUSTICE, SUPREME COURT",,REP,ROBERT TALTON,137,51,86,0
Wise,14,"JUSTICE, SUPREME COURT, PLACE 6, UNEXPIRED TERM",,REP,JEFF BROWN,227,88,139,0
Wise,14,"JUSTICE, SUPREME COURT, PLACE 6, UNEXPIRED TERM",,REP,Over Votes,0,0,0,0
Wise,14,"JUSTICE, SUPREME COURT, PLACE 6, UNEXPIRED TERM",,REP,Under Votes,71,26,45,0
Wise,14,"JUSTICE, SUPREME COURT, PLACE 6, UNEXPIRED TERM",,REP,JOE POOL,117,46,71,0
Wise,14,"JUSTICE, SUPREME COURT, PLACE 7",,REP,JEFF BOYD,337,132,205,0
Wise,14,"JUSTICE, SUPREME COURT, PLACE 7",,REP,Over Votes,0,0,0,0
Wise,14,"JUSTICE, SUPREME COURT, PLACE 7",,REP,Under Votes,78,28,50,0
Wise,14,"JUSTICE, SUPREME COURT, PLACE 8",,REP,SHARON MCCALLY,153,57,96,0
Wise,14,"JUSTICE, SUPREME COURT, PLACE 8",,REP,Over Votes,1,1,0,0
Wise,14,"JUSTICE, SUPREME COURT, PLACE 8",,REP,Under Votes,73,28,45,0
Wise,14,"JUSTICE, SUPREME COURT, PLACE 8",,REP,PHIL JOHNSON,188,74,114,0
Wise,14,"JUDGE, COURT OF CRIMINAL APPEALS, PLACE 3",,REP,BERT RICHARDSON,199,79,120,0
Wise,14,"JUDGE, COURT OF CRIMINAL APPEALS, PLACE 3",,REP,Over Votes,0,0,0,0
Wise,14,"JUDGE, COURT OF CRIMINAL APPEALS, PLACE 3",,REP,Under Votes,82,28,54,0
Wise,14,"JUDGE, COURT OF CRIMINAL APPEALS, PLACE 3",,REP,BARBARA WALTHER,134,53,81,0
Wise,14,"JUDGE, COURT OF CRIMINAL APPEALS, PLACE 4",,REP,JANI JO WOOD,93,37,56,0
Wise,14,"JUDGE, COURT OF CRIMINAL APPEALS, PLACE 4",,REP,Over Votes,0,0,0,0
Wise,14,"JUDGE, COURT OF CRIMINAL APPEALS, PLACE 4",,REP,Under Votes,89,31,58,0
Wise,14,"JUDGE, COURT OF CRIMINAL APPEALS, PLACE 4",,REP,RICHARD DEAN DAVIS,121,41,80,0
Wise,14,"JUDGE, COURT OF CRIMINAL APPEALS, PLACE 4",,REP,KEVIN PATRICK YEARY,112,51,61,0
Wise,14,"JUDGE, COURT OF CRIMINAL APPEALS, PLACE 9",,REP,"W.C. ""BUD"" KIRKENDALL",196,81,115,0
Wise,14,"JUDGE, COURT OF CRIMINAL APPEALS, PLACE 9",,REP,Over Votes,0,0,0,0
Wise,14,"JUDGE, COURT OF CRIMINAL APPEALS, PLACE 9",,REP,Under Votes,94,33,61,0
Wise,14,"JUDGE, COURT OF CRIMINAL APPEALS, PLACE 9",,REP,DAVID NEWELL,125,46,79,0
Wise,14,"STATE SENATOR, DISTRICT 30",,REP,CRAIG ESTES,332,136,196,0
Wise,14,"STATE SENATOR, DISTRICT 30",,REP,Over Votes,0,0,0,0
Wise,14,"STATE SENATOR, DISTRICT 30",,REP,Under Votes,83,24,59,0
Wise,14,"STATE REPRESENTATIVE, DISTRICT 61",,REP,PHIL KING,344,137,207,0
Wise,14,"STATE REPRESENTATIVE, DISTRICT 61",,REP,Over Votes,0,0,0,0
Wise,14,"STATE REPRESENTATIVE, DISTRICT 61",,REP,Under Votes,71,23,48,0
Wise,14,"JUSTICE, 2ND COURT OF APPEALS, PLACE 2",,REP,BILL MEIER,320,128,192,0
Wise,14,"JUSTICE, 2ND COURT OF APPEALS, PLACE 2",,REP,Over Votes,0,0,0,0
Wise,14,"JUSTICE, 2ND COURT OF APPEALS, PLACE 2",,REP,Under Votes,95,32,63,0
Wise,14,"JUSTICE, 2ND COURT OF APPEALS, PLACE 7",,REP,LEE GABRIEL,299,121,178,0
Wise,14,"JUSTICE, 2ND COURT OF APPEALS, PLACE 7",,REP,Over Votes,0,0,0,0
Wise,14,"JUSTICE, 2ND COURT OF APPEALS, PLACE 7",,REP,Under Votes,116,39,77,0
Wise,14,"DISTRICT JUDGE, 271ST JUDICIAL DISTRICT",,REP,JOHN H. FOSTEL,357,139,218,0
Wise,14,"DISTRICT JUDGE, 271ST JUDICIAL DISTRICT",,REP,Over Votes,0,0,0,0
Wise,14,"DISTRICT JUDGE, 271ST JUDICIAL DISTRICT",,REP,Under Votes,58,21,37,0
Wise,14,COUNTY JUDGE,,REP,KYLE E. STEPHENS,42,10,32,0
Wise,14,COUNTY JUDGE,,REP,Over Votes,0,0,0,0
Wise,14,COUNTY JUDGE,,REP,Under Votes,8,4,4,0
Wise,14,COUNTY JUDGE,,REP,J.D. CLARK,211,88,123,0
Wise,14,COUNTY JUDGE,,REP,KEITH MCCOMIS,154,58,96,0
Wise,14,"JUDGE,COUNTY COURT AT LAW NUMBER 1",,REP,MELTON D. CUDE,350,136,214,0
Wise,14,"JUDGE,COUNTY COURT AT LAW NUMBER 1",,REP,Over Votes,0,0,0,0
Wise,14,"JUDGE,COUNTY COURT AT LAW NUMBER 1",,REP,Under Votes,65,24,41,0
Wise,14,DISTRICT CLERK,,REP,BRENDA STARNES ROWE,216,86,130,0
Wise,14,DISTRICT CLERK,,REP,Over Votes,0,0,0,0
Wise,14,DISTRICT CLERK,,REP,Under Votes,45,14,31,0
Wise,14,DISTRICT CLERK,,REP,CALLIE WATTS MANNING,154,60,94,0
Wise,14,COUNTY CLERK,,REP,SHERRY COURSEY LEMON,364,144,220,0
Wise,14,COUNTY CLERK,,REP,Over Votes,0,0,0,0
Wise,14,COUNTY CLERK,,REP,Under Votes,51,16,35,0
Wise,14,COUNTY TREASURER,,REP,KATHERINE CANOVA HUDSON,328,126,202,0
Wise,14,COUNTY TREASURER,,REP,Over Votes,0,0,0,0
Wise,14,COUNTY TREASURER,,REP,Under Votes,23,9,14,0
Wise,14,COUNTY TREASURER,,REP,DANIEL E. RIVAS,64,25,39,0
Wise,14,"COUNTY COMMISSIONER, PRECINCT 4",,REP,TERRY ROSS,46,15,31,0
Wise,14,"COUNTY COMMISSIONER, PRECINCT 4",,REP,Over Votes,0,0,0,0
Wise,14,"COUNTY COMMISSIONER, PRECINCT 4",,REP,Under Votes,7,3,4,0
Wise,14,"COUNTY COMMISSIONER, PRECINCT 4",,REP,GAYLORD KENNEDY,306,121,185,0
Wise,14,"COUNTY COMMISSIONER, PRECINCT 4",,REP,DAVID STEWART,56,21,35,0
Wise,14,"JUSTICE OF THE PEACE, PRECINCT 4",,REP,CLAY POYNOR,268,97,171,0
Wise,14,"JUSTICE OF THE PEACE, PRECINCT 4",,REP,Over Votes,0,0,0,0
Wise,14,"JUSTICE OF THE PEACE, PRECINCT 4",,REP,Under Votes,10,6,4,0
Wise,14,"JUSTICE OF THE PEACE, PRECINCT 4",,REP,TERESA MARNEY GRAVES,137,57,80,0
Wise,14,COUNTY CHAIRMAN,,REP,ALLEN L. WILLIAMSON,361,142,219,0
Wise,14,COUNTY CHAIRMAN,,REP,Over Votes,0,0,0,0
Wise,14,COUNTY CHAIRMAN,,REP,Under Votes,54,18,36,0
Wise,14,U.S. Senate D,,DEM,"MICHAEL ""FJET"" FJETLAND",1,0,1,0
Wise,14,U.S. Senate D,,DEM,Over Votes,0,0,0,0
Wise,14,U.S. Senate D,,DEM,Under Votes,1,0,1,0
Wise,14,U.S. Senate D,,DEM,MAXEY MARIE SCHERR,3,0,3,0
Wise,14,U.S. Senate D,,DEM,HARRY KIM,4,1,3,0
Wise,14,U.S. Senate D,,DEM,DAVID M. ALAMEEL,17,9,8,0
Wise,14,U.S. Senate D,,DEM,KESHA ROGERS,7,5,2,0
Wise,14,"U.S. REPRESENTATIVE, DISTRICT 13 D",,DEM,MIKE MINTER,31,15,16,0
Wise,14,"U.S. REPRESENTATIVE, DISTRICT 13 D",,DEM,Over Votes,0,0,0,0
Wise,14,"U.S. REPRESENTATIVE, DISTRICT 13 D",,DEM,Under Votes,2,0,2,0
Wise,14,GOVERNOR D,,DEM,"REYNALDO ""RAY"" MADRIGAL",5,2,3,0
Wise,14,GOVERNOR D,,DEM,Over Votes,0,0,0,0
Wise,14,GOVERNOR D,,DEM,Under Votes,1,0,1,0
Wise,14,GOVERNOR D,,DEM,WENDY R. DAVIS,27,13,14,0
Wise,14,Lieutenant Governor D,,DEM,LETICIA VAN DE PUTTE,32,15,17,0
Wise,14,Lieutenant Governor D,,DEM,Over Votes,0,0,0,0
Wise,14,Lieutenant Governor D,,DEM,Under Votes,1,0,1,0
Wise,14,Attorney General D,,DEM,SAM HOUSTON,32,15,17,0
Wise,14,Attorney General D,,DEM,Over Votes,0,0,0,0
Wise,14,Attorney General D,,DEM,Under Votes,1,0,1,0
Wise,14,Comptroller	of Public Accounts D,,DEM,MIKE COLLIER,32,15,17,0
Wise,14,Comptroller	of Public Accounts D,,DEM,Over Votes,0,0,0,0
Wise,14,Comptroller	of Public Accounts D,,DEM,Under Votes,1,0,1,0
Wise,14,COMMISSIONER OF THE GENERAL LAND OFFICE D,,DEM,JOHN COOK,32,15,17,0
Wise,14,COMMISSIONER OF THE GENERAL LAND OFFICE D,,DEM,Over Votes,0,0,0,0
Wise,14,COMMISSIONER OF THE GENERAL LAND OFFICE D,,DEM,Under Votes,1,0,1,0
Wise,14,Commissioner of Agriculture D,,DEM,JIM HOGAN,13,3,10,0
Wise,14,Commissioner of Agriculture D,,DEM,Over Votes,0,0,0,0
Wise,14,Commissioner of Agriculture D,,DEM,Under Votes,2,1,1,0
Wise,14,Commissioner of Agriculture D,,DEM,"RICHARD ""KINKY"" FRIEDMAN",11,6,5,0
Wise,14,Commissioner of Agriculture D,,DEM,HUGH ASA FITZSIMONS III,7,5,2,0
Wise,14,Railroad Commissioner D,,DEM,STEVE BROWN,21,11,10,0
Wise,14,Railroad Commissioner D,,DEM,Over Votes,0,0,0,0
Wise,14,Railroad Commissioner D,,DEM,Under Votes,1,0,1,0
Wise,14,Railroad Commissioner D,,DEM,DALE HENRY,11,4,7,0
Wise,14,"CHIEF JUSTICE, SUPREME COURT D",,DEM,WILLIAM MOODY,32,15,17,0
Wise,14,"CHIEF JUSTICE, SUPREME COURT D",,DEM,Over Votes,0,0,0,0
Wise,14,"CHIEF JUSTICE, SUPREME COURT D",,DEM,Under Votes,1,0,1,0
Wise,14,"JUSTICE, SUPREME COURT, PLACE 6, UNEXPIRED TERM D",,DEM,LAWRENCE EDWARD MEYERS,32,15,17,0
Wise,14,"JUSTICE, SUPREME COURT, PLACE 6, UNEXPIRED TERM D",,DEM,Over Votes,0,0,0,0
Wise,14,"JUSTICE, SUPREME COURT, PLACE 6, UNEXPIRED TERM D",,DEM,Under Votes,1,0,1,0
Wise,14,"JUSTICE, SUPREME COURT, PLACE 7 D",,DEM,GINA BENAVIDES,32,15,17,0
Wise,14,"JUSTICE, SUPREME COURT, PLACE 7 D",,DEM,Over Votes,0,0,0,0
Wise,14,"JUSTICE, SUPREME COURT, PLACE 7 D",,DEM,Under Votes,1,0,1,0
Wise,14,"JUDGE, COURT OF CRIMINAL APPEALS, PLACE 3 D",,DEM,JOHN GRANBERG,32,15,17,0
Wise,14,"JUDGE, COURT OF CRIMINAL APPEALS, PLACE 3 D",,DEM,Over Votes,0,0,0,0
Wise,14,"JUDGE, COURT OF CRIMINAL APPEALS, PLACE 3 D",,DEM,Under Votes,1,0,1,0
Wise,14,"STATE REPRESENTATIVE, DISTRICT 61 D",,DEM,MATTHEW BRITT,32,15,17,0
Wise,14,"STATE REPRESENTATIVE, DISTRICT 61 D",,DEM,Over Votes,0,0,0,0
Wise,14,"STATE REPRESENTATIVE, DISTRICT 61 D",,DEM,Under Votes,1,0,1,0
Wise,14,COUNTY JUDGE D,,DEM,"JAMES ""JIM"" STEGALL",31,15,16,0
Wise,14,COUNTY JUDGE D,,DEM,Over Votes,0,0,0,0
Wise,14,COUNTY JUDGE D,,DEM,Under Votes,2,0,2,0
Wise,14,"COUNTY COMMISSIONER, PRECINCT 4 D",,DEM,KRISTINA KEMP,32,15,17,0
Wise,14,"COUNTY COMMISSIONER, PRECINCT 4 D",,DEM,Over Votes,0,0,0,0
Wise,14,"COUNTY COMMISSIONER, PRECINCT 4 D",,DEM,Under Votes,1,0,1,0
Wise,14,COUNTY PARTY CHAIR D,,DEM,TRACY A. SMITH,32,15,17,0
Wise,14,COUNTY PARTY CHAIR D,,DEM,Over Votes,0,0,0,0
Wise,14,COUNTY PARTY CHAIR D,,DEM,Under Votes,1,0,1,0
Wise,14,RELIGIOUS FREEDOM,,,YES,396,151,245,0
Wise,14,RELIGIOUS FREEDOM,,,Over Votes,0,0,0,0
Wise,14,RELIGIOUS FREEDOM,,,Under Votes,12,7,5,0
Wise,14,RELIGIOUS FREEDOM,,,NO,7,2,5,0
Wise,14,ON IMMIGRATION REFORM D,,,FOR,26,13,13,0
Wise,14,ON IMMIGRATION REFORM D,,,Over Votes,0,0,0,0
Wise,14,ON IMMIGRATION REFORM D,,,Under Votes,1,0,1,0
Wise,14,ON IMMIGRATION REFORM D,,,AGAINST,6,2,4,0
Wise,14,SECOND AMENDMENT,,,YES,361,133,228,0
Wise,14,SECOND AMENDMENT,,,Over Votes,0,0,0,0
Wise,14,SECOND AMENDMENT,,,Under Votes,17,7,10,0
Wise,14,SECOND AMENDMENT,,,NO,37,20,17,0
Wise,14,A LIVING WAGE FOR ALL TEXANS D,,,FOR,30,15,15,0
Wise,14,A LIVING WAGE FOR ALL TEXANS D,,,Over Votes,0,0,0,0
Wise,14,A LIVING WAGE FOR ALL TEXANS D,,,Under Votes,1,0,1,0
Wise,14,A LIVING WAGE FOR ALL TEXANS D,,,AGAINST,2,0,2,0
Wise,14,FRANCHISE TAX,,,YES,344,129,215,0
Wise,14,FRANCHISE TAX,,,Over Votes,0,0,0,0
Wise,14,FRANCHISE TAX,,,Under Votes,32,14,18,0
Wise,14,FRANCHISE TAX,,,NO,39,17,22,0
Wise,14,MEDICAID EXPANSION D,,,FOR,29,15,14,0
Wise,14,MEDICAID EXPANSION D,,,Over Votes,0,0,0,0
Wise,14,MEDICAID EXPANSION D,,,Under Votes,1,0,1,0
Wise,14,MEDICAID EXPANSION D,,,AGAINST,3,0,3,0
Wise,14,WELFARE REFORM,,,YES,387,148,239,0
Wise,14,WELFARE REFORM,,,Over Votes,0,0,0,0
Wise,14,WELFARE REFORM,,,Under Votes,17,9,8,0
Wise,14,WELFARE REFORM,,,NO,11,3,8,0
Wise,14,ON NON-DISCRIMINATION LEGISLATION D,,,FOR,27,13,14,0
Wise,14,ON NON-DISCRIMINATION LEGISLATION D,,,Over Votes,0,0,0,0
Wise,14,ON NON-DISCRIMINATION LEGISLATION D,,,Under Votes,1,0,1,0
Wise,14,ON NON-DISCRIMINATION LEGISLATION D,,,AGAINST,5,2,3,0
Wise,14,NO LAWMAKER EXCEPTIONS,,,YES,399,153,246,0
Wise,14,NO LAWMAKER EXCEPTIONS,,,Over Votes,0,0,0,0
Wise,14,NO LAWMAKER EXCEPTIONS,,,Under Votes,15,7,8,0
Wise,14,NO LAWMAKER EXCEPTIONS,,,NO,1,0,1,0
Wise,14,OBAMACARE,,,YES,372,140,232,0
Wise,14,OBAMACARE,,,Over Votes,0,0,0,0
Wise,14,OBAMACARE,,,Under Votes,16,7,9,0
Wise,14,OBAMACARE,,,NO,27,13,14,0
Wise,15,U.S. Senate,,REP,JOHN CORNYN,164,66,98,0
Wise,15,U.S. Senate,,REP,Over Votes,1,1,0,0
Wise,15,U.S. Senate,,REP,Under Votes,19,11,8,0
Wise,15,U.S. Senate,,REP,REID REASOR,14,4,10,0
Wise,15,U.S. Senate,,REP,STEVE STOCKMAN,63,19,44,0
Wise,15,U.S. Senate,,REP,CURT CLEAVER,1,1,0,0
Wise,15,U.S. Senate,,REP,LINDA VEGA,16,3,13,0
Wise,15,U.S. Senate,,REP,KEN COPE,5,3,2,0
Wise,15,U.S. Senate,,REP,DWAYNE STOVALL,8,5,3,0
Wise,15,U.S. Senate,,REP,CHRIS MAPP,7,4,3,0
Wise,15,"U.S. REPRESENTATIVE, DISTRICT 13",,REP,ELAINE HAYS,116,37,79,0
Wise,15,"U.S. REPRESENTATIVE, DISTRICT 13",,REP,Over Votes,0,0,0,0
Wise,15,"U.S. REPRESENTATIVE, DISTRICT 13",,REP,Under Votes,20,11,9,0
Wise,15,"U.S. REPRESENTATIVE, DISTRICT 13",,REP,PAM BARLOW,28,8,20,0
Wise,15,"U.S. REPRESENTATIVE, DISTRICT 13",,REP,MAC THORNBERRY,134,61,73,0
Wise,15,GOVERNOR,,REP,MIRIAM MARTINEZ,8,0,8,0
Wise,15,GOVERNOR,,REP,Over Votes,0,0,0,0
Wise,15,GOVERNOR,,REP,Under Votes,13,7,6,0
Wise,15,GOVERNOR,,REP,GREG ABBOTT,252,103,149,0
Wise,15,GOVERNOR,,REP,LISA FRITSCH,22,6,16,0
Wise,15,GOVERNOR,,REP,SECEDE KILGORE,3,1,2,0
Wise,15,Lieutenant Governor,,REP,DAN PATRICK,111,44,67,0
Wise,15,Lieutenant Governor,,REP,Over Votes,0,0,0,0
Wise,15,Lieutenant Governor,,REP,Under Votes,14,7,7,0
Wise,15,Lieutenant Governor,,REP,JERRY PATTERSON,23,4,19,0
Wise,15,Lieutenant Governor,,REP,TODD STAPLES,75,28,47,0
Wise,15,Lieutenant Governor,,REP,DAVID DEWHURST,75,34,41,0
Wise,15,Attorney General,,REP,DAN BRANCH,110,45,65,0
Wise,15,Attorney General,,REP,Over Votes,0,0,0,0
Wise,15,Attorney General,,REP,Under Votes,27,14,13,0
Wise,15,Attorney General,,REP,KEN PAXTON,131,45,86,0
Wise,15,Attorney General,,REP,BARRY SMITHERMAN,30,13,17,0
Wise,15,Comptroller	of Public Accounts,,REP,RAUL TORRES,23,7,16,0
Wise,15,Comptroller	of Public Accounts,,REP,Over Votes,0,0,0,0
Wise,15,Comptroller	of Public Accounts,,REP,Under Votes,30,15,15,0
Wise,15,Comptroller	of Public Accounts,,REP,GLEN HEGAR,115,42,73,0
Wise,15,Comptroller	of Public Accounts,,REP,HARVEY HILDERBRAN,56,27,29,0
Wise,15,Comptroller	of Public Accounts,,REP,DEBRA MEDINA,74,26,48,0
Wise,15,COMMISSIONER OF THE GENERAL LAND OFFICE,,REP,DAVID WATTS,72,21,51,0
Wise,15,COMMISSIONER OF THE GENERAL LAND OFFICE,,REP,Over Votes,0,0,0,0
Wise,15,COMMISSIONER OF THE GENERAL LAND OFFICE,,REP,Under Votes,18,9,9,0
Wise,15,COMMISSIONER OF THE GENERAL LAND OFFICE,,REP,GEORGE P. BUSH,208,87,121,0
Wise,15,Commissioner of Agriculture,,REP,J. ALLEN CARNES,40,18,22,0
Wise,15,Commissioner of Agriculture,,REP,Over Votes,0,0,0,0
Wise,15,Commissioner of Agriculture,,REP,Under Votes,40,18,22,0
Wise,15,Commissioner of Agriculture,,REP,TOMMY MERRITT,56,18,38,0
Wise,15,Commissioner of Agriculture,,REP,SID MILLER,53,28,25,0
Wise,15,Commissioner of Agriculture,,REP,ERIC OPIELA,68,17,51,0
Wise,15,Commissioner of Agriculture,,REP,JOE COTTEN,41,18,23,0
Wise,15,Railroad Commissioner,,REP,WAYNE CHRISTIAN,117,45,72,0
Wise,15,Railroad Commissioner,,REP,Over Votes,0,0,0,0
Wise,15,Railroad Commissioner,,REP,Under Votes,48,20,28,0
Wise,15,Railroad Commissioner,,REP,RYAN SITTON,72,31,41,0
Wise,15,Railroad Commissioner,,REP,MALACHI BOYULS,12,6,6,0
Wise,15,Railroad Commissioner,,REP,BECKY BERGER,49,15,34,0
Wise,15,"CHIEF JUSTICE, SUPREME COURT",,REP,NATHAN HECHT,149,51,98,0
Wise,15,"CHIEF JUSTICE, SUPREME COURT",,REP,Over Votes,0,0,0,0
Wise,15,"CHIEF JUSTICE, SUPREME COURT",,REP,Under Votes,51,24,27,0
Wise,15,"CHIEF JUSTICE, SUPREME COURT",,REP,ROBERT TALTON,98,42,56,0
Wise,15,"JUSTICE, SUPREME COURT, PLACE 6, UNEXPIRED TERM",,REP,JEFF BROWN,157,60,97,0
Wise,15,"JUSTICE, SUPREME COURT, PLACE 6, UNEXPIRED TERM",,REP,Over Votes,0,0,0,0
Wise,15,"JUSTICE, SUPREME COURT, PLACE 6, UNEXPIRED TERM",,REP,Under Votes,48,21,27,0
Wise,15,"JUSTICE, SUPREME COURT, PLACE 6, UNEXPIRED TERM",,REP,JOE POOL,93,36,57,0
Wise,15,"JUSTICE, SUPREME COURT, PLACE 7",,REP,JEFF BOYD,238,92,146,0
Wise,15,"JUSTICE, SUPREME COURT, PLACE 7",,REP,Over Votes,0,0,0,0
Wise,15,"JUSTICE, SUPREME COURT, PLACE 7",,REP,Under Votes,60,25,35,0
Wise,15,"JUSTICE, SUPREME COURT, PLACE 8",,REP,SHARON MCCALLY,111,47,64,0
Wise,15,"JUSTICE, SUPREME COURT, PLACE 8",,REP,Over Votes,0,0,0,0
Wise,15,"JUSTICE, SUPREME COURT, PLACE 8",,REP,Under Votes,48,21,27,0
Wise,15,"JUSTICE, SUPREME COURT, PLACE 8",,REP,PHIL JOHNSON,139,49,90,0
Wise,15,"JUDGE, COURT OF CRIMINAL APPEALS, PLACE 3",,REP,BERT RICHARDSON,144,61,83,0
Wise,15,"JUDGE, COURT OF CRIMINAL APPEALS, PLACE 3",,REP,Over Votes,0,0,0,0
Wise,15,"JUDGE, COURT OF CRIMINAL APPEALS, PLACE 3",,REP,Under Votes,56,24,32,0
Wise,15,"JUDGE, COURT OF CRIMINAL APPEALS, PLACE 3",,REP,BARBARA WALTHER,98,32,66,0
Wise,15,"JUDGE, COURT OF CRIMINAL APPEALS, PLACE 4",,REP,JANI JO WOOD,58,17,41,0
Wise,15,"JUDGE, COURT OF CRIMINAL APPEALS, PLACE 4",,REP,Over Votes,0,0,0,0
Wise,15,"JUDGE, COURT OF CRIMINAL APPEALS, PLACE 4",,REP,Under Votes,60,24,36,0
Wise,15,"JUDGE, COURT OF CRIMINAL APPEALS, PLACE 4",,REP,RICHARD DEAN DAVIS,97,37,60,0
Wise,15,"JUDGE, COURT OF CRIMINAL APPEALS, PLACE 4",,REP,KEVIN PATRICK YEARY,83,39,44,0
Wise,15,"JUDGE, COURT OF CRIMINAL APPEALS, PLACE 9",,REP,"W.C. ""BUD"" KIRKENDALL",135,52,83,0
Wise,15,"JUDGE, COURT OF CRIMINAL APPEALS, PLACE 9",,REP,Over Votes,0,0,0,0
Wise,15,"JUDGE, COURT OF CRIMINAL APPEALS, PLACE 9",,REP,Under Votes,61,24,37,0
Wise,15,"JUDGE, COURT OF CRIMINAL APPEALS, PLACE 9",,REP,DAVID NEWELL,102,41,61,0
Wise,15,"STATE SENATOR, DISTRICT 30",,REP,CRAIG ESTES,247,93,154,0
Wise,15,"STATE SENATOR, DISTRICT 30",,REP,Over Votes,0,0,0,0
Wise,15,"STATE SENATOR, DISTRICT 30",,REP,Under Votes,51,24,27,0
Wise,15,"STATE REPRESENTATIVE, DISTRICT 61",,REP,PHIL KING,244,96,148,0
Wise,15,"STATE REPRESENTATIVE, DISTRICT 61",,REP,Over Votes,0,0,0,0
Wise,15,"STATE REPRESENTATIVE, DISTRICT 61",,REP,Under Votes,54,21,33,0
Wise,15,"JUSTICE, 2ND COURT OF APPEALS, PLACE 2",,REP,BILL MEIER,236,92,144,0
Wise,15,"JUSTICE, 2ND COURT OF APPEALS, PLACE 2",,REP,Over Votes,0,0,0,0
Wise,15,"JUSTICE, 2ND COURT OF APPEALS, PLACE 2",,REP,Under Votes,62,25,37,0
Wise,15,"JUSTICE, 2ND COURT OF APPEALS, PLACE 7",,REP,LEE GABRIEL,219,88,131,0
Wise,15,"JUSTICE, 2ND COURT OF APPEALS, PLACE 7",,REP,Over Votes,0,0,0,0
Wise,15,"JUSTICE, 2ND COURT OF APPEALS, PLACE 7",,REP,Under Votes,79,29,50,0
Wise,15,"DISTRICT JUDGE, 271ST JUDICIAL DISTRICT",,REP,JOHN H. FOSTEL,253,100,153,0
Wise,15,"DISTRICT JUDGE, 271ST JUDICIAL DISTRICT",,REP,Over Votes,0,0,0,0
Wise,15,"DISTRICT JUDGE, 271ST JUDICIAL DISTRICT",,REP,Under Votes,45,17,28,0
Wise,15,COUNTY JUDGE,,REP,KYLE E. STEPHENS,31,12,19,0
Wise,15,COUNTY JUDGE,,REP,Over Votes,0,0,0,0
Wise,15,COUNTY JUDGE,,REP,Under Votes,20,7,13,0
Wise,15,COUNTY JUDGE,,REP,J.D. CLARK,164,67,97,0
Wise,15,COUNTY JUDGE,,REP,KEITH MCCOMIS,83,31,52,0
Wise,15,"JUDGE,COUNTY COURT AT LAW NUMBER 1",,REP,MELTON D. CUDE,249,97,152,0
Wise,15,"JUDGE,COUNTY COURT AT LAW NUMBER 1",,REP,Over Votes,0,0,0,0
Wise,15,"JUDGE,COUNTY COURT AT LAW NUMBER 1",,REP,Under Votes,49,20,29,0
Wise,15,DISTRICT CLERK,,REP,BRENDA STARNES ROWE,158,63,95,0
Wise,15,DISTRICT CLERK,,REP,Over Votes,0,0,0,0
Wise,15,DISTRICT CLERK,,REP,Under Votes,40,16,24,0
Wise,15,DISTRICT CLERK,,REP,CALLIE WATTS MANNING,100,38,62,0
Wise,15,COUNTY CLERK,,REP,SHERRY COURSEY LEMON,255,99,156,0
Wise,15,COUNTY CLERK,,REP,Over Votes,0,0,0,0
Wise,15,COUNTY CLERK,,REP,Under Votes,43,18,25,0
Wise,15,COUNTY TREASURER,,REP,KATHERINE CANOVA HUDSON,220,93,127,0
Wise,15,COUNTY TREASURER,,REP,Over Votes,0,0,0,0
Wise,15,COUNTY TREASURER,,REP,Under Votes,30,11,19,0
Wise,15,COUNTY TREASURER,,REP,DANIEL E. RIVAS,48,13,35,0
Wise,15,"COUNTY COMMISSIONER, PRECINCT 4",,REP,TERRY ROSS,45,15,30,0
Wise,15,"COUNTY COMMISSIONER, PRECINCT 4",,REP,Over Votes,0,0,0,0
Wise,15,"COUNTY COMMISSIONER, PRECINCT 4",,REP,Under Votes,13,2,11,0
Wise,15,"COUNTY COMMISSIONER, PRECINCT 4",,REP,GAYLORD KENNEDY,133,65,68,0
Wise,15,"COUNTY COMMISSIONER, PRECINCT 4",,REP,DAVID STEWART,107,35,72,0
Wise,15,"JUSTICE OF THE PEACE, PRECINCT 4",,REP,CLAY POYNOR,197,76,121,0
Wise,15,"JUSTICE OF THE PEACE, PRECINCT 4",,REP,Over Votes,0,0,0,0
Wise,15,"JUSTICE OF THE PEACE, PRECINCT 4",,REP,Under Votes,11,6,5,0
Wise,15,"JUSTICE OF THE PEACE, PRECINCT 4",,REP,TERESA MARNEY GRAVES,90,35,55,0
Wise,15,COUNTY CHAIRMAN,,REP,ALLEN L. WILLIAMSON,256,99,157,0
Wise,15,COUNTY CHAIRMAN,,REP,Over Votes,0,0,0,0
Wise,15,COUNTY CHAIRMAN,,REP,Under Votes,42,18,24,0
Wise,15,U.S. Senate D,,DEM,"MICHAEL ""FJET"" FJETLAND",1,0,1,0
Wise,15,U.S. Senate D,,DEM,Over Votes,0,0,0,0
Wise,15,U.S. Senate D,,DEM,Under Votes,1,0,1,0
Wise,15,U.S. Senate D,,DEM,MAXEY MARIE SCHERR,3,1,2,0
Wise,15,U.S. Senate D,,DEM,HARRY KIM,3,1,2,0
Wise,15,U.S. Senate D,,DEM,DAVID M. ALAMEEL,7,2,5,0
Wise,15,U.S. Senate D,,DEM,KESHA ROGERS,6,2,4,0
Wise,15,"U.S. REPRESENTATIVE, DISTRICT 13 D",,DEM,MIKE MINTER,18,5,13,0
Wise,15,"U.S. REPRESENTATIVE, DISTRICT 13 D",,DEM,Over Votes,0,0,0,0
Wise,15,"U.S. REPRESENTATIVE, DISTRICT 13 D",,DEM,Under Votes,3,1,2,0
Wise,15,GOVERNOR D,,DEM,"REYNALDO ""RAY"" MADRIGAL",2,0,2,0
Wise,15,GOVERNOR D,,DEM,Over Votes,0,0,0,0
Wise,15,GOVERNOR D,,DEM,Under Votes,2,1,1,0
Wise,15,GOVERNOR D,,DEM,WENDY R. DAVIS,17,5,12,0
Wise,15,Lieutenant Governor D,,DEM,LETICIA VAN DE PUTTE,18,5,13,0
Wise,15,Lieutenant Governor D,,DEM,Over Votes,0,0,0,0
Wise,15,Lieutenant Governor D,,DEM,Under Votes,3,1,2,0
Wise,15,Attorney General D,,DEM,SAM HOUSTON,18,5,13,0
Wise,15,Attorney General D,,DEM,Over Votes,0,0,0,0
Wise,15,Attorney General D,,DEM,Under Votes,3,1,2,0
Wise,15,Comptroller	of Public Accounts D,,DEM,MIKE COLLIER,16,5,11,0
Wise,15,Comptroller	of Public Accounts D,,DEM,Over Votes,0,0,0,0
Wise,15,Comptroller	of Public Accounts D,,DEM,Under Votes,5,1,4,0
Wise,15,COMMISSIONER OF THE GENERAL LAND OFFICE D,,DEM,JOHN COOK,18,5,13,0
Wise,15,COMMISSIONER OF THE GENERAL LAND OFFICE D,,DEM,Over Votes,0,0,0,0
Wise,15,COMMISSIONER OF THE GENERAL LAND OFFICE D,,DEM,Under Votes,3,1,2,0
Wise,15,Commissioner of Agriculture D,,DEM,JIM HOGAN,8,2,6,0
Wise,15,Commissioner of Agriculture D,,DEM,Over Votes,0,0,0,0
Wise,15,Commissioner of Agriculture D,,DEM,Under Votes,1,0,1,0
Wise,15,Commissioner of Agriculture D,,DEM,"RICHARD ""KINKY"" FRIEDMAN",6,1,5,0
Wise,15,Commissioner of Agriculture D,,DEM,HUGH ASA FITZSIMONS III,6,3,3,0
Wise,15,Railroad Commissioner D,,DEM,STEVE BROWN,13,3,10,0
Wise,15,Railroad Commissioner D,,DEM,Over Votes,0,0,0,0
Wise,15,Railroad Commissioner D,,DEM,Under Votes,2,0,2,0
Wise,15,Railroad Commissioner D,,DEM,DALE HENRY,6,3,3,0
Wise,15,"CHIEF JUSTICE, SUPREME COURT D",,DEM,WILLIAM MOODY,17,5,12,0
Wise,15,"CHIEF JUSTICE, SUPREME COURT D",,DEM,Over Votes,0,0,0,0
Wise,15,"CHIEF JUSTICE, SUPREME COURT D",,DEM,Under Votes,4,1,3,0
Wise,15,"JUSTICE, SUPREME COURT, PLACE 6, UNEXPIRED TERM D",,DEM,LAWRENCE EDWARD MEYERS,16,5,11,0
Wise,15,"JUSTICE, SUPREME COURT, PLACE 6, UNEXPIRED TERM D",,DEM,Over Votes,0,0,0,0
Wise,15,"JUSTICE, SUPREME COURT, PLACE 6, UNEXPIRED TERM D",,DEM,Under Votes,5,1,4,0
Wise,15,"JUSTICE, SUPREME COURT, PLACE 7 D",,DEM,GINA BENAVIDES,18,5,13,0
Wise,15,"JUSTICE, SUPREME COURT, PLACE 7 D",,DEM,Over Votes,0,0,0,0
Wise,15,"JUSTICE, SUPREME COURT, PLACE 7 D",,DEM,Under Votes,3,1,2,0
Wise,15,"JUDGE, COURT OF CRIMINAL APPEALS, PLACE 3 D",,DEM,JOHN GRANBERG,15,5,10,0
Wise,15,"JUDGE, COURT OF CRIMINAL APPEALS, PLACE 3 D",,DEM,Over Votes,0,0,0,0
Wise,15,"JUDGE, COURT OF CRIMINAL APPEALS, PLACE 3 D",,DEM,Under Votes,6,1,5,0
Wise,15,"STATE REPRESENTATIVE, DISTRICT 61 D",,DEM,MATTHEW BRITT,18,5,13,0
Wise,15,"STATE REPRESENTATIVE, DISTRICT 61 D",,DEM,Over Votes,0,0,0,0
Wise,15,"STATE REPRESENTATIVE, DISTRICT 61 D",,DEM,Under Votes,3,1,2,0
Wise,15,COUNTY JUDGE D,,DEM,"JAMES ""JIM"" STEGALL",19,5,14,0
Wise,15,COUNTY JUDGE D,,DEM,Over Votes,0,0,0,0
Wise,15,COUNTY JUDGE D,,DEM,Under Votes,2,1,1,0
Wise,15,"COUNTY COMMISSIONER, PRECINCT 4 D",,DEM,KRISTINA KEMP,18,5,13,0
Wise,15,"COUNTY COMMISSIONER, PRECINCT 4 D",,DEM,Over Votes,0,0,0,0
Wise,15,"COUNTY COMMISSIONER, PRECINCT 4 D",,DEM,Under Votes,3,1,2,0
Wise,15,COUNTY PARTY CHAIR D,,DEM,TRACY A. SMITH,17,5,12,0
Wise,15,COUNTY PARTY CHAIR D,,DEM,Over Votes,0,0,0,0
Wise,15,COUNTY PARTY CHAIR D,,DEM,Under Votes,4,1,3,0
Wise,15,RELIGIOUS FREEDOM,,,YES,284,111,173,0
Wise,15,RELIGIOUS FREEDOM,,,Over Votes,0,0,0,0
Wise,15,RELIGIOUS FREEDOM,,,Under Votes,9,2,7,0
Wise,15,RELIGIOUS FREEDOM,,,NO,5,4,1,0
Wise,15,ON IMMIGRATION REFORM D,,,FOR,17,6,11,0
Wise,15,ON IMMIGRATION REFORM D,,,Over Votes,0,0,0,0
Wise,15,ON IMMIGRATION REFORM D,,,Under Votes,1,0,1,0
Wise,15,ON IMMIGRATION REFORM D,,,AGAINST,3,0,3,0
Wise,15,SECOND AMENDMENT,,,YES,238,91,147,0
Wise,15,SECOND AMENDMENT,,,Over Votes,0,0,0,0
Wise,15,SECOND AMENDMENT,,,Under Votes,12,5,7,0
Wise,15,SECOND AMENDMENT,,,NO,48,21,27,0
Wise,15,A LIVING WAGE FOR ALL TEXANS D,,,FOR,20,5,15,0
Wise,15,A LIVING WAGE FOR ALL TEXANS D,,,Over Votes,0,0,0,0
Wise,15,A LIVING WAGE FOR ALL TEXANS D,,,Under Votes,1,1,0,0
Wise,15,A LIVING WAGE FOR ALL TEXANS D,,,AGAINST,0,0,0,0
Wise,15,FRANCHISE TAX,,,YES,250,98,152,0
Wise,15,FRANCHISE TAX,,,Over Votes,0,0,0,0
Wise,15,FRANCHISE TAX,,,Under Votes,23,9,14,0
Wise,15,FRANCHISE TAX,,,NO,25,10,15,0
Wise,15,MEDICAID EXPANSION D,,,FOR,18,5,13,0
Wise,15,MEDICAID EXPANSION D,,,Over Votes,0,0,0,0
Wise,15,MEDICAID EXPANSION D,,,Under Votes,1,1,0,0
Wise,15,MEDICAID EXPANSION D,,,AGAINST,2,0,2,0
Wise,15,WELFARE REFORM,,,YES,278,107,171,0
Wise,15,WELFARE REFORM,,,Over Votes,1,1,0,0
Wise,15,WELFARE REFORM,,,Under Votes,10,4,6,0
Wise,15,WELFARE REFORM,,,NO,9,5,4,0
Wise,15,ON NON-DISCRIMINATION LEGISLATION D,,,FOR,16,5,11,0
Wise,15,ON NON-DISCRIMINATION LEGISLATION D,,,Over Votes,0,0,0,0
Wise,15,ON NON-DISCRIMINATION LEGISLATION D,,,Under Votes,1,0,1,0
Wise,15,ON NON-DISCRIMINATION LEGISLATION D,,,AGAINST,4,1,3,0
Wise,15,NO LAWMAKER EXCEPTIONS,,,YES,287,113,174,0
Wise,15,NO LAWMAKER EXCEPTIONS,,,Over Votes,0,0,0,0
Wise,15,NO LAWMAKER EXCEPTIONS,,,Under Votes,9,3,6,0
Wise,15,NO LAWMAKER EXCEPTIONS,,,NO,2,1,1,0
Wise,15,OBAMACARE,,,YES,266,104,162,0
Wise,15,OBAMACARE,,,Over Votes,0,0,0,0
Wise,15,OBAMACARE,,,Under Votes,6,1,5,0
Wise,15,OBAMACARE,,,NO,26,12,14,0
Wise,16,U.S. Senate,,REP,JOHN CORNYN,188,79,109,0
Wise,16,U.S. Senate,,REP,Over Votes,0,0,0,0
Wise,16,U.S. Senate,,REP,Under Votes,16,5,11,0
Wise,16,U.S. Senate,,REP,REID REASOR,15,1,14,0
Wise,16,U.S. Senate,,REP,STEVE STOCKMAN,74,27,47,0
Wise,16,U.S. Senate,,REP,CURT CLEAVER,3,1,2,0
Wise,16,U.S. Senate,,REP,LINDA VEGA,16,4,12,0
Wise,16,U.S. Senate,,REP,KEN COPE,7,2,5,0
Wise,16,U.S. Senate,,REP,DWAYNE STOVALL,22,7,15,0
Wise,16,U.S. Senate,,REP,CHRIS MAPP,6,3,3,0
Wise,16,"U.S. REPRESENTATIVE, DISTRICT 13",,REP,ELAINE HAYS,87,32,55,0
Wise,16,"U.S. REPRESENTATIVE, DISTRICT 13",,REP,Over Votes,0,0,0,0
Wise,16,"U.S. REPRESENTATIVE, DISTRICT 13",,REP,Under Votes,36,12,24,0
Wise,16,"U.S. REPRESENTATIVE, DISTRICT 13",,REP,PAM BARLOW,65,18,47,0
Wise,16,"U.S. REPRESENTATIVE, DISTRICT 13",,REP,MAC THORNBERRY,159,67,92,0
Wise,16,GOVERNOR,,REP,MIRIAM MARTINEZ,6,5,1,0
Wise,16,GOVERNOR,,REP,Over Votes,0,0,0,0
Wise,16,GOVERNOR,,REP,Under Votes,15,5,10,0
Wise,16,GOVERNOR,,REP,GREG ABBOTT,309,113,196,0
Wise,16,GOVERNOR,,REP,LISA FRITSCH,11,3,8,0
Wise,16,GOVERNOR,,REP,SECEDE KILGORE,6,3,3,0
Wise,16,Lieutenant Governor,,REP,DAN PATRICK,145,58,87,0
Wise,16,Lieutenant Governor,,REP,Over Votes,0,0,0,0
Wise,16,Lieutenant Governor,,REP,Under Votes,15,4,11,0
Wise,16,Lieutenant Governor,,REP,JERRY PATTERSON,33,12,21,0
Wise,16,Lieutenant Governor,,REP,TODD STAPLES,77,30,47,0
Wise,16,Lieutenant Governor,,REP,DAVID DEWHURST,77,25,52,0
Wise,16,Attorney General,,REP,DAN BRANCH,116,40,76,0
Wise,16,Attorney General,,REP,Over Votes,0,0,0,0
Wise,16,Attorney General,,REP,Under Votes,21,6,15,0
Wise,16,Attorney General,,REP,KEN PAXTON,167,61,106,0
Wise,16,Attorney General,,REP,BARRY SMITHERMAN,43,22,21,0
Wise,16,Comptroller	of Public Accounts,,REP,RAUL TORRES,29,9,20,0
Wise,16,Comptroller	of Public Accounts,,REP,Over Votes,0,0,0,0
Wise,16,Comptroller	of Public Accounts,,REP,Under Votes,34,8,26,0
Wise,16,Comptroller	of Public Accounts,,REP,GLEN HEGAR,139,48,91,0
Wise,16,Comptroller	of Public Accounts,,REP,HARVEY HILDERBRAN,55,27,28,0
Wise,16,Comptroller	of Public Accounts,,REP,DEBRA MEDINA,90,37,53,0
Wise,16,COMMISSIONER OF THE GENERAL LAND OFFICE,,REP,DAVID WATTS,110,33,77,0
Wise,16,COMMISSIONER OF THE GENERAL LAND OFFICE,,REP,Over Votes,0,0,0,0
Wise,16,COMMISSIONER OF THE GENERAL LAND OFFICE,,REP,Under Votes,28,6,22,0
Wise,16,COMMISSIONER OF THE GENERAL LAND OFFICE,,REP,GEORGE P. BUSH,209,90,119,0
Wise,16,Commissioner of Agriculture,,REP,J. ALLEN CARNES,51,19,32,0
Wise,16,Commissioner of Agriculture,,REP,Over Votes,0,0,0,0
Wise,16,Commissioner of Agriculture,,REP,Under Votes,33,9,24,0
Wise,16,Commissioner of Agriculture,,REP,TOMMY MERRITT,50,17,33,0
Wise,16,Commissioner of Agriculture,,REP,SID MILLER,94,47,47,0
Wise,16,Commissioner of Agriculture,,REP,ERIC OPIELA,87,22,65,0
Wise,16,Commissioner of Agriculture,,REP,JOE COTTEN,32,15,17,0
Wise,16,Railroad Commissioner,,REP,WAYNE CHRISTIAN,145,56,89,0
Wise,16,Railroad Commissioner,,REP,Over Votes,0,0,0,0
Wise,16,Railroad Commissioner,,REP,Under Votes,39,14,25,0
Wise,16,Railroad Commissioner,,REP,RYAN SITTON,86,31,55,0
Wise,16,Railroad Commissioner,,REP,MALACHI BOYULS,16,6,10,0
Wise,16,Railroad Commissioner,,REP,BECKY BERGER,61,22,39,0
Wise,16,"CHIEF JUSTICE, SUPREME COURT",,REP,NATHAN HECHT,192,70,122,0
Wise,16,"CHIEF JUSTICE, SUPREME COURT",,REP,Over Votes,0,0,0,0
Wise,16,"CHIEF JUSTICE, SUPREME COURT",,REP,Under Votes,48,18,30,0
Wise,16,"CHIEF JUSTICE, SUPREME COURT",,REP,ROBERT TALTON,107,41,66,0
Wise,16,"JUSTICE, SUPREME COURT, PLACE 6, UNEXPIRED TERM",,REP,JEFF BROWN,223,86,137,0
Wise,16,"JUSTICE, SUPREME COURT, PLACE 6, UNEXPIRED TERM",,REP,Over Votes,0,0,0,0
Wise,16,"JUSTICE, SUPREME COURT, PLACE 6, UNEXPIRED TERM",,REP,Under Votes,51,20,31,0
Wise,16,"JUSTICE, SUPREME COURT, PLACE 6, UNEXPIRED TERM",,REP,JOE POOL,73,23,50,0
Wise,16,"JUSTICE, SUPREME COURT, PLACE 7",,REP,JEFF BOYD,271,98,173,0
Wise,16,"JUSTICE, SUPREME COURT, PLACE 7",,REP,Over Votes,0,0,0,0
Wise,16,"JUSTICE, SUPREME COURT, PLACE 7",,REP,Under Votes,76,31,45,0
Wise,16,"JUSTICE, SUPREME COURT, PLACE 8",,REP,SHARON MCCALLY,132,48,84,0
Wise,16,"JUSTICE, SUPREME COURT, PLACE 8",,REP,Over Votes,0,0,0,0
Wise,16,"JUSTICE, SUPREME COURT, PLACE 8",,REP,Under Votes,50,19,31,0
Wise,16,"JUSTICE, SUPREME COURT, PLACE 8",,REP,PHIL JOHNSON,165,62,103,0
Wise,16,"JUDGE, COURT OF CRIMINAL APPEALS, PLACE 3",,REP,BERT RICHARDSON,184,72,112,0
Wise,16,"JUDGE, COURT OF CRIMINAL APPEALS, PLACE 3",,REP,Over Votes,0,0,0,0
Wise,16,"JUDGE, COURT OF CRIMINAL APPEALS, PLACE 3",,REP,Under Votes,59,22,37,0
Wise,16,"JUDGE, COURT OF CRIMINAL APPEALS, PLACE 3",,REP,BARBARA WALTHER,104,35,69,0
Wise,16,"JUDGE, COURT OF CRIMINAL APPEALS, PLACE 4",,REP,JANI JO WOOD,67,24,43,0
Wise,16,"JUDGE, COURT OF CRIMINAL APPEALS, PLACE 4",,REP,Over Votes,0,0,0,0
Wise,16,"JUDGE, COURT OF CRIMINAL APPEALS, PLACE 4",,REP,Under Votes,59,22,37,0
Wise,16,"JUDGE, COURT OF CRIMINAL APPEALS, PLACE 4",,REP,RICHARD DEAN DAVIS,99,22,77,0
Wise,16,"JUDGE, COURT OF CRIMINAL APPEALS, PLACE 4",,REP,KEVIN PATRICK YEARY,122,61,61,0
Wise,16,"JUDGE, COURT OF CRIMINAL APPEALS, PLACE 9",,REP,"W.C. ""BUD"" KIRKENDALL",168,62,106,0
Wise,16,"JUDGE, COURT OF CRIMINAL APPEALS, PLACE 9",,REP,Over Votes,0,0,0,0
Wise,16,"JUDGE, COURT OF CRIMINAL APPEALS, PLACE 9",,REP,Under Votes,64,23,41,0
Wise,16,"JUDGE, COURT OF CRIMINAL APPEALS, PLACE 9",,REP,DAVID NEWELL,115,44,71,0
Wise,16,"STATE SENATOR, DISTRICT 30",,REP,CRAIG ESTES,278,103,175,0
Wise,16,"STATE SENATOR, DISTRICT 30",,REP,Over Votes,0,0,0,0
Wise,16,"STATE SENATOR, DISTRICT 30",,REP,Under Votes,69,26,43,0
Wise,16,"STATE REPRESENTATIVE, DISTRICT 61",,REP,PHIL KING,282,100,182,0
Wise,16,"STATE REPRESENTATIVE, DISTRICT 61",,REP,Over Votes,0,0,0,0
Wise,16,"STATE REPRESENTATIVE, DISTRICT 61",,REP,Under Votes,65,29,36,0
Wise,16,"JUSTICE, 2ND COURT OF APPEALS, PLACE 2",,REP,BILL MEIER,263,94,169,0
Wise,16,"JUSTICE, 2ND COURT OF APPEALS, PLACE 2",,REP,Over Votes,0,0,0,0
Wise,16,"JUSTICE, 2ND COURT OF APPEALS, PLACE 2",,REP,Under Votes,84,35,49,0
Wise,16,"JUSTICE, 2ND COURT OF APPEALS, PLACE 7",,REP,LEE GABRIEL,247,91,156,0
Wise,16,"JUSTICE, 2ND COURT OF APPEALS, PLACE 7",,REP,Over Votes,0,0,0,0
Wise,16,"JUSTICE, 2ND COURT OF APPEALS, PLACE 7",,REP,Under Votes,100,38,62,0
Wise,16,"DISTRICT JUDGE, 271ST JUDICIAL DISTRICT",,REP,JOHN H. FOSTEL,268,96,172,0
Wise,16,"DISTRICT JUDGE, 271ST JUDICIAL DISTRICT",,REP,Over Votes,0,0,0,0
Wise,16,"DISTRICT JUDGE, 271ST JUDICIAL DISTRICT",,REP,Under Votes,79,33,46,0
Wise,16,COUNTY JUDGE,,REP,KYLE E. STEPHENS,59,16,43,0
Wise,16,COUNTY JUDGE,,REP,Over Votes,0,0,0,0
Wise,16,COUNTY JUDGE,,REP,Under Votes,47,18,29,0
Wise,16,COUNTY JUDGE,,REP,J.D. CLARK,158,66,92,0
Wise,16,COUNTY JUDGE,,REP,KEITH MCCOMIS,83,29,54,0
Wise,16,"JUDGE,COUNTY COURT AT LAW NUMBER 1",,REP,MELTON D. CUDE,267,94,173,0
Wise,16,"JUDGE,COUNTY COURT AT LAW NUMBER 1",,REP,Over Votes,0,0,0,0
Wise,16,"JUDGE,COUNTY COURT AT LAW NUMBER 1",,REP,Under Votes,80,35,45,0
Wise,16,DISTRICT CLERK,,REP,BRENDA STARNES ROWE,200,74,126,0
Wise,16,DISTRICT CLERK,,REP,Over Votes,0,0,0,0
Wise,16,DISTRICT CLERK,,REP,Under Votes,54,24,30,0
Wise,16,DISTRICT CLERK,,REP,CALLIE WATTS MANNING,93,31,62,0
Wise,16,COUNTY CLERK,,REP,SHERRY COURSEY LEMON,271,98,173,0
Wise,16,COUNTY CLERK,,REP,Over Votes,0,0,0,0
Wise,16,COUNTY CLERK,,REP,Under Votes,76,31,45,0
Wise,16,COUNTY TREASURER,,REP,KATHERINE CANOVA HUDSON,253,92,161,0
Wise,16,COUNTY TREASURER,,REP,Over Votes,0,0,0,0
Wise,16,COUNTY TREASURER,,REP,Under Votes,46,23,23,0
Wise,16,COUNTY TREASURER,,REP,DANIEL E. RIVAS,48,14,34,0
Wise,16,"COUNTY COMMISSIONER, PRECINCT 4",,REP,TERRY ROSS,122,28,94,0
Wise,16,"COUNTY COMMISSIONER, PRECINCT 4",,REP,Over Votes,0,0,0,0
Wise,16,"COUNTY COMMISSIONER, PRECINCT 4",,REP,Under Votes,24,13,11,0
Wise,16,"COUNTY COMMISSIONER, PRECINCT 4",,REP,GAYLORD KENNEDY,146,67,79,0
Wise,16,"COUNTY COMMISSIONER, PRECINCT 4",,REP,DAVID STEWART,55,21,34,0
Wise,16,"JUSTICE OF THE PEACE, PRECINCT 4",,REP,CLAY POYNOR,202,72,130,0
Wise,16,"JUSTICE OF THE PEACE, PRECINCT 4",,REP,Over Votes,0,0,0,0
Wise,16,"JUSTICE OF THE PEACE, PRECINCT 4",,REP,Under Votes,37,17,20,0
Wise,16,"JUSTICE OF THE PEACE, PRECINCT 4",,REP,TERESA MARNEY GRAVES,108,40,68,0
Wise,16,COUNTY CHAIRMAN,,REP,ALLEN L. WILLIAMSON,276,100,176,0
Wise,16,COUNTY CHAIRMAN,,REP,Over Votes,0,0,0,0
Wise,16,COUNTY CHAIRMAN,,REP,Under Votes,71,29,42,0
Wise,16,U.S. Senate D,,DEM,"MICHAEL ""FJET"" FJETLAND",1,0,1,0
Wise,16,U.S. Senate D,,DEM,Over Votes,0,0,0,0
Wise,16,U.S. Senate D,,DEM,Under Votes,3,0,3,0
Wise,16,U.S. Senate D,,DEM,MAXEY MARIE SCHERR,4,4,0,0
Wise,16,U.S. Senate D,,DEM,HARRY KIM,8,5,3,0
Wise,16,U.S. Senate D,,DEM,DAVID M. ALAMEEL,10,7,3,0
Wise,16,U.S. Senate D,,DEM,KESHA ROGERS,8,1,7,0
Wise,16,"U.S. REPRESENTATIVE, DISTRICT 13 D",,DEM,MIKE MINTER,25,15,10,0
Wise,16,"U.S. REPRESENTATIVE, DISTRICT 13 D",,DEM,Over Votes,0,0,0,0
Wise,16,"U.S. REPRESENTATIVE, DISTRICT 13 D",,DEM,Under Votes,9,2,7,0
Wise,16,GOVERNOR D,,DEM,"REYNALDO ""RAY"" MADRIGAL",6,2,4,0
Wise,16,GOVERNOR D,,DEM,Over Votes,0,0,0,0
Wise,16,GOVERNOR D,,DEM,Under Votes,4,1,3,0
Wise,16,GOVERNOR D,,DEM,WENDY R. DAVIS,24,14,10,0
Wise,16,Lieutenant Governor D,,DEM,LETICIA VAN DE PUTTE,25,15,10,0
Wise,16,Lieutenant Governor D,,DEM,Over Votes,0,0,0,0
Wise,16,Lieutenant Governor D,,DEM,Under Votes,9,2,7,0
Wise,16,Attorney General D,,DEM,SAM HOUSTON,28,16,12,0
Wise,16,Attorney General D,,DEM,Over Votes,0,0,0,0
Wise,16,Attorney General D,,DEM,Under Votes,6,1,5,0
Wise,16,Comptroller	of Public Accounts D,,DEM,MIKE COLLIER,27,15,12,0
Wise,16,Comptroller	of Public Accounts D,,DEM,Over Votes,0,0,0,0
Wise,16,Comptroller	of Public Accounts D,,DEM,Under Votes,7,2,5,0
Wise,16,COMMISSIONER OF THE GENERAL LAND OFFICE D,,DEM,JOHN COOK,26,16,10,0
Wise,16,COMMISSIONER OF THE GENERAL LAND OFFICE D,,DEM,Over Votes,0,0,0,0
Wise,16,COMMISSIONER OF THE GENERAL LAND OFFICE D,,DEM,Under Votes,8,1,7,0
Wise,16,Commissioner of Agriculture D,,DEM,JIM HOGAN,14,10,4,0
Wise,16,Commissioner of Agriculture D,,DEM,Over Votes,0,0,0,0
Wise,16,Commissioner of Agriculture D,,DEM,Under Votes,4,0,4,0
Wise,16,Commissioner of Agriculture D,,DEM,"RICHARD ""KINKY"" FRIEDMAN",12,6,6,0
Wise,16,Commissioner of Agriculture D,,DEM,HUGH ASA FITZSIMONS III,4,1,3,0
Wise,16,Railroad Commissioner D,,DEM,STEVE BROWN,15,7,8,0
Wise,16,Railroad Commissioner D,,DEM,Over Votes,0,0,0,0
Wise,16,Railroad Commissioner D,,DEM,Under Votes,8,3,5,0
Wise,16,Railroad Commissioner D,,DEM,DALE HENRY,11,7,4,0
Wise,16,"CHIEF JUSTICE, SUPREME COURT D",,DEM,WILLIAM MOODY,28,16,12,0
Wise,16,"CHIEF JUSTICE, SUPREME COURT D",,DEM,Over Votes,0,0,0,0
Wise,16,"CHIEF JUSTICE, SUPREME COURT D",,DEM,Under Votes,6,1,5,0
Wise,16,"JUSTICE, SUPREME COURT, PLACE 6, UNEXPIRED TERM D",,DEM,LAWRENCE EDWARD MEYERS,27,16,11,0
Wise,16,"JUSTICE, SUPREME COURT, PLACE 6, UNEXPIRED TERM D",,DEM,Over Votes,0,0,0,0
Wise,16,"JUSTICE, SUPREME COURT, PLACE 6, UNEXPIRED TERM D",,DEM,Under Votes,7,1,6,0
Wise,16,"JUSTICE, SUPREME COURT, PLACE 7 D",,DEM,GINA BENAVIDES,26,16,10,0
Wise,16,"JUSTICE, SUPREME COURT, PLACE 7 D",,DEM,Over Votes,0,0,0,0
Wise,16,"JUSTICE, SUPREME COURT, PLACE 7 D",,DEM,Under Votes,8,1,7,0
Wise,16,"JUDGE, COURT OF CRIMINAL APPEALS, PLACE 3 D",,DEM,JOHN GRANBERG,27,16,11,0
Wise,16,"JUDGE, COURT OF CRIMINAL APPEALS, PLACE 3 D",,DEM,Over Votes,0,0,0,0
Wise,16,"JUDGE, COURT OF CRIMINAL APPEALS, PLACE 3 D",,DEM,Under Votes,7,1,6,0
Wise,16,"STATE REPRESENTATIVE, DISTRICT 61 D",,DEM,MATTHEW BRITT,28,16,12,0
Wise,16,"STATE REPRESENTATIVE, DISTRICT 61 D",,DEM,Over Votes,0,0,0,0
Wise,16,"STATE REPRESENTATIVE, DISTRICT 61 D",,DEM,Under Votes,6,1,5,0
Wise,16,COUNTY JUDGE D,,DEM,"JAMES ""JIM"" STEGALL",27,15,12,0
Wise,16,COUNTY JUDGE D,,DEM,Over Votes,0,0,0,0
Wise,16,COUNTY JUDGE D,,DEM,Under Votes,7,2,5,0
Wise,16,"COUNTY COMMISSIONER, PRECINCT 4 D",,DEM,KRISTINA KEMP,25,15,10,0
Wise,16,"COUNTY COMMISSIONER, PRECINCT 4 D",,DEM,Over Votes,0,0,0,0
Wise,16,"COUNTY COMMISSIONER, PRECINCT 4 D",,DEM,Under Votes,9,2,7,0
Wise,16,COUNTY PARTY CHAIR D,,DEM,TRACY A. SMITH,25,15,10,0
Wise,16,COUNTY PARTY CHAIR D,,DEM,Over Votes,0,0,0,0
Wise,16,COUNTY PARTY CHAIR D,,DEM,Under Votes,9,2,7,0
Wise,16,RELIGIOUS FREEDOM,,,YES,325,120,205,0
Wise,16,RELIGIOUS FREEDOM,,,Over Votes,0,0,0,0
Wise,16,RELIGIOUS FREEDOM,,,Under Votes,17,6,11,0
Wise,16,RELIGIOUS FREEDOM,,,NO,5,3,2,0
Wise,16,ON IMMIGRATION REFORM D,,,FOR,27,16,11,0
Wise,16,ON IMMIGRATION REFORM D,,,Over Votes,0,0,0,0
Wise,16,ON IMMIGRATION REFORM D,,,Under Votes,3,1,2,0
Wise,16,ON IMMIGRATION REFORM D,,,AGAINST,4,0,4,0
Wise,16,SECOND AMENDMENT,,,YES,308,114,194,0
Wise,16,SECOND AMENDMENT,,,Over Votes,0,0,0,0
Wise,16,SECOND AMENDMENT,,,Under Votes,19,6,13,0
Wise,16,SECOND AMENDMENT,,,NO,20,9,11,0
Wise,16,A LIVING WAGE FOR ALL TEXANS D,,,FOR,24,15,9,0
Wise,16,A LIVING WAGE FOR ALL TEXANS D,,,Over Votes,0,0,0,0
Wise,16,A LIVING WAGE FOR ALL TEXANS D,,,Under Votes,4,1,3,0
Wise,16,A LIVING WAGE FOR ALL TEXANS D,,,AGAINST,6,1,5,0
Wise,16,FRANCHISE TAX,,,YES,289,111,178,0
Wise,16,FRANCHISE TAX,,,Over Votes,0,0,0,0
Wise,16,FRANCHISE TAX,,,Under Votes,25,7,18,0
Wise,16,FRANCHISE TAX,,,NO,33,11,22,0
Wise,16,MEDICAID EXPANSION D,,,FOR,25,17,8,0
Wise,16,MEDICAID EXPANSION D,,,Over Votes,0,0,0,0
Wise,16,MEDICAID EXPANSION D,,,Under Votes,1,0,1,0
Wise,16,MEDICAID EXPANSION D,,,AGAINST,8,0,8,0
Wise,16,WELFARE REFORM,,,YES,320,121,199,0
Wise,16,WELFARE REFORM,,,Over Votes,0,0,0,0
Wise,16,WELFARE REFORM,,,Under Votes,19,6,13,0
Wise,16,WELFARE REFORM,,,NO,8,2,6,0
Wise,16,ON NON-DISCRIMINATION LEGISLATION D,,,FOR,24,15,9,0
Wise,16,ON NON-DISCRIMINATION LEGISLATION D,,,Over Votes,0,0,0,0
Wise,16,ON NON-DISCRIMINATION LEGISLATION D,,,Under Votes,3,0,3,0
Wise,16,ON NON-DISCRIMINATION LEGISLATION D,,,AGAINST,7,2,5,0
Wise,16,NO LAWMAKER EXCEPTIONS,,,YES,328,122,206,0
Wise,16,NO LAWMAKER EXCEPTIONS,,,Over Votes,1,1,0,0
Wise,16,NO LAWMAKER EXCEPTIONS,,,Under Votes,17,6,11,0
Wise,16,NO LAWMAKER EXCEPTIONS,,,NO,1,0,1,0
Wise,16,OBAMACARE,,,YES,312,116,196,0
Wise,16,OBAMACARE,,,Over Votes,0,0,0,0
Wise,16,OBAMACARE,,,Under Votes,16,5,11,0
Wise,16,OBAMACARE,,,NO,19,8,11,0
Wise,17,U.S. Senate,,REP,JOHN CORNYN,256,104,152,0
Wise,17,U.S. Senate,,REP,Over Votes,0,0,0,0
Wise,17,U.S. Senate,,REP,Under Votes,17,3,14,0
Wise,17,U.S. Senate,,REP,REID REASOR,11,6,5,0
Wise,17,U.S. Senate,,REP,STEVE STOCKMAN,80,29,51,0
Wise,17,U.S. Senate,,REP,CURT CLEAVER,2,1,1,0
Wise,17,U.S. Senate,,REP,LINDA VEGA,17,6,11,0
Wise,17,U.S. Senate,,REP,KEN COPE,6,2,4,0
Wise,17,U.S. Senate,,REP,DWAYNE STOVALL,48,15,33,0
Wise,17,U.S. Senate,,REP,CHRIS MAPP,5,1,4,0
Wise,17,"U.S. REPRESENTATIVE, DISTRICT 13",,REP,ELAINE HAYS,113,41,72,0
Wise,17,"U.S. REPRESENTATIVE, DISTRICT 13",,REP,Over Votes,0,0,0,0
Wise,17,"U.S. REPRESENTATIVE, DISTRICT 13",,REP,Under Votes,35,10,25,0
Wise,17,"U.S. REPRESENTATIVE, DISTRICT 13",,REP,PAM BARLOW,94,34,60,0
Wise,17,"U.S. REPRESENTATIVE, DISTRICT 13",,REP,MAC THORNBERRY,200,82,118,0
Wise,17,GOVERNOR,,REP,MIRIAM MARTINEZ,11,4,7,0
Wise,17,GOVERNOR,,REP,Over Votes,0,0,0,0
Wise,17,GOVERNOR,,REP,Under Votes,18,4,14,0
Wise,17,GOVERNOR,,REP,GREG ABBOTT,389,152,237,0
Wise,17,GOVERNOR,,REP,LISA FRITSCH,19,6,13,0
Wise,17,GOVERNOR,,REP,SECEDE KILGORE,5,1,4,0
Wise,17,Lieutenant Governor,,REP,DAN PATRICK,188,68,120,0
Wise,17,Lieutenant Governor,,REP,Over Votes,0,0,0,0
Wise,17,Lieutenant Governor,,REP,Under Votes,10,2,8,0
Wise,17,Lieutenant Governor,,REP,JERRY PATTERSON,30,12,18,0
Wise,17,Lieutenant Governor,,REP,TODD STAPLES,103,48,55,0
Wise,17,Lieutenant Governor,,REP,DAVID DEWHURST,111,37,74,0
Wise,17,Attorney General,,REP,DAN BRANCH,160,65,95,0
Wise,17,Attorney General,,REP,Over Votes,0,0,0,0
Wise,17,Attorney General,,REP,Under Votes,23,5,18,0
Wise,17,Attorney General,,REP,KEN PAXTON,215,75,140,0
Wise,17,Attorney General,,REP,BARRY SMITHERMAN,44,22,22,0
Wise,17,Comptroller	of Public Accounts,,REP,RAUL TORRES,44,15,29,0
Wise,17,Comptroller	of Public Accounts,,REP,Over Votes,0,0,0,0
Wise,17,Comptroller	of Public Accounts,,REP,Under Votes,41,11,30,0
Wise,17,Comptroller	of Public Accounts,,REP,GLEN HEGAR,206,72,134,0
Wise,17,Comptroller	of Public Accounts,,REP,HARVEY HILDERBRAN,67,33,34,0
Wise,17,Comptroller	of Public Accounts,,REP,DEBRA MEDINA,84,36,48,0
Wise,17,COMMISSIONER OF THE GENERAL LAND OFFICE,,REP,DAVID WATTS,171,54,117,0
Wise,17,COMMISSIONER OF THE GENERAL LAND OFFICE,,REP,Over Votes,0,0,0,0
Wise,17,COMMISSIONER OF THE GENERAL LAND OFFICE,,REP,Under Votes,15,2,13,0
Wise,17,COMMISSIONER OF THE GENERAL LAND OFFICE,,REP,GEORGE P. BUSH,256,111,145,0
Wise,17,Commissioner of Agriculture,,REP,J. ALLEN CARNES,61,30,31,0
Wise,17,Commissioner of Agriculture,,REP,Over Votes,0,0,0,0
Wise,17,Commissioner of Agriculture,,REP,Under Votes,40,8,32,0
Wise,17,Commissioner of Agriculture,,REP,TOMMY MERRITT,57,29,28,0
Wise,17,Commissioner of Agriculture,,REP,SID MILLER,116,57,59,0
Wise,17,Commissioner of Agriculture,,REP,ERIC OPIELA,116,23,93,0
Wise,17,Commissioner of Agriculture,,REP,JOE COTTEN,52,20,32,0
Wise,17,Railroad Commissioner,,REP,WAYNE CHRISTIAN,229,85,144,0
Wise,17,Railroad Commissioner,,REP,Over Votes,0,0,0,0
Wise,17,Railroad Commissioner,,REP,Under Votes,45,9,36,0
Wise,17,Railroad Commissioner,,REP,RYAN SITTON,87,45,42,0
Wise,17,Railroad Commissioner,,REP,MALACHI BOYULS,12,2,10,0
Wise,17,Railroad Commissioner,,REP,BECKY BERGER,69,26,43,0
Wise,17,"CHIEF JUSTICE, SUPREME COURT",,REP,NATHAN HECHT,234,80,154,0
Wise,17,"CHIEF JUSTICE, SUPREME COURT",,REP,Over Votes,0,0,0,0
Wise,17,"CHIEF JUSTICE, SUPREME COURT",,REP,Under Votes,47,9,38,0
Wise,17,"CHIEF JUSTICE, SUPREME COURT",,REP,ROBERT TALTON,161,78,83,0
Wise,17,"JUSTICE, SUPREME COURT, PLACE 6, UNEXPIRED TERM",,REP,JEFF BROWN,289,124,165,0
Wise,17,"JUSTICE, SUPREME COURT, PLACE 6, UNEXPIRED TERM",,REP,Over Votes,0,0,0,0
Wise,17,"JUSTICE, SUPREME COURT, PLACE 6, UNEXPIRED TERM",,REP,Under Votes,49,11,38,0
Wise,17,"JUSTICE, SUPREME COURT, PLACE 6, UNEXPIRED TERM",,REP,JOE POOL,104,32,72,0
Wise,17,"JUSTICE, SUPREME COURT, PLACE 7",,REP,JEFF BOYD,368,145,223,0
Wise,17,"JUSTICE, SUPREME COURT, PLACE 7",,REP,Over Votes,0,0,0,0
Wise,17,"JUSTICE, SUPREME COURT, PLACE 7",,REP,Under Votes,74,22,52,0
Wise,17,"JUSTICE, SUPREME COURT, PLACE 8",,REP,SHARON MCCALLY,144,61,83,0
Wise,17,"JUSTICE, SUPREME COURT, PLACE 8",,REP,Over Votes,0,0,0,0
Wise,17,"JUSTICE, SUPREME COURT, PLACE 8",,REP,Under Votes,49,11,38,0
Wise,17,"JUSTICE, SUPREME COURT, PLACE 8",,REP,PHIL JOHNSON,249,95,154,0
Wise,17,"JUDGE, COURT OF CRIMINAL APPEALS, PLACE 3",,REP,BERT RICHARDSON,253,101,152,0
Wise,17,"JUDGE, COURT OF CRIMINAL APPEALS, PLACE 3",,REP,Over Votes,0,0,0,0
Wise,17,"JUDGE, COURT OF CRIMINAL APPEALS, PLACE 3",,REP,Under Votes,69,18,51,0
Wise,17,"JUDGE, COURT OF CRIMINAL APPEALS, PLACE 3",,REP,BARBARA WALTHER,120,48,72,0
Wise,17,"JUDGE, COURT OF CRIMINAL APPEALS, PLACE 4",,REP,JANI JO WOOD,77,29,48,0
Wise,17,"JUDGE, COURT OF CRIMINAL APPEALS, PLACE 4",,REP,Over Votes,0,0,0,0
Wise,17,"JUDGE, COURT OF CRIMINAL APPEALS, PLACE 4",,REP,Under Votes,65,17,48,0
Wise,17,"JUDGE, COURT OF CRIMINAL APPEALS, PLACE 4",,REP,RICHARD DEAN DAVIS,140,59,81,0
Wise,17,"JUDGE, COURT OF CRIMINAL APPEALS, PLACE 4",,REP,KEVIN PATRICK YEARY,160,62,98,0
Wise,17,"JUDGE, COURT OF CRIMINAL APPEALS, PLACE 9",,REP,"W.C. ""BUD"" KIRKENDALL",218,88,130,0
Wise,17,"JUDGE, COURT OF CRIMINAL APPEALS, PLACE 9",,REP,Over Votes,0,0,0,0
Wise,17,"JUDGE, COURT OF CRIMINAL APPEALS, PLACE 9",,REP,Under Votes,63,18,45,0
Wise,17,"JUDGE, COURT OF CRIMINAL APPEALS, PLACE 9",,REP,DAVID NEWELL,161,61,100,0
Wise,17,"STATE SENATOR, DISTRICT 30",,REP,CRAIG ESTES,374,146,228,0
Wise,17,"STATE SENATOR, DISTRICT 30",,REP,Over Votes,0,0,0,0
Wise,17,"STATE SENATOR, DISTRICT 30",,REP,Under Votes,68,21,47,0
Wise,17,"STATE REPRESENTATIVE, DISTRICT 61",,REP,PHIL KING,385,147,238,0
Wise,17,"STATE REPRESENTATIVE, DISTRICT 61",,REP,Over Votes,0,0,0,0
Wise,17,"STATE REPRESENTATIVE, DISTRICT 61",,REP,Under Votes,57,20,37,0
Wise,17,"JUSTICE, 2ND COURT OF APPEALS, PLACE 2",,REP,BILL MEIER,364,143,221,0
Wise,17,"JUSTICE, 2ND COURT OF APPEALS, PLACE 2",,REP,Over Votes,0,0,0,0
Wise,17,"JUSTICE, 2ND COURT OF APPEALS, PLACE 2",,REP,Under Votes,78,24,54,0
Wise,17,"JUSTICE, 2ND COURT OF APPEALS, PLACE 7",,REP,LEE GABRIEL,348,139,209,0
Wise,17,"JUSTICE, 2ND COURT OF APPEALS, PLACE 7",,REP,Over Votes,0,0,0,0
Wise,17,"JUSTICE, 2ND COURT OF APPEALS, PLACE 7",,REP,Under Votes,94,28,66,0
Wise,17,"DISTRICT JUDGE, 271ST JUDICIAL DISTRICT",,REP,JOHN H. FOSTEL,377,155,222,0
Wise,17,"DISTRICT JUDGE, 271ST JUDICIAL DISTRICT",,REP,Over Votes,0,0,0,0
Wise,17,"DISTRICT JUDGE, 271ST JUDICIAL DISTRICT",,REP,Under Votes,65,12,53,0
Wise,17,COUNTY JUDGE,,REP,KYLE E. STEPHENS,94,43,51,0
Wise,17,COUNTY JUDGE,,REP,Over Votes,1,1,0,0
Wise,17,COUNTY JUDGE,,REP,Under Votes,34,9,25,0
Wise,17,COUNTY JUDGE,,REP,J.D. CLARK,191,75,116,0
Wise,17,COUNTY JUDGE,,REP,KEITH MCCOMIS,122,39,83,0
Wise,17,"JUDGE,COUNTY COURT AT LAW NUMBER 1",,REP,MELTON D. CUDE,371,147,224,0
Wise,17,"JUDGE,COUNTY COURT AT LAW NUMBER 1",,REP,Over Votes,0,0,0,0
Wise,17,"JUDGE,COUNTY COURT AT LAW NUMBER 1",,REP,Under Votes,71,20,51,0
Wise,17,DISTRICT CLERK,,REP,BRENDA STARNES ROWE,275,105,170,0
Wise,17,DISTRICT CLERK,,REP,Over Votes,0,0,0,0
Wise,17,DISTRICT CLERK,,REP,Under Votes,41,9,32,0
Wise,17,DISTRICT CLERK,,REP,CALLIE WATTS MANNING,126,53,73,0
Wise,17,COUNTY CLERK,,REP,SHERRY COURSEY LEMON,385,152,233,0
Wise,17,COUNTY CLERK,,REP,Over Votes,0,0,0,0
Wise,17,COUNTY CLERK,,REP,Under Votes,57,15,42,0
Wise,17,COUNTY TREASURER,,REP,KATHERINE CANOVA HUDSON,320,130,190,0
Wise,17,COUNTY TREASURER,,REP,Over Votes,0,0,0,0
Wise,17,COUNTY TREASURER,,REP,Under Votes,38,5,33,0
Wise,17,COUNTY TREASURER,,REP,DANIEL E. RIVAS,84,32,52,0
Wise,17,"COUNTY COMMISSIONER, PRECINCT 4",,REP,TERRY ROSS,88,33,55,0
Wise,17,"COUNTY COMMISSIONER, PRECINCT 4",,REP,Over Votes,0,0,0,0
Wise,17,"COUNTY COMMISSIONER, PRECINCT 4",,REP,Under Votes,20,5,15,0
Wise,17,"COUNTY COMMISSIONER, PRECINCT 4",,REP,GAYLORD KENNEDY,218,87,131,0
Wise,17,"COUNTY COMMISSIONER, PRECINCT 4",,REP,DAVID STEWART,116,42,74,0
Wise,17,"JUSTICE OF THE PEACE, PRECINCT 4",,REP,CLAY POYNOR,284,111,173,0
Wise,17,"JUSTICE OF THE PEACE, PRECINCT 4",,REP,Over Votes,0,0,0,0
Wise,17,"JUSTICE OF THE PEACE, PRECINCT 4",,REP,Under Votes,23,4,19,0
Wise,17,"JUSTICE OF THE PEACE, PRECINCT 4",,REP,TERESA MARNEY GRAVES,135,52,83,0
Wise,17,COUNTY CHAIRMAN,,REP,ALLEN L. WILLIAMSON,381,149,232,0
Wise,17,COUNTY CHAIRMAN,,REP,Over Votes,0,0,0,0
Wise,17,COUNTY CHAIRMAN,,REP,Under Votes,61,18,43,0
Wise,17,U.S. Senate D,,DEM,"MICHAEL ""FJET"" FJETLAND",5,4,1,0
Wise,17,U.S. Senate D,,DEM,Over Votes,0,0,0,0
Wise,17,U.S. Senate D,,DEM,Under Votes,6,4,2,0
Wise,17,U.S. Senate D,,DEM,MAXEY MARIE SCHERR,9,6,3,0
Wise,17,U.S. Senate D,,DEM,HARRY KIM,5,3,2,0
Wise,17,U.S. Senate D,,DEM,DAVID M. ALAMEEL,20,12,8,0
Wise,17,U.S. Senate D,,DEM,KESHA ROGERS,9,4,5,0
Wise,17,"U.S. REPRESENTATIVE, DISTRICT 13 D",,DEM,MIKE MINTER,49,30,19,0
Wise,17,"U.S. REPRESENTATIVE, DISTRICT 13 D",,DEM,Over Votes,0,0,0,0
Wise,17,"U.S. REPRESENTATIVE, DISTRICT 13 D",,DEM,Under Votes,5,3,2,0
Wise,17,GOVERNOR D,,DEM,"REYNALDO ""RAY"" MADRIGAL",4,3,1,0
Wise,17,GOVERNOR D,,DEM,Over Votes,0,0,0,0
Wise,17,GOVERNOR D,,DEM,Under Votes,2,0,2,0
Wise,17,GOVERNOR D,,DEM,WENDY R. DAVIS,48,30,18,0
Wise,17,Lieutenant Governor D,,DEM,LETICIA VAN DE PUTTE,45,28,17,0
Wise,17,Lieutenant Governor D,,DEM,Over Votes,0,0,0,0
Wise,17,Lieutenant Governor D,,DEM,Under Votes,9,5,4,0
Wise,17,Attorney General D,,DEM,SAM HOUSTON,49,30,19,0
Wise,17,Attorney General D,,DEM,Over Votes,0,0,0,0
Wise,17,Attorney General D,,DEM,Under Votes,5,3,2,0
Wise,17,Comptroller	of Public Accounts D,,DEM,MIKE COLLIER,49,31,18,0
Wise,17,Comptroller	of Public Accounts D,,DEM,Over Votes,0,0,0,0
Wise,17,Comptroller	of Public Accounts D,,DEM,Under Votes,5,2,3,0
Wise,17,COMMISSIONER OF THE GENERAL LAND OFFICE D,,DEM,JOHN COOK,48,30,18,0
Wise,17,COMMISSIONER OF THE GENERAL LAND OFFICE D,,DEM,Over Votes,0,0,0,0
Wise,17,COMMISSIONER OF THE GENERAL LAND OFFICE D,,DEM,Under Votes,6,3,3,0
Wise,17,Commissioner of Agriculture D,,DEM,JIM HOGAN,22,18,4,0
Wise,17,Commissioner of Agriculture D,,DEM,Over Votes,0,0,0,0
Wise,17,Commissioner of Agriculture D,,DEM,Under Votes,3,1,2,0
Wise,17,Commissioner of Agriculture D,,DEM,"RICHARD ""KINKY"" FRIEDMAN",25,13,12,0
Wise,17,Commissioner of Agriculture D,,DEM,HUGH ASA FITZSIMONS III,4,1,3,0
Wise,17,Railroad Commissioner D,,DEM,STEVE BROWN,24,14,10,0
Wise,17,Railroad Commissioner D,,DEM,Over Votes,0,0,0,0
Wise,17,Railroad Commissioner D,,DEM,Under Votes,5,2,3,0
Wise,17,Railroad Commissioner D,,DEM,DALE HENRY,25,17,8,0
Wise,17,"CHIEF JUSTICE, SUPREME COURT D",,DEM,WILLIAM MOODY,47,29,18,0
Wise,17,"CHIEF JUSTICE, SUPREME COURT D",,DEM,Over Votes,0,0,0,0
Wise,17,"CHIEF JUSTICE, SUPREME COURT D",,DEM,Under Votes,7,4,3,0
Wise,17,"JUSTICE, SUPREME COURT, PLACE 6, UNEXPIRED TERM D",,DEM,LAWRENCE EDWARD MEYERS,49,31,18,0
Wise,17,"JUSTICE, SUPREME COURT, PLACE 6, UNEXPIRED TERM D",,DEM,Over Votes,0,0,0,0
Wise,17,"JUSTICE, SUPREME COURT, PLACE 6, UNEXPIRED TERM D",,DEM,Under Votes,5,2,3,0
Wise,17,"JUSTICE, SUPREME COURT, PLACE 7 D",,DEM,GINA BENAVIDES,46,29,17,0
Wise,17,"JUSTICE, SUPREME COURT, PLACE 7 D",,DEM,Over Votes,0,0,0,0
Wise,17,"JUSTICE, SUPREME COURT, PLACE 7 D",,DEM,Under Votes,8,4,4,0
Wise,17,"JUDGE, COURT OF CRIMINAL APPEALS, PLACE 3 D",,DEM,JOHN GRANBERG,49,31,18,0
Wise,17,"JUDGE, COURT OF CRIMINAL APPEALS, PLACE 3 D",,DEM,Over Votes,0,0,0,0
Wise,17,"JUDGE, COURT OF CRIMINAL APPEALS, PLACE 3 D",,DEM,Under Votes,5,2,3,0
Wise,17,"STATE REPRESENTATIVE, DISTRICT 61 D",,DEM,MATTHEW BRITT,49,31,18,0
Wise,17,"STATE REPRESENTATIVE, DISTRICT 61 D",,DEM,Over Votes,0,0,0,0
Wise,17,"STATE REPRESENTATIVE, DISTRICT 61 D",,DEM,Under Votes,5,2,3,0
Wise,17,COUNTY JUDGE D,,DEM,"JAMES ""JIM"" STEGALL",48,30,18,0
Wise,17,COUNTY JUDGE D,,DEM,Over Votes,0,0,0,0
Wise,17,COUNTY JUDGE D,,DEM,Under Votes,6,3,3,0
Wise,17,"COUNTY COMMISSIONER, PRECINCT 4 D",,DEM,KRISTINA KEMP,49,31,18,0
Wise,17,"COUNTY COMMISSIONER, PRECINCT 4 D",,DEM,Over Votes,0,0,0,0
Wise,17,"COUNTY COMMISSIONER, PRECINCT 4 D",,DEM,Under Votes,5,2,3,0
Wise,17,COUNTY PARTY CHAIR D,,DEM,TRACY A. SMITH,51,31,20,0
Wise,17,COUNTY PARTY CHAIR D,,DEM,Over Votes,0,0,0,0
Wise,17,COUNTY PARTY CHAIR D,,DEM,Under Votes,3,2,1,0
Wise,17,RELIGIOUS FREEDOM,,,YES,430,162,268,0
Wise,17,RELIGIOUS FREEDOM,,,Over Votes,0,0,0,0
Wise,17,RELIGIOUS FREEDOM,,,Under Votes,9,4,5,0
Wise,17,RELIGIOUS FREEDOM,,,NO,3,1,2,0
Wise,17,ON IMMIGRATION REFORM D,,,FOR,43,29,14,0
Wise,17,ON IMMIGRATION REFORM D,,,Over Votes,0,0,0,0
Wise,17,ON IMMIGRATION REFORM D,,,Under Votes,0,0,0,0
Wise,17,ON IMMIGRATION REFORM D,,,AGAINST,11,4,7,0
Wise,17,SECOND AMENDMENT,,,YES,404,148,256,0
Wise,17,SECOND AMENDMENT,,,Over Votes,0,0,0,0
Wise,17,SECOND AMENDMENT,,,Under Votes,8,3,5,0
Wise,17,SECOND AMENDMENT,,,NO,30,16,14,0
Wise,17,A LIVING WAGE FOR ALL TEXANS D,,,FOR,46,28,18,0
Wise,17,A LIVING WAGE FOR ALL TEXANS D,,,Over Votes,0,0,0,0
Wise,17,A LIVING WAGE FOR ALL TEXANS D,,,Under Votes,0,0,0,0
Wise,17,A LIVING WAGE FOR ALL TEXANS D,,,AGAINST,8,5,3,0
Wise,17,FRANCHISE TAX,,,YES,373,141,232,0
Wise,17,FRANCHISE TAX,,,Over Votes,0,0,0,0
Wise,17,FRANCHISE TAX,,,Under Votes,22,5,17,0
Wise,17,FRANCHISE TAX,,,NO,47,21,26,0
Wise,17,MEDICAID EXPANSION D,,,FOR,45,28,17,0
Wise,17,MEDICAID EXPANSION D,,,Over Votes,0,0,0,0
Wise,17,MEDICAID EXPANSION D,,,Under Votes,1,0,1,0
Wise,17,MEDICAID EXPANSION D,,,AGAINST,8,5,3,0
Wise,17,WELFARE REFORM,,,YES,421,160,261,0
Wise,17,WELFARE REFORM,,,Over Votes,0,0,0,0
Wise,17,WELFARE REFORM,,,Under Votes,8,2,6,0
Wise,17,WELFARE REFORM,,,NO,13,5,8,0
Wise,17,ON NON-DISCRIMINATION LEGISLATION D,,,FOR,50,32,18,0
Wise,17,ON NON-DISCRIMINATION LEGISLATION D,,,Over Votes,0,0,0,0
Wise,17,ON NON-DISCRIMINATION LEGISLATION D,,,Under Votes,1,0,1,0
Wise,17,ON NON-DISCRIMINATION LEGISLATION D,,,AGAINST,3,1,2,0
Wise,17,NO LAWMAKER EXCEPTIONS,,,YES,431,164,267,0
Wise,17,NO LAWMAKER EXCEPTIONS,,,Over Votes,0,0,0,0
Wise,17,NO LAWMAKER EXCEPTIONS,,,Under Votes,9,3,6,0
Wise,17,NO LAWMAKER EXCEPTIONS,,,NO,2,0,2,0
Wise,17,OBAMACARE,,,YES,419,156,263,0
Wise,17,OBAMACARE,,,Over Votes,0,0,0,0
Wise,17,OBAMACARE,,,Under Votes,6,2,4,0
Wise,17,OBAMACARE,,,NO,17,9,8,0
Wise,18,U.S. Senate,,REP,JOHN CORNYN,97,43,54,0
Wise,18,U.S. Senate,,REP,Over Votes,1,1,0,0
Wise,18,U.S. Senate,,REP,Under Votes,6,2,4,0
Wise,18,U.S. Senate,,REP,REID REASOR,6,3,3,0
Wise,18,U.S. Senate,,REP,STEVE STOCKMAN,18,7,11,0
Wise,18,U.S. Senate,,REP,CURT CLEAVER,1,1,0,0
Wise,18,U.S. Senate,,REP,LINDA VEGA,3,2,1,0
Wise,18,U.S. Senate,,REP,KEN COPE,2,1,1,0
Wise,18,U.S. Senate,,REP,DWAYNE STOVALL,9,6,3,0
Wise,18,U.S. Senate,,REP,CHRIS MAPP,0,0,0,0
Wise,18,"U.S. REPRESENTATIVE, DISTRICT 13",,REP,ELAINE HAYS,57,31,26,0
Wise,18,"U.S. REPRESENTATIVE, DISTRICT 13",,REP,Over Votes,0,0,0,0
Wise,18,"U.S. REPRESENTATIVE, DISTRICT 13",,REP,Under Votes,10,4,6,0
Wise,18,"U.S. REPRESENTATIVE, DISTRICT 13",,REP,PAM BARLOW,17,4,13,0
Wise,18,"U.S. REPRESENTATIVE, DISTRICT 13",,REP,MAC THORNBERRY,59,27,32,0
Wise,18,GOVERNOR,,REP,MIRIAM MARTINEZ,5,2,3,0
Wise,18,GOVERNOR,,REP,Over Votes,0,0,0,0
Wise,18,GOVERNOR,,REP,Under Votes,6,1,5,0
Wise,18,GOVERNOR,,REP,GREG ABBOTT,127,60,67,0
Wise,18,GOVERNOR,,REP,LISA FRITSCH,3,1,2,0
Wise,18,GOVERNOR,,REP,SECEDE KILGORE,2,2,0,0
Wise,18,Lieutenant Governor,,REP,DAN PATRICK,64,29,35,0
Wise,18,Lieutenant Governor,,REP,Over Votes,0,0,0,0
Wise,18,Lieutenant Governor,,REP,Under Votes,5,2,3,0
Wise,18,Lieutenant Governor,,REP,JERRY PATTERSON,13,4,9,0
Wise,18,Lieutenant Governor,,REP,TODD STAPLES,26,16,10,0
Wise,18,Lieutenant Governor,,REP,DAVID DEWHURST,35,15,20,0
Wise,18,Attorney General,,REP,DAN BRANCH,53,26,27,0
Wise,18,Attorney General,,REP,Over Votes,0,0,0,0
Wise,18,Attorney General,,REP,Under Votes,12,6,6,0
Wise,18,Attorney General,,REP,KEN PAXTON,58,27,31,0
Wise,18,Attorney General,,REP,BARRY SMITHERMAN,20,7,13,0
Wise,18,Comptroller	of Public Accounts,,REP,RAUL TORRES,10,3,7,0
Wise,18,Comptroller	of Public Accounts,,REP,Over Votes,0,0,0,0
Wise,18,Comptroller	of Public Accounts,,REP,Under Votes,18,10,8,0
Wise,18,Comptroller	of Public Accounts,,REP,GLEN HEGAR,62,30,32,0
Wise,18,Comptroller	of Public Accounts,,REP,HARVEY HILDERBRAN,28,10,18,0
Wise,18,Comptroller	of Public Accounts,,REP,DEBRA MEDINA,25,13,12,0
Wise,18,COMMISSIONER OF THE GENERAL LAND OFFICE,,REP,DAVID WATTS,28,18,10,0
Wise,18,COMMISSIONER OF THE GENERAL LAND OFFICE,,REP,Over Votes,0,0,0,0
Wise,18,COMMISSIONER OF THE GENERAL LAND OFFICE,,REP,Under Votes,10,6,4,0
Wise,18,COMMISSIONER OF THE GENERAL LAND OFFICE,,REP,GEORGE P. BUSH,105,42,63,0
Wise,18,Commissioner of Agriculture,,REP,J. ALLEN CARNES,22,12,10,0
Wise,18,Commissioner of Agriculture,,REP,Over Votes,0,0,0,0
Wise,18,Commissioner of Agriculture,,REP,Under Votes,18,10,8,0
Wise,18,Commissioner of Agriculture,,REP,TOMMY MERRITT,24,11,13,0
Wise,18,Commissioner of Agriculture,,REP,SID MILLER,28,12,16,0
Wise,18,Commissioner of Agriculture,,REP,ERIC OPIELA,37,11,26,0
Wise,18,Commissioner of Agriculture,,REP,JOE COTTEN,14,10,4,0
Wise,18,Railroad Commissioner,,REP,WAYNE CHRISTIAN,54,25,29,0
Wise,18,Railroad Commissioner,,REP,Over Votes,0,0,0,0
Wise,18,Railroad Commissioner,,REP,Under Votes,30,14,16,0
Wise,18,Railroad Commissioner,,REP,RYAN SITTON,30,14,16,0
Wise,18,Railroad Commissioner,,REP,MALACHI BOYULS,6,3,3,0
Wise,18,Railroad Commissioner,,REP,BECKY BERGER,23,10,13,0
Wise,18,"CHIEF JUSTICE, SUPREME COURT",,REP,NATHAN HECHT,59,25,34,0
Wise,18,"CHIEF JUSTICE, SUPREME COURT",,REP,Over Votes,0,0,0,0
Wise,18,"CHIEF JUSTICE, SUPREME COURT",,REP,Under Votes,26,12,14,0
Wise,18,"CHIEF JUSTICE, SUPREME COURT",,REP,ROBERT TALTON,58,29,29,0
Wise,18,"JUSTICE, SUPREME COURT, PLACE 6, UNEXPIRED TERM",,REP,JEFF BROWN,82,37,45,0
Wise,18,"JUSTICE, SUPREME COURT, PLACE 6, UNEXPIRED TERM",,REP,Over Votes,0,0,0,0
Wise,18,"JUSTICE, SUPREME COURT, PLACE 6, UNEXPIRED TERM",,REP,Under Votes,22,10,12,0
Wise,18,"JUSTICE, SUPREME COURT, PLACE 6, UNEXPIRED TERM",,REP,JOE POOL,39,19,20,0
Wise,18,"JUSTICE, SUPREME COURT, PLACE 7",,REP,JEFF BOYD,119,55,64,0
Wise,18,"JUSTICE, SUPREME COURT, PLACE 7",,REP,Over Votes,0,0,0,0
Wise,18,"JUSTICE, SUPREME COURT, PLACE 7",,REP,Under Votes,24,11,13,0
Wise,18,"JUSTICE, SUPREME COURT, PLACE 8",,REP,SHARON MCCALLY,47,25,22,0
Wise,18,"JUSTICE, SUPREME COURT, PLACE 8",,REP,Over Votes,0,0,0,0
Wise,18,"JUSTICE, SUPREME COURT, PLACE 8",,REP,Under Votes,22,8,14,0
Wise,18,"JUSTICE, SUPREME COURT, PLACE 8",,REP,PHIL JOHNSON,74,33,41,0
Wise,18,"JUDGE, COURT OF CRIMINAL APPEALS, PLACE 3",,REP,BERT RICHARDSON,78,37,41,0
Wise,18,"JUDGE, COURT OF CRIMINAL APPEALS, PLACE 3",,REP,Over Votes,0,0,0,0
Wise,18,"JUDGE, COURT OF CRIMINAL APPEALS, PLACE 3",,REP,Under Votes,28,13,15,0
Wise,18,"JUDGE, COURT OF CRIMINAL APPEALS, PLACE 3",,REP,BARBARA WALTHER,37,16,21,0
Wise,18,"JUDGE, COURT OF CRIMINAL APPEALS, PLACE 4",,REP,JANI JO WOOD,25,12,13,0
Wise,18,"JUDGE, COURT OF CRIMINAL APPEALS, PLACE 4",,REP,Over Votes,0,0,0,0
Wise,18,"JUDGE, COURT OF CRIMINAL APPEALS, PLACE 4",,REP,Under Votes,31,15,16,0
Wise,18,"JUDGE, COURT OF CRIMINAL APPEALS, PLACE 4",,REP,RICHARD DEAN DAVIS,44,21,23,0
Wise,18,"JUDGE, COURT OF CRIMINAL APPEALS, PLACE 4",,REP,KEVIN PATRICK YEARY,43,18,25,0
Wise,18,"JUDGE, COURT OF CRIMINAL APPEALS, PLACE 9",,REP,"W.C. ""BUD"" KIRKENDALL",77,38,39,0
Wise,18,"JUDGE, COURT OF CRIMINAL APPEALS, PLACE 9",,REP,Over Votes,0,0,0,0
Wise,18,"JUDGE, COURT OF CRIMINAL APPEALS, PLACE 9",,REP,Under Votes,31,14,17,0
Wise,18,"JUDGE, COURT OF CRIMINAL APPEALS, PLACE 9",,REP,DAVID NEWELL,35,14,21,0
Wise,18,"STATE SENATOR, DISTRICT 30",,REP,CRAIG ESTES,123,55,68,0
Wise,18,"STATE SENATOR, DISTRICT 30",,REP,Over Votes,0,0,0,0
Wise,18,"STATE SENATOR, DISTRICT 30",,REP,Under Votes,20,11,9,0
Wise,18,"STATE REPRESENTATIVE, DISTRICT 61",,REP,PHIL KING,127,58,69,0
Wise,18,"STATE REPRESENTATIVE, DISTRICT 61",,REP,Over Votes,0,0,0,0
Wise,18,"STATE REPRESENTATIVE, DISTRICT 61",,REP,Under Votes,16,8,8,0
Wise,18,"JUSTICE, 2ND COURT OF APPEALS, PLACE 2",,REP,BILL MEIER,117,55,62,0
Wise,18,"JUSTICE, 2ND COURT OF APPEALS, PLACE 2",,REP,Over Votes,0,0,0,0
Wise,18,"JUSTICE, 2ND COURT OF APPEALS, PLACE 2",,REP,Under Votes,26,11,15,0
Wise,18,"JUSTICE, 2ND COURT OF APPEALS, PLACE 7",,REP,LEE GABRIEL,114,51,63,0
Wise,18,"JUSTICE, 2ND COURT OF APPEALS, PLACE 7",,REP,Over Votes,0,0,0,0
Wise,18,"JUSTICE, 2ND COURT OF APPEALS, PLACE 7",,REP,Under Votes,29,15,14,0
Wise,18,"DISTRICT JUDGE, 271ST JUDICIAL DISTRICT",,REP,JOHN H. FOSTEL,125,57,68,0
Wise,18,"DISTRICT JUDGE, 271ST JUDICIAL DISTRICT",,REP,Over Votes,0,0,0,0
Wise,18,"DISTRICT JUDGE, 271ST JUDICIAL DISTRICT",,REP,Under Votes,18,9,9,0
Wise,18,COUNTY JUDGE,,REP,KYLE E. STEPHENS,17,5,12,0
Wise,18,COUNTY JUDGE,,REP,Over Votes,0,0,0,0
Wise,18,COUNTY JUDGE,,REP,Under Votes,7,1,6,0
Wise,18,COUNTY JUDGE,,REP,J.D. CLARK,72,42,30,0
Wise,18,COUNTY JUDGE,,REP,KEITH MCCOMIS,47,18,29,0
Wise,18,"JUDGE,COUNTY COURT AT LAW NUMBER 1",,REP,MELTON D. CUDE,127,59,68,0
Wise,18,"JUDGE,COUNTY COURT AT LAW NUMBER 1",,REP,Over Votes,0,0,0,0
Wise,18,"JUDGE,COUNTY COURT AT LAW NUMBER 1",,REP,Under Votes,16,7,9,0
Wise,18,DISTRICT CLERK,,REP,BRENDA STARNES ROWE,71,38,33,0
Wise,18,DISTRICT CLERK,,REP,Over Votes,0,0,0,0
Wise,18,DISTRICT CLERK,,REP,Under Votes,12,2,10,0
Wise,18,DISTRICT CLERK,,REP,CALLIE WATTS MANNING,60,26,34,0
Wise,18,COUNTY CLERK,,REP,SHERRY COURSEY LEMON,132,62,70,0
Wise,18,COUNTY CLERK,,REP,Over Votes,0,0,0,0
Wise,18,COUNTY CLERK,,REP,Under Votes,11,4,7,0
Wise,18,COUNTY TREASURER,,REP,KATHERINE CANOVA HUDSON,112,54,58,0
Wise,18,COUNTY TREASURER,,REP,Over Votes,0,0,0,0
Wise,18,COUNTY TREASURER,,REP,Under Votes,7,1,6,0
Wise,18,COUNTY TREASURER,,REP,DANIEL E. RIVAS,24,11,13,0
Wise,18,"COUNTY COMMISSIONER, PRECINCT 2",,REP,KEVIN BURNS,130,61,69,0
Wise,18,"COUNTY COMMISSIONER, PRECINCT 2",,REP,Over Votes,0,0,0,0
Wise,18,"COUNTY COMMISSIONER, PRECINCT 2",,REP,Under Votes,13,5,8,0
Wise,18,"JUSTICE OF THE PEACE, PRECINCT 2",,REP,TERRI LYNN JOHNSON,128,61,67,0
Wise,18,"JUSTICE OF THE PEACE, PRECINCT 2",,REP,Over Votes,0,0,0,0
Wise,18,"JUSTICE OF THE PEACE, PRECINCT 2",,REP,Under Votes,15,5,10,0
Wise,18,COUNTY CHAIRMAN,,REP,ALLEN L. WILLIAMSON,128,58,70,0
Wise,18,COUNTY CHAIRMAN,,REP,Over Votes,0,0,0,0
Wise,18,COUNTY CHAIRMAN,,REP,Under Votes,15,8,7,0
Wise,18,U.S. Senate D,,DEM,"MICHAEL ""FJET"" FJETLAND",1,0,1,0
Wise,18,U.S. Senate D,,DEM,Over Votes,0,0,0,0
Wise,18,U.S. Senate D,,DEM,Under Votes,1,0,1,0
Wise,18,U.S. Senate D,,DEM,MAXEY MARIE SCHERR,2,0,2,0
Wise,18,U.S. Senate D,,DEM,HARRY KIM,2,0,2,0
Wise,18,U.S. Senate D,,DEM,DAVID M. ALAMEEL,4,3,1,0
Wise,18,U.S. Senate D,,DEM,KESHA ROGERS,1,0,1,0
Wise,18,"U.S. REPRESENTATIVE, DISTRICT 13 D",,DEM,MIKE MINTER,9,3,6,0
Wise,18,"U.S. REPRESENTATIVE, DISTRICT 13 D",,DEM,Over Votes,0,0,0,0
Wise,18,"U.S. REPRESENTATIVE, DISTRICT 13 D",,DEM,Under Votes,2,0,2,0
Wise,18,GOVERNOR D,,DEM,"REYNALDO ""RAY"" MADRIGAL",1,0,1,0
Wise,18,GOVERNOR D,,DEM,Over Votes,0,0,0,0
Wise,18,GOVERNOR D,,DEM,Under Votes,1,0,1,0
Wise,18,GOVERNOR D,,DEM,WENDY R. DAVIS,9,3,6,0
Wise,18,Lieutenant Governor D,,DEM,LETICIA VAN DE PUTTE,8,3,5,0
Wise,18,Lieutenant Governor D,,DEM,Over Votes,0,0,0,0
Wise,18,Lieutenant Governor D,,DEM,Under Votes,3,0,3,0
Wise,18,Attorney General D,,DEM,SAM HOUSTON,9,3,6,0
Wise,18,Attorney General D,,DEM,Over Votes,0,0,0,0
Wise,18,Attorney General D,,DEM,Under Votes,2,0,2,0
Wise,18,Comptroller	of Public Accounts D,,DEM,MIKE COLLIER,9,3,6,0
Wise,18,Comptroller	of Public Accounts D,,DEM,Over Votes,0,0,0,0
Wise,18,Comptroller	of Public Accounts D,,DEM,Under Votes,2,0,2,0
Wise,18,COMMISSIONER OF THE GENERAL LAND OFFICE D,,DEM,JOHN COOK,9,3,6,0
Wise,18,COMMISSIONER OF THE GENERAL LAND OFFICE D,,DEM,Over Votes,0,0,0,0
Wise,18,COMMISSIONER OF THE GENERAL LAND OFFICE D,,DEM,Under Votes,2,0,2,0
Wise,18,Commissioner of Agriculture D,,DEM,JIM HOGAN,2,0,2,0
Wise,18,Commissioner of Agriculture D,,DEM,Over Votes,0,0,0,0
Wise,18,Commissioner of Agriculture D,,DEM,Under Votes,1,0,1,0
Wise,18,Commissioner of Agriculture D,,DEM,"RICHARD ""KINKY"" FRIEDMAN",6,1,5,0
Wise,18,Commissioner of Agriculture D,,DEM,HUGH ASA FITZSIMONS III,2,2,0,0
Wise,18,Railroad Commissioner D,,DEM,STEVE BROWN,6,3,3,0
Wise,18,Railroad Commissioner D,,DEM,Over Votes,0,0,0,0
Wise,18,Railroad Commissioner D,,DEM,Under Votes,2,0,2,0
Wise,18,Railroad Commissioner D,,DEM,DALE HENRY,3,0,3,0
Wise,18,"CHIEF JUSTICE, SUPREME COURT D",,DEM,WILLIAM MOODY,9,3,6,0
Wise,18,"CHIEF JUSTICE, SUPREME COURT D",,DEM,Over Votes,0,0,0,0
Wise,18,"CHIEF JUSTICE, SUPREME COURT D",,DEM,Under Votes,2,0,2,0
Wise,18,"JUSTICE, SUPREME COURT, PLACE 6, UNEXPIRED TERM D",,DEM,LAWRENCE EDWARD MEYERS,9,3,6,0
Wise,18,"JUSTICE, SUPREME COURT, PLACE 6, UNEXPIRED TERM D",,DEM,Over Votes,0,0,0,0
Wise,18,"JUSTICE, SUPREME COURT, PLACE 6, UNEXPIRED TERM D",,DEM,Under Votes,2,0,2,0
Wise,18,"JUSTICE, SUPREME COURT, PLACE 7 D",,DEM,GINA BENAVIDES,9,3,6,0
Wise,18,"JUSTICE, SUPREME COURT, PLACE 7 D",,DEM,Over Votes,0,0,0,0
Wise,18,"JUSTICE, SUPREME COURT, PLACE 7 D",,DEM,Under Votes,2,0,2,0
Wise,18,"JUDGE, COURT OF CRIMINAL APPEALS, PLACE 3 D",,DEM,JOHN GRANBERG,9,3,6,0
Wise,18,"JUDGE, COURT OF CRIMINAL APPEALS, PLACE 3 D",,DEM,Over Votes,0,0,0,0
Wise,18,"JUDGE, COURT OF CRIMINAL APPEALS, PLACE 3 D",,DEM,Under Votes,2,0,2,0
Wise,18,"STATE REPRESENTATIVE, DISTRICT 61 D",,DEM,MATTHEW BRITT,9,3,6,0
Wise,18,"STATE REPRESENTATIVE, DISTRICT 61 D",,DEM,Over Votes,0,0,0,0
Wise,18,"STATE REPRESENTATIVE, DISTRICT 61 D",,DEM,Under Votes,2,0,2,0
Wise,18,COUNTY JUDGE D,,DEM,"JAMES ""JIM"" STEGALL",10,3,7,0
Wise,18,COUNTY JUDGE D,,DEM,Over Votes,0,0,0,0
Wise,18,COUNTY JUDGE D,,DEM,Under Votes,1,0,1,0
Wise,18,COUNTY PARTY CHAIR D,,DEM,TRACY A. SMITH,9,3,6,0
Wise,18,COUNTY PARTY CHAIR D,,DEM,Over Votes,0,0,0,0
Wise,18,COUNTY PARTY CHAIR D,,DEM,Under Votes,2,0,2,0
Wise,18,RELIGIOUS FREEDOM,,,YES,138,64,74,0
Wise,18,RELIGIOUS FREEDOM,,,Over Votes,0,0,0,0
Wise,18,RELIGIOUS FREEDOM,,,Under Votes,5,2,3,0
Wise,18,RELIGIOUS FREEDOM,,,NO,0,0,0,0
Wise,18,ON IMMIGRATION REFORM D,,,FOR,8,3,5,0
Wise,18,ON IMMIGRATION REFORM D,,,Over Votes,0,0,0,0
Wise,18,ON IMMIGRATION REFORM D,,,Under Votes,1,0,1,0
Wise,18,ON IMMIGRATION REFORM D,,,AGAINST,2,0,2,0
Wise,18,SECOND AMENDMENT,,,YES,133,60,73,0
Wise,18,SECOND AMENDMENT,,,Over Votes,0,0,0,0
Wise,18,SECOND AMENDMENT,,,Under Votes,5,2,3,0
Wise,18,SECOND AMENDMENT,,,NO,5,4,1,0
Wise,18,A LIVING WAGE FOR ALL TEXANS D,,,FOR,10,3,7,0
Wise,18,A LIVING WAGE FOR ALL TEXANS D,,,Over Votes,0,0,0,0
Wise,18,A LIVING WAGE FOR ALL TEXANS D,,,Under Votes,1,0,1,0
Wise,18,A LIVING WAGE FOR ALL TEXANS D,,,AGAINST,0,0,0,0
Wise,18,FRANCHISE TAX,,,YES,115,56,59,0
Wise,18,FRANCHISE TAX,,,Over Votes,0,0,0,0
Wise,18,FRANCHISE TAX,,,Under Votes,12,2,10,0
Wise,18,FRANCHISE TAX,,,NO,16,8,8,0
Wise,18,MEDICAID EXPANSION D,,,FOR,8,3,5,0
Wise,18,MEDICAID EXPANSION D,,,Over Votes,0,0,0,0
Wise,18,MEDICAID EXPANSION D,,,Under Votes,0,0,0,0
Wise,18,MEDICAID EXPANSION D,,,AGAINST,3,0,3,0
Wise,18,WELFARE REFORM,,,YES,138,64,74,0
Wise,18,WELFARE REFORM,,,Over Votes,0,0,0,0
Wise,18,WELFARE REFORM,,,Under Votes,4,1,3,0
Wise,18,WELFARE REFORM,,,NO,1,1,0,0
Wise,18,ON NON-DISCRIMINATION LEGISLATION D,,,FOR,9,3,6,0
Wise,18,ON NON-DISCRIMINATION LEGISLATION D,,,Over Votes,0,0,0,0
Wise,18,ON NON-DISCRIMINATION LEGISLATION D,,,Under Votes,1,0,1,0
Wise,18,ON NON-DISCRIMINATION LEGISLATION D,,,AGAINST,1,0,1,0
Wise,18,NO LAWMAKER EXCEPTIONS,,,YES,139,65,74,0
Wise,18,NO LAWMAKER EXCEPTIONS,,,Over Votes,0,0,0,0
Wise,18,NO LAWMAKER EXCEPTIONS,,,Under Votes,4,1,3,0
Wise,18,NO LAWMAKER EXCEPTIONS,,,NO,0,0,0,0
Wise,18,OBAMACARE,,,YES,132,62,70,0
Wise,18,OBAMACARE,,,Over Votes,0,0,0,0
Wise,18,OBAMACARE,,,Under Votes,4,1,3,0
Wise,18,OBAMACARE,,,NO,7,3,4,0
Wise,19,U.S. Senate,,REP,JOHN CORNYN,58,21,37,0
Wise,19,U.S. Senate,,REP,Over Votes,0,0,0,0
Wise,19,U.S. Senate,,REP,Under Votes,4,2,2,0
Wise,19,U.S. Senate,,REP,REID REASOR,2,1,1,0
Wise,19,U.S. Senate,,REP,STEVE STOCKMAN,8,4,4,0
Wise,19,U.S. Senate,,REP,CURT CLEAVER,0,0,0,0
Wise,19,U.S. Senate,,REP,LINDA VEGA,4,1,3,0
Wise,19,U.S. Senate,,REP,KEN COPE,2,0,2,0
Wise,19,U.S. Senate,,REP,DWAYNE STOVALL,6,0,6,0
Wise,19,U.S. Senate,,REP,CHRIS MAPP,1,1,0,0
Wise,19,"U.S. REPRESENTATIVE, DISTRICT 13",,REP,ELAINE HAYS,30,11,19,0
Wise,19,"U.S. REPRESENTATIVE, DISTRICT 13",,REP,Over Votes,0,0,0,0
Wise,19,"U.S. REPRESENTATIVE, DISTRICT 13",,REP,Under Votes,4,1,3,0
Wise,19,"U.S. REPRESENTATIVE, DISTRICT 13",,REP,PAM BARLOW,15,4,11,0
Wise,19,"U.S. REPRESENTATIVE, DISTRICT 13",,REP,MAC THORNBERRY,36,14,22,0
Wise,19,GOVERNOR,,REP,MIRIAM MARTINEZ,2,2,0,0
Wise,19,GOVERNOR,,REP,Over Votes,0,0,0,0
Wise,19,GOVERNOR,,REP,Under Votes,7,2,5,0
Wise,19,GOVERNOR,,REP,GREG ABBOTT,70,22,48,0
Wise,19,GOVERNOR,,REP,LISA FRITSCH,5,3,2,0
Wise,19,GOVERNOR,,REP,SECEDE KILGORE,1,1,0,0
Wise,19,Lieutenant Governor,,REP,DAN PATRICK,32,11,21,0
Wise,19,Lieutenant Governor,,REP,Over Votes,0,0,0,0
Wise,19,Lieutenant Governor,,REP,Under Votes,7,3,4,0
Wise,19,Lieutenant Governor,,REP,JERRY PATTERSON,12,3,9,0
Wise,19,Lieutenant Governor,,REP,TODD STAPLES,20,7,13,0
Wise,19,Lieutenant Governor,,REP,DAVID DEWHURST,14,6,8,0
Wise,19,Attorney General,,REP,DAN BRANCH,35,14,21,0
Wise,19,Attorney General,,REP,Over Votes,0,0,0,0
Wise,19,Attorney General,,REP,Under Votes,9,4,5,0
Wise,19,Attorney General,,REP,KEN PAXTON,33,11,22,0
Wise,19,Attorney General,,REP,BARRY SMITHERMAN,8,1,7,0
Wise,19,Comptroller	of Public Accounts,,REP,RAUL TORRES,9,5,4,0
Wise,19,Comptroller	of Public Accounts,,REP,Over Votes,0,0,0,0
Wise,19,Comptroller	of Public Accounts,,REP,Under Votes,12,3,9,0
Wise,19,Comptroller	of Public Accounts,,REP,GLEN HEGAR,29,11,18,0
Wise,19,Comptroller	of Public Accounts,,REP,HARVEY HILDERBRAN,11,5,6,0
Wise,19,Comptroller	of Public Accounts,,REP,DEBRA MEDINA,24,6,18,0
Wise,19,COMMISSIONER OF THE GENERAL LAND OFFICE,,REP,DAVID WATTS,26,10,16,0
Wise,19,COMMISSIONER OF THE GENERAL LAND OFFICE,,REP,Over Votes,0,0,0,0
Wise,19,COMMISSIONER OF THE GENERAL LAND OFFICE,,REP,Under Votes,5,2,3,0
Wise,19,COMMISSIONER OF THE GENERAL LAND OFFICE,,REP,GEORGE P. BUSH,54,18,36,0
Wise,19,Commissioner of Agriculture,,REP,J. ALLEN CARNES,13,3,10,0
Wise,19,Commissioner of Agriculture,,REP,Over Votes,0,0,0,0
Wise,19,Commissioner of Agriculture,,REP,Under Votes,10,3,7,0
Wise,19,Commissioner of Agriculture,,REP,TOMMY MERRITT,14,7,7,0
Wise,19,Commissioner of Agriculture,,REP,SID MILLER,12,4,8,0
Wise,19,Commissioner of Agriculture,,REP,ERIC OPIELA,21,5,16,0
Wise,19,Commissioner of Agriculture,,REP,JOE COTTEN,15,8,7,0
Wise,19,Railroad Commissioner,,REP,WAYNE CHRISTIAN,38,15,23,0
Wise,19,Railroad Commissioner,,REP,Over Votes,0,0,0,0
Wise,19,Railroad Commissioner,,REP,Under Votes,12,3,9,0
Wise,19,Railroad Commissioner,,REP,RYAN SITTON,17,6,11,0
Wise,19,Railroad Commissioner,,REP,MALACHI BOYULS,4,1,3,0
Wise,19,Railroad Commissioner,,REP,BECKY BERGER,14,5,9,0
Wise,19,"CHIEF JUSTICE, SUPREME COURT",,REP,NATHAN HECHT,44,16,28,0
Wise,19,"CHIEF JUSTICE, SUPREME COURT",,REP,Over Votes,0,0,0,0
Wise,19,"CHIEF JUSTICE, SUPREME COURT",,REP,Under Votes,17,6,11,0
Wise,19,"CHIEF JUSTICE, SUPREME COURT",,REP,ROBERT TALTON,24,8,16,0
Wise,19,"JUSTICE, SUPREME COURT, PLACE 6, UNEXPIRED TERM",,REP,JEFF BROWN,48,19,29,0
Wise,19,"JUSTICE, SUPREME COURT, PLACE 6, UNEXPIRED TERM",,REP,Over Votes,0,0,0,0
Wise,19,"JUSTICE, SUPREME COURT, PLACE 6, UNEXPIRED TERM",,REP,Under Votes,14,3,11,0
Wise,19,"JUSTICE, SUPREME COURT, PLACE 6, UNEXPIRED TERM",,REP,JOE POOL,23,8,15,0
Wise,19,"JUSTICE, SUPREME COURT, PLACE 7",,REP,JEFF BOYD,63,25,38,0
Wise,19,"JUSTICE, SUPREME COURT, PLACE 7",,REP,Over Votes,0,0,0,0
Wise,19,"JUSTICE, SUPREME COURT, PLACE 7",,REP,Under Votes,22,5,17,0
Wise,19,"JUSTICE, SUPREME COURT, PLACE 8",,REP,SHARON MCCALLY,27,12,15,0
Wise,19,"JUSTICE, SUPREME COURT, PLACE 8",,REP,Over Votes,0,0,0,0
Wise,19,"JUSTICE, SUPREME COURT, PLACE 8",,REP,Under Votes,15,4,11,0
Wise,19,"JUSTICE, SUPREME COURT, PLACE 8",,REP,PHIL JOHNSON,43,14,29,0
Wise,19,"JUDGE, COURT OF CRIMINAL APPEALS, PLACE 3",,REP,BERT RICHARDSON,43,17,26,0
Wise,19,"JUDGE, COURT OF CRIMINAL APPEALS, PLACE 3",,REP,Over Votes,0,0,0,0
Wise,19,"JUDGE, COURT OF CRIMINAL APPEALS, PLACE 3",,REP,Under Votes,18,3,15,0
Wise,19,"JUDGE, COURT OF CRIMINAL APPEALS, PLACE 3",,REP,BARBARA WALTHER,24,10,14,0
Wise,19,"JUDGE, COURT OF CRIMINAL APPEALS, PLACE 4",,REP,JANI JO WOOD,14,5,9,0
Wise,19,"JUDGE, COURT OF CRIMINAL APPEALS, PLACE 4",,REP,Over Votes,0,0,0,0
Wise,19,"JUDGE, COURT OF CRIMINAL APPEALS, PLACE 4",,REP,Under Votes,19,5,14,0
Wise,19,"JUDGE, COURT OF CRIMINAL APPEALS, PLACE 4",,REP,RICHARD DEAN DAVIS,29,11,18,0
Wise,19,"JUDGE, COURT OF CRIMINAL APPEALS, PLACE 4",,REP,KEVIN PATRICK YEARY,23,9,14,0
Wise,19,"JUDGE, COURT OF CRIMINAL APPEALS, PLACE 9",,REP,"W.C. ""BUD"" KIRKENDALL",41,18,23,0
Wise,19,"JUDGE, COURT OF CRIMINAL APPEALS, PLACE 9",,REP,Over Votes,0,0,0,0
Wise,19,"JUDGE, COURT OF CRIMINAL APPEALS, PLACE 9",,REP,Under Votes,22,5,17,0
Wise,19,"JUDGE, COURT OF CRIMINAL APPEALS, PLACE 9",,REP,DAVID NEWELL,22,7,15,0
Wise,19,"STATE SENATOR, DISTRICT 30",,REP,CRAIG ESTES,67,26,41,0
Wise,19,"STATE SENATOR, DISTRICT 30",,REP,Over Votes,0,0,0,0
Wise,19,"STATE SENATOR, DISTRICT 30",,REP,Under Votes,18,4,14,0
Wise,19,"STATE REPRESENTATIVE, DISTRICT 61",,REP,PHIL KING,67,25,42,0
Wise,19,"STATE REPRESENTATIVE, DISTRICT 61",,REP,Over Votes,0,0,0,0
Wise,19,"STATE REPRESENTATIVE, DISTRICT 61",,REP,Under Votes,18,5,13,0
Wise,19,"JUSTICE, 2ND COURT OF APPEALS, PLACE 2",,REP,BILL MEIER,61,24,37,0
Wise,19,"JUSTICE, 2ND COURT OF APPEALS, PLACE 2",,REP,Over Votes,0,0,0,0
Wise,19,"JUSTICE, 2ND COURT OF APPEALS, PLACE 2",,REP,Under Votes,24,6,18,0
Wise,19,"JUSTICE, 2ND COURT OF APPEALS, PLACE 7",,REP,LEE GABRIEL,58,24,34,0
Wise,19,"JUSTICE, 2ND COURT OF APPEALS, PLACE 7",,REP,Over Votes,0,0,0,0
Wise,19,"JUSTICE, 2ND COURT OF APPEALS, PLACE 7",,REP,Under Votes,27,6,21,0
Wise,19,"DISTRICT JUDGE, 271ST JUDICIAL DISTRICT",,REP,JOHN H. FOSTEL,74,29,45,0
Wise,19,"DISTRICT JUDGE, 271ST JUDICIAL DISTRICT",,REP,Over Votes,0,0,0,0
Wise,19,"DISTRICT JUDGE, 271ST JUDICIAL DISTRICT",,REP,Under Votes,11,1,10,0
Wise,19,COUNTY JUDGE,,REP,KYLE E. STEPHENS,14,5,9,0
Wise,19,COUNTY JUDGE,,REP,Over Votes,0,0,0,0
Wise,19,COUNTY JUDGE,,REP,Under Votes,3,1,2,0
Wise,19,COUNTY JUDGE,,REP,J.D. CLARK,40,16,24,0
Wise,19,COUNTY JUDGE,,REP,KEITH MCCOMIS,28,8,20,0
Wise,19,"JUDGE,COUNTY COURT AT LAW NUMBER 1",,REP,MELTON D. CUDE,74,29,45,0
Wise,19,"JUDGE,COUNTY COURT AT LAW NUMBER 1",,REP,Over Votes,0,0,0,0
Wise,19,"JUDGE,COUNTY COURT AT LAW NUMBER 1",,REP,Under Votes,11,1,10,0
Wise,19,DISTRICT CLERK,,REP,BRENDA STARNES ROWE,47,15,32,0
Wise,19,DISTRICT CLERK,,REP,Over Votes,0,0,0,0
Wise,19,DISTRICT CLERK,,REP,Under Votes,12,0,12,0
Wise,19,DISTRICT CLERK,,REP,CALLIE WATTS MANNING,26,15,11,0
Wise,19,COUNTY CLERK,,REP,SHERRY COURSEY LEMON,74,29,45,0
Wise,19,COUNTY CLERK,,REP,Over Votes,0,0,0,0
Wise,19,COUNTY CLERK,,REP,Under Votes,11,1,10,0
Wise,19,COUNTY TREASURER,,REP,KATHERINE CANOVA HUDSON,69,25,44,0
Wise,19,COUNTY TREASURER,,REP,Over Votes,0,0,0,0
Wise,19,COUNTY TREASURER,,REP,Under Votes,6,0,6,0
Wise,19,COUNTY TREASURER,,REP,DANIEL E. RIVAS,10,5,5,0
Wise,19,"COUNTY COMMISSIONER, PRECINCT 2",,REP,KEVIN BURNS,66,26,40,0
Wise,19,"COUNTY COMMISSIONER, PRECINCT 2",,REP,Over Votes,0,0,0,0
Wise,19,"COUNTY COMMISSIONER, PRECINCT 2",,REP,Under Votes,19,4,15,0
Wise,19,"JUSTICE OF THE PEACE, PRECINCT 2",,REP,TERRI LYNN JOHNSON,70,29,41,0
Wise,19,"JUSTICE OF THE PEACE, PRECINCT 2",,REP,Over Votes,0,0,0,0
Wise,19,"JUSTICE OF THE PEACE, PRECINCT 2",,REP,Under Votes,15,1,14,0
Wise,19,COUNTY CHAIRMAN,,REP,ALLEN L. WILLIAMSON,72,29,43,0
Wise,19,COUNTY CHAIRMAN,,REP,Over Votes,0,0,0,0
Wise,19,COUNTY CHAIRMAN,,REP,Under Votes,13,1,12,0
Wise,19,U.S. Senate D,,DEM,"MICHAEL ""FJET"" FJETLAND",0,0,0,0
Wise,19,U.S. Senate D,,DEM,Over Votes,0,0,0,0
Wise,19,U.S. Senate D,,DEM,Under Votes,2,0,2,0
Wise,19,U.S. Senate D,,DEM,MAXEY MARIE SCHERR,0,0,0,0
Wise,19,U.S. Senate D,,DEM,HARRY KIM,0,0,0,0
Wise,19,U.S. Senate D,,DEM,DAVID M. ALAMEEL,7,2,5,0
Wise,19,U.S. Senate D,,DEM,KESHA ROGERS,1,1,0,0
Wise,19,"U.S. REPRESENTATIVE, DISTRICT 13 D",,DEM,MIKE MINTER,8,3,5,0
Wise,19,"U.S. REPRESENTATIVE, DISTRICT 13 D",,DEM,Over Votes,0,0,0,0
Wise,19,"U.S. REPRESENTATIVE, DISTRICT 13 D",,DEM,Under Votes,2,0,2,0
Wise,19,GOVERNOR D,,DEM,"REYNALDO ""RAY"" MADRIGAL",1,0,1,0
Wise,19,GOVERNOR D,,DEM,Over Votes,0,0,0,0
Wise,19,GOVERNOR D,,DEM,Under Votes,1,0,1,0
Wise,19,GOVERNOR D,,DEM,WENDY R. DAVIS,8,3,5,0
Wise,19,Lieutenant Governor D,,DEM,LETICIA VAN DE PUTTE,7,3,4,0
Wise,19,Lieutenant Governor D,,DEM,Over Votes,0,0,0,0
Wise,19,Lieutenant Governor D,,DEM,Under Votes,3,0,3,0
Wise,19,Attorney General D,,DEM,SAM HOUSTON,8,3,5,0
Wise,19,Attorney General D,,DEM,Over Votes,0,0,0,0
Wise,19,Attorney General D,,DEM,Under Votes,2,0,2,0
Wise,19,Comptroller	of Public Accounts D,,DEM,MIKE COLLIER,8,3,5,0
Wise,19,Comptroller	of Public Accounts D,,DEM,Over Votes,0,0,0,0
Wise,19,Comptroller	of Public Accounts D,,DEM,Under Votes,2,0,2,0
Wise,19,COMMISSIONER OF THE GENERAL LAND OFFICE D,,DEM,JOHN COOK,8,3,5,0
Wise,19,COMMISSIONER OF THE GENERAL LAND OFFICE D,,DEM,Over Votes,0,0,0,0
Wise,19,COMMISSIONER OF THE GENERAL LAND OFFICE D,,DEM,Under Votes,2,0,2,0
Wise,19,Commissioner of Agriculture D,,DEM,JIM HOGAN,4,3,1,0
Wise,19,Commissioner of Agriculture D,,DEM,Over Votes,0,0,0,0
Wise,19,Commissioner of Agriculture D,,DEM,Under Votes,2,0,2,0
Wise,19,Commissioner of Agriculture D,,DEM,"RICHARD ""KINKY"" FRIEDMAN",2,0,2,0
Wise,19,Commissioner of Agriculture D,,DEM,HUGH ASA FITZSIMONS III,2,0,2,0
Wise,19,Railroad Commissioner D,,DEM,STEVE BROWN,5,2,3,0
Wise,19,Railroad Commissioner D,,DEM,Over Votes,0,0,0,0
Wise,19,Railroad Commissioner D,,DEM,Under Votes,1,0,1,0
Wise,19,Railroad Commissioner D,,DEM,DALE HENRY,4,1,3,0
Wise,19,"CHIEF JUSTICE, SUPREME COURT D",,DEM,WILLIAM MOODY,8,3,5,0
Wise,19,"CHIEF JUSTICE, SUPREME COURT D",,DEM,Over Votes,0,0,0,0
Wise,19,"CHIEF JUSTICE, SUPREME COURT D",,DEM,Under Votes,2,0,2,0
Wise,19,"JUSTICE, SUPREME COURT, PLACE 6, UNEXPIRED TERM D",,DEM,LAWRENCE EDWARD MEYERS,8,3,5,0
Wise,19,"JUSTICE, SUPREME COURT, PLACE 6, UNEXPIRED TERM D",,DEM,Over Votes,0,0,0,0
Wise,19,"JUSTICE, SUPREME COURT, PLACE 6, UNEXPIRED TERM D",,DEM,Under Votes,2,0,2,0
Wise,19,"JUSTICE, SUPREME COURT, PLACE 7 D",,DEM,GINA BENAVIDES,8,3,5,0
Wise,19,"JUSTICE, SUPREME COURT, PLACE 7 D",,DEM,Over Votes,0,0,0,0
Wise,19,"JUSTICE, SUPREME COURT, PLACE 7 D",,DEM,Under Votes,2,0,2,0
Wise,19,"JUDGE, COURT OF CRIMINAL APPEALS, PLACE 3 D",,DEM,JOHN GRANBERG,8,3,5,0
Wise,19,"JUDGE, COURT OF CRIMINAL APPEALS, PLACE 3 D",,DEM,Over Votes,0,0,0,0
Wise,19,"JUDGE, COURT OF CRIMINAL APPEALS, PLACE 3 D",,DEM,Under Votes,2,0,2,0
Wise,19,"STATE REPRESENTATIVE, DISTRICT 61 D",,DEM,MATTHEW BRITT,8,3,5,0
Wise,19,"STATE REPRESENTATIVE, DISTRICT 61 D",,DEM,Over Votes,0,0,0,0
Wise,19,"STATE REPRESENTATIVE, DISTRICT 61 D",,DEM,Under Votes,2,0,2,0
Wise,19,COUNTY JUDGE D,,DEM,"JAMES ""JIM"" STEGALL",9,3,6,0
Wise,19,COUNTY JUDGE D,,DEM,Over Votes,0,0,0,0
Wise,19,COUNTY JUDGE D,,DEM,Under Votes,1,0,1,0
Wise,19,COUNTY PARTY CHAIR D,,DEM,TRACY A. SMITH,8,3,5,0
Wise,19,COUNTY PARTY CHAIR D,,DEM,Over Votes,0,0,0,0
Wise,19,COUNTY PARTY CHAIR D,,DEM,Under Votes,2,0,2,0
Wise,19,RELIGIOUS FREEDOM,,,YES,78,27,51,0
Wise,19,RELIGIOUS FREEDOM,,,Over Votes,0,0,0,0
Wise,19,RELIGIOUS FREEDOM,,,Under Votes,3,1,2,0
Wise,19,RELIGIOUS FREEDOM,,,NO,4,2,2,0
Wise,19,ON IMMIGRATION REFORM D,,,FOR,9,3,6,0
Wise,19,ON IMMIGRATION REFORM D,,,Over Votes,0,0,0,0
Wise,19,ON IMMIGRATION REFORM D,,,Under Votes,0,0,0,0
Wise,19,ON IMMIGRATION REFORM D,,,AGAINST,1,0,1,0
Wise,19,SECOND AMENDMENT,,,YES,71,24,47,0
Wise,19,SECOND AMENDMENT,,,Over Votes,0,0,0,0
Wise,19,SECOND AMENDMENT,,,Under Votes,4,1,3,0
Wise,19,SECOND AMENDMENT,,,NO,10,5,5,0
Wise,19,A LIVING WAGE FOR ALL TEXANS D,,,FOR,7,3,4,0
Wise,19,A LIVING WAGE FOR ALL TEXANS D,,,Over Votes,0,0,0,0
Wise,19,A LIVING WAGE FOR ALL TEXANS D,,,Under Votes,0,0,0,0
Wise,19,A LIVING WAGE FOR ALL TEXANS D,,,AGAINST,3,0,3,0
Wise,19,FRANCHISE TAX,,,YES,68,27,41,0
Wise,19,FRANCHISE TAX,,,Over Votes,0,0,0,0
Wise,19,FRANCHISE TAX,,,Under Votes,7,2,5,0
Wise,19,FRANCHISE TAX,,,NO,10,1,9,0
Wise,19,MEDICAID EXPANSION D,,,FOR,9,3,6,0
Wise,19,MEDICAID EXPANSION D,,,Over Votes,0,0,0,0
Wise,19,MEDICAID EXPANSION D,,,Under Votes,0,0,0,0
Wise,19,MEDICAID EXPANSION D,,,AGAINST,1,0,1,0
Wise,19,WELFARE REFORM,,,YES,75,28,47,0
Wise,19,WELFARE REFORM,,,Over Votes,0,0,0,0
Wise,19,WELFARE REFORM,,,Under Votes,5,1,4,0
Wise,19,WELFARE REFORM,,,NO,5,1,4,0
Wise,19,ON NON-DISCRIMINATION LEGISLATION D,,,FOR,6,0,6,0
Wise,19,ON NON-DISCRIMINATION LEGISLATION D,,,Over Votes,0,0,0,0
Wise,19,ON NON-DISCRIMINATION LEGISLATION D,,,Under Votes,0,0,0,0
Wise,19,ON NON-DISCRIMINATION LEGISLATION D,,,AGAINST,4,3,1,0
Wise,19,NO LAWMAKER EXCEPTIONS,,,YES,80,28,52,0
Wise,19,NO LAWMAKER EXCEPTIONS,,,Over Votes,0,0,0,0
Wise,19,NO LAWMAKER EXCEPTIONS,,,Under Votes,4,1,3,0
Wise,19,NO LAWMAKER EXCEPTIONS,,,NO,1,1,0,0
Wise,19,OBAMACARE,,,YES,72,22,50,0
Wise,19,OBAMACARE,,,Over Votes,0,0,0,0
Wise,19,OBAMACARE,,,Under Votes,2,0,2,0
Wise,19,OBAMACARE,,,NO,11,8,3,0
Wise,20,U.S. Senate,,REP,JOHN CORNYN,65,18,47,0
Wise,20,U.S. Senate,,REP,Over Votes,0,0,0,0
Wise,20,U.S. Senate,,REP,Under Votes,3,0,3,0
Wise,20,U.S. Senate,,REP,REID REASOR,5,2,3,0
Wise,20,U.S. Senate,,REP,STEVE STOCKMAN,39,11,28,0
Wise,20,U.S. Senate,,REP,CURT CLEAVER,2,2,0,0
Wise,20,U.S. Senate,,REP,LINDA VEGA,7,0,7,0
Wise,20,U.S. Senate,,REP,KEN COPE,1,0,1,0
Wise,20,U.S. Senate,,REP,DWAYNE STOVALL,16,3,13,0
Wise,20,U.S. Senate,,REP,CHRIS MAPP,2,2,0,0
Wise,20,"U.S. REPRESENTATIVE, DISTRICT 13",,REP,ELAINE HAYS,46,10,36,0
Wise,20,"U.S. REPRESENTATIVE, DISTRICT 13",,REP,Over Votes,0,0,0,0
Wise,20,"U.S. REPRESENTATIVE, DISTRICT 13",,REP,Under Votes,7,4,3,0
Wise,20,"U.S. REPRESENTATIVE, DISTRICT 13",,REP,PAM BARLOW,21,5,16,0
Wise,20,"U.S. REPRESENTATIVE, DISTRICT 13",,REP,MAC THORNBERRY,66,19,47,0
Wise,20,GOVERNOR,,REP,MIRIAM MARTINEZ,2,1,1,0
Wise,20,GOVERNOR,,REP,Over Votes,0,0,0,0
Wise,20,GOVERNOR,,REP,Under Votes,0,0,0,0
Wise,20,GOVERNOR,,REP,GREG ABBOTT,129,36,93,0
Wise,20,GOVERNOR,,REP,LISA FRITSCH,7,0,7,0
Wise,20,GOVERNOR,,REP,SECEDE KILGORE,2,1,1,0
Wise,20,Lieutenant Governor,,REP,DAN PATRICK,69,18,51,0
Wise,20,Lieutenant Governor,,REP,Over Votes,0,0,0,0
Wise,20,Lieutenant Governor,,REP,Under Votes,2,2,0,0
Wise,20,Lieutenant Governor,,REP,JERRY PATTERSON,13,3,10,0
Wise,20,Lieutenant Governor,,REP,TODD STAPLES,34,11,23,0
Wise,20,Lieutenant Governor,,REP,DAVID DEWHURST,22,4,18,0
Wise,20,Attorney General,,REP,DAN BRANCH,49,12,37,0
Wise,20,Attorney General,,REP,Over Votes,0,0,0,0
Wise,20,Attorney General,,REP,Under Votes,2,1,1,0
Wise,20,Attorney General,,REP,KEN PAXTON,78,18,60,0
Wise,20,Attorney General,,REP,BARRY SMITHERMAN,11,7,4,0
Wise,20,Comptroller	of Public Accounts,,REP,RAUL TORRES,9,2,7,0
Wise,20,Comptroller	of Public Accounts,,REP,Over Votes,0,0,0,0
Wise,20,Comptroller	of Public Accounts,,REP,Under Votes,7,3,4,0
Wise,20,Comptroller	of Public Accounts,,REP,GLEN HEGAR,69,15,54,0
Wise,20,Comptroller	of Public Accounts,,REP,HARVEY HILDERBRAN,24,7,17,0
Wise,20,Comptroller	of Public Accounts,,REP,DEBRA MEDINA,31,11,20,0
Wise,20,COMMISSIONER OF THE GENERAL LAND OFFICE,,REP,DAVID WATTS,42,8,34,0
Wise,20,COMMISSIONER OF THE GENERAL LAND OFFICE,,REP,Over Votes,0,0,0,0
Wise,20,COMMISSIONER OF THE GENERAL LAND OFFICE,,REP,Under Votes,3,1,2,0
Wise,20,COMMISSIONER OF THE GENERAL LAND OFFICE,,REP,GEORGE P. BUSH,95,29,66,0
Wise,20,Commissioner of Agriculture,,REP,J. ALLEN CARNES,18,6,12,0
Wise,20,Commissioner of Agriculture,,REP,Over Votes,0,0,0,0
Wise,20,Commissioner of Agriculture,,REP,Under Votes,7,2,5,0
Wise,20,Commissioner of Agriculture,,REP,TOMMY MERRITT,16,4,12,0
Wise,20,Commissioner of Agriculture,,REP,SID MILLER,43,10,33,0
Wise,20,Commissioner of Agriculture,,REP,ERIC OPIELA,41,13,28,0
Wise,20,Commissioner of Agriculture,,REP,JOE COTTEN,15,3,12,0
Wise,20,Railroad Commissioner,,REP,WAYNE CHRISTIAN,66,13,53,0
Wise,20,Railroad Commissioner,,REP,Over Votes,0,0,0,0
Wise,20,Railroad Commissioner,,REP,Under Votes,13,4,9,0
Wise,20,Railroad Commissioner,,REP,RYAN SITTON,29,14,15,0
Wise,20,Railroad Commissioner,,REP,MALACHI BOYULS,10,2,8,0
Wise,20,Railroad Commissioner,,REP,BECKY BERGER,22,5,17,0
Wise,20,"CHIEF JUSTICE, SUPREME COURT",,REP,NATHAN HECHT,91,19,72,0
Wise,20,"CHIEF JUSTICE, SUPREME COURT",,REP,Over Votes,0,0,0,0
Wise,20,"CHIEF JUSTICE, SUPREME COURT",,REP,Under Votes,6,3,3,0
Wise,20,"CHIEF JUSTICE, SUPREME COURT",,REP,ROBERT TALTON,43,16,27,0
Wise,20,"JUSTICE, SUPREME COURT, PLACE 6, UNEXPIRED TERM",,REP,JEFF BROWN,108,30,78,0
Wise,20,"JUSTICE, SUPREME COURT, PLACE 6, UNEXPIRED TERM",,REP,Over Votes,0,0,0,0
Wise,20,"JUSTICE, SUPREME COURT, PLACE 6, UNEXPIRED TERM",,REP,Under Votes,10,3,7,0
Wise,20,"JUSTICE, SUPREME COURT, PLACE 6, UNEXPIRED TERM",,REP,JOE POOL,22,5,17,0
Wise,20,"JUSTICE, SUPREME COURT, PLACE 7",,REP,JEFF BOYD,116,32,84,0
Wise,20,"JUSTICE, SUPREME COURT, PLACE 7",,REP,Over Votes,0,0,0,0
Wise,20,"JUSTICE, SUPREME COURT, PLACE 7",,REP,Under Votes,24,6,18,0
Wise,20,"JUSTICE, SUPREME COURT, PLACE 8",,REP,SHARON MCCALLY,48,11,37,0
Wise,20,"JUSTICE, SUPREME COURT, PLACE 8",,REP,Over Votes,0,0,0,0
Wise,20,"JUSTICE, SUPREME COURT, PLACE 8",,REP,Under Votes,9,3,6,0
Wise,20,"JUSTICE, SUPREME COURT, PLACE 8",,REP,PHIL JOHNSON,83,24,59,0
Wise,20,"JUDGE, COURT OF CRIMINAL APPEALS, PLACE 3",,REP,BERT RICHARDSON,87,22,65,0
Wise,20,"JUDGE, COURT OF CRIMINAL APPEALS, PLACE 3",,REP,Over Votes,0,0,0,0
Wise,20,"JUDGE, COURT OF CRIMINAL APPEALS, PLACE 3",,REP,Under Votes,16,4,12,0
Wise,20,"JUDGE, COURT OF CRIMINAL APPEALS, PLACE 3",,REP,BARBARA WALTHER,37,12,25,0
Wise,20,"JUDGE, COURT OF CRIMINAL APPEALS, PLACE 4",,REP,JANI JO WOOD,30,5,25,0
Wise,20,"JUDGE, COURT OF CRIMINAL APPEALS, PLACE 4",,REP,Over Votes,0,0,0,0
Wise,20,"JUDGE, COURT OF CRIMINAL APPEALS, PLACE 4",,REP,Under Votes,18,4,14,0
Wise,20,"JUDGE, COURT OF CRIMINAL APPEALS, PLACE 4",,REP,RICHARD DEAN DAVIS,43,10,33,0
Wise,20,"JUDGE, COURT OF CRIMINAL APPEALS, PLACE 4",,REP,KEVIN PATRICK YEARY,49,19,30,0
Wise,20,"JUDGE, COURT OF CRIMINAL APPEALS, PLACE 9",,REP,"W.C. ""BUD"" KIRKENDALL",74,23,51,0
Wise,20,"JUDGE, COURT OF CRIMINAL APPEALS, PLACE 9",,REP,Over Votes,0,0,0,0
Wise,20,"JUDGE, COURT OF CRIMINAL APPEALS, PLACE 9",,REP,Under Votes,21,5,16,0
Wise,20,"JUDGE, COURT OF CRIMINAL APPEALS, PLACE 9",,REP,DAVID NEWELL,45,10,35,0
Wise,20,"STATE SENATOR, DISTRICT 30",,REP,CRAIG ESTES,121,33,88,0
Wise,20,"STATE SENATOR, DISTRICT 30",,REP,Over Votes,0,0,0,0
Wise,20,"STATE SENATOR, DISTRICT 30",,REP,Under Votes,19,5,14,0
Wise,20,"STATE REPRESENTATIVE, DISTRICT 61",,REP,PHIL KING,127,35,92,0
Wise,20,"STATE REPRESENTATIVE, DISTRICT 61",,REP,Over Votes,0,0,0,0
Wise,20,"STATE REPRESENTATIVE, DISTRICT 61",,REP,Under Votes,13,3,10,0
Wise,20,"JUSTICE, 2ND COURT OF APPEALS, PLACE 2",,REP,BILL MEIER,119,32,87,0
Wise,20,"JUSTICE, 2ND COURT OF APPEALS, PLACE 2",,REP,Over Votes,0,0,0,0
Wise,20,"JUSTICE, 2ND COURT OF APPEALS, PLACE 2",,REP,Under Votes,21,6,15,0
Wise,20,"JUSTICE, 2ND COURT OF APPEALS, PLACE 7",,REP,LEE GABRIEL,106,27,79,0
Wise,20,"JUSTICE, 2ND COURT OF APPEALS, PLACE 7",,REP,Over Votes,0,0,0,0
Wise,20,"JUSTICE, 2ND COURT OF APPEALS, PLACE 7",,REP,Under Votes,34,11,23,0
Wise,20,"DISTRICT JUDGE, 271ST JUDICIAL DISTRICT",,REP,JOHN H. FOSTEL,114,30,84,0
Wise,20,"DISTRICT JUDGE, 271ST JUDICIAL DISTRICT",,REP,Over Votes,0,0,0,0
Wise,20,"DISTRICT JUDGE, 271ST JUDICIAL DISTRICT",,REP,Under Votes,26,8,18,0
Wise,20,COUNTY JUDGE,,REP,KYLE E. STEPHENS,44,16,28,0
Wise,20,COUNTY JUDGE,,REP,Over Votes,0,0,0,0
Wise,20,COUNTY JUDGE,,REP,Under Votes,14,6,8,0
Wise,20,COUNTY JUDGE,,REP,J.D. CLARK,45,5,40,0
Wise,20,COUNTY JUDGE,,REP,KEITH MCCOMIS,37,11,26,0
Wise,20,"JUDGE,COUNTY COURT AT LAW NUMBER 1",,REP,MELTON D. CUDE,118,32,86,0
Wise,20,"JUDGE,COUNTY COURT AT LAW NUMBER 1",,REP,Over Votes,0,0,0,0
Wise,20,"JUDGE,COUNTY COURT AT LAW NUMBER 1",,REP,Under Votes,22,6,16,0
Wise,20,DISTRICT CLERK,,REP,BRENDA STARNES ROWE,84,22,62,0
Wise,20,DISTRICT CLERK,,REP,Over Votes,0,0,0,0
Wise,20,DISTRICT CLERK,,REP,Under Votes,21,8,13,0
Wise,20,DISTRICT CLERK,,REP,CALLIE WATTS MANNING,35,8,27,0
Wise,20,COUNTY CLERK,,REP,SHERRY COURSEY LEMON,115,31,84,0
Wise,20,COUNTY CLERK,,REP,Over Votes,0,0,0,0
Wise,20,COUNTY CLERK,,REP,Under Votes,25,7,18,0
Wise,20,COUNTY TREASURER,,REP,KATHERINE CANOVA HUDSON,94,25,69,0
Wise,20,COUNTY TREASURER,,REP,Over Votes,0,0,0,0
Wise,20,COUNTY TREASURER,,REP,Under Votes,22,7,15,0
Wise,20,COUNTY TREASURER,,REP,DANIEL E. RIVAS,24,6,18,0
Wise,20,"JUSTICE OF THE PEACE, PRECINCT 3",,REP,MANDY HOPKINS HAYS,114,34,80,0
Wise,20,"JUSTICE OF THE PEACE, PRECINCT 3",,REP,Over Votes,0,0,0,0
Wise,20,"JUSTICE OF THE PEACE, PRECINCT 3",,REP,Under Votes,26,4,22,0
Wise,20,COUNTY CHAIRMAN,,REP,ALLEN L. WILLIAMSON,114,32,82,0
Wise,20,COUNTY CHAIRMAN,,REP,Over Votes,0,0,0,0
Wise,20,COUNTY CHAIRMAN,,REP,Under Votes,26,6,20,0
Wise,20,U.S. Senate D,,DEM,"MICHAEL ""FJET"" FJETLAND",1,0,1,0
Wise,20,U.S. Senate D,,DEM,Over Votes,0,0,0,0
Wise,20,U.S. Senate D,,DEM,Under Votes,0,0,0,0
Wise,20,U.S. Senate D,,DEM,MAXEY MARIE SCHERR,1,1,0,0
Wise,20,U.S. Senate D,,DEM,HARRY KIM,0,0,0,0
Wise,20,U.S. Senate D,,DEM,DAVID M. ALAMEEL,8,6,2,0
Wise,20,U.S. Senate D,,DEM,KESHA ROGERS,4,1,3,0
Wise,20,"U.S. REPRESENTATIVE, DISTRICT 13 D",,DEM,MIKE MINTER,14,8,6,0
Wise,20,"U.S. REPRESENTATIVE, DISTRICT 13 D",,DEM,Over Votes,0,0,0,0
Wise,20,"U.S. REPRESENTATIVE, DISTRICT 13 D",,DEM,Under Votes,0,0,0,0
Wise,20,GOVERNOR D,,DEM,"REYNALDO ""RAY"" MADRIGAL",2,0,2,0
Wise,20,GOVERNOR D,,DEM,Over Votes,0,0,0,0
Wise,20,GOVERNOR D,,DEM,Under Votes,0,0,0,0
Wise,20,GOVERNOR D,,DEM,WENDY R. DAVIS,12,8,4,0
Wise,20,Lieutenant Governor D,,DEM,LETICIA VAN DE PUTTE,14,8,6,0
Wise,20,Lieutenant Governor D,,DEM,Over Votes,0,0,0,0
Wise,20,Lieutenant Governor D,,DEM,Under Votes,0,0,0,0
Wise,20,Attorney General D,,DEM,SAM HOUSTON,14,8,6,0
Wise,20,Attorney General D,,DEM,Over Votes,0,0,0,0
Wise,20,Attorney General D,,DEM,Under Votes,0,0,0,0
Wise,20,Comptroller	of Public Accounts D,,DEM,MIKE COLLIER,14,8,6,0
Wise,20,Comptroller	of Public Accounts D,,DEM,Over Votes,0,0,0,0
Wise,20,Comptroller	of Public Accounts D,,DEM,Under Votes,0,0,0,0
Wise,20,COMMISSIONER OF THE GENERAL LAND OFFICE D,,DEM,JOHN COOK,14,8,6,0
Wise,20,COMMISSIONER OF THE GENERAL LAND OFFICE D,,DEM,Over Votes,0,0,0,0
Wise,20,COMMISSIONER OF THE GENERAL LAND OFFICE D,,DEM,Under Votes,0,0,0,0
Wise,20,Commissioner of Agriculture D,,DEM,JIM HOGAN,5,4,1,0
Wise,20,Commissioner of Agriculture D,,DEM,Over Votes,0,0,0,0
Wise,20,Commissioner of Agriculture D,,DEM,Under Votes,0,0,0,0
Wise,20,Commissioner of Agriculture D,,DEM,"RICHARD ""KINKY"" FRIEDMAN",6,3,3,0
Wise,20,Commissioner of Agriculture D,,DEM,HUGH ASA FITZSIMONS III,3,1,2,0
Wise,20,Railroad Commissioner D,,DEM,STEVE BROWN,7,4,3,0
Wise,20,Railroad Commissioner D,,DEM,Over Votes,0,0,0,0
Wise,20,Railroad Commissioner D,,DEM,Under Votes,0,0,0,0
Wise,20,Railroad Commissioner D,,DEM,DALE HENRY,7,4,3,0
Wise,20,"CHIEF JUSTICE, SUPREME COURT D",,DEM,WILLIAM MOODY,14,8,6,0
Wise,20,"CHIEF JUSTICE, SUPREME COURT D",,DEM,Over Votes,0,0,0,0
Wise,20,"CHIEF JUSTICE, SUPREME COURT D",,DEM,Under Votes,0,0,0,0
Wise,20,"JUSTICE, SUPREME COURT, PLACE 6, UNEXPIRED TERM D",,DEM,LAWRENCE EDWARD MEYERS,14,8,6,0
Wise,20,"JUSTICE, SUPREME COURT, PLACE 6, UNEXPIRED TERM D",,DEM,Over Votes,0,0,0,0
Wise,20,"JUSTICE, SUPREME COURT, PLACE 6, UNEXPIRED TERM D",,DEM,Under Votes,0,0,0,0
Wise,20,"JUSTICE, SUPREME COURT, PLACE 7 D",,DEM,GINA BENAVIDES,14,8,6,0
Wise,20,"JUSTICE, SUPREME COURT, PLACE 7 D",,DEM,Over Votes,0,0,0,0
Wise,20,"JUSTICE, SUPREME COURT, PLACE 7 D",,DEM,Under Votes,0,0,0,0
Wise,20,"JUDGE, COURT OF CRIMINAL APPEALS, PLACE 3 D",,DEM,JOHN GRANBERG,14,8,6,0
Wise,20,"JUDGE, COURT OF CRIMINAL APPEALS, PLACE 3 D",,DEM,Over Votes,0,0,0,0
Wise,20,"JUDGE, COURT OF CRIMINAL APPEALS, PLACE 3 D",,DEM,Under Votes,0,0,0,0
Wise,20,"STATE REPRESENTATIVE, DISTRICT 61 D",,DEM,MATTHEW BRITT,14,8,6,0
Wise,20,"STATE REPRESENTATIVE, DISTRICT 61 D",,DEM,Over Votes,0,0,0,0
Wise,20,"STATE REPRESENTATIVE, DISTRICT 61 D",,DEM,Under Votes,0,0,0,0
Wise,20,COUNTY JUDGE D,,DEM,"JAMES ""JIM"" STEGALL",14,8,6,0
Wise,20,COUNTY JUDGE D,,DEM,Over Votes,0,0,0,0
Wise,20,COUNTY JUDGE D,,DEM,Under Votes,0,0,0,0
Wise,20,COUNTY PARTY CHAIR D,,DEM,TRACY A. SMITH,14,8,6,0
Wise,20,COUNTY PARTY CHAIR D,,DEM,Over Votes,0,0,0,0
Wise,20,COUNTY PARTY CHAIR D,,DEM,Under Votes,0,0,0,0
Wise,20,RELIGIOUS FREEDOM,,,YES,138,38,100,0
Wise,20,RELIGIOUS FREEDOM,,,Over Votes,0,0,0,0
Wise,20,RELIGIOUS FREEDOM,,,Under Votes,1,0,1,0
Wise,20,RELIGIOUS FREEDOM,,,NO,1,0,1,0
Wise,20,ON IMMIGRATION REFORM D,,,FOR,14,8,6,0
Wise,20,ON IMMIGRATION REFORM D,,,Over Votes,0,0,0,0
Wise,20,ON IMMIGRATION REFORM D,,,Under Votes,0,0,0,0
Wise,20,ON IMMIGRATION REFORM D,,,AGAINST,0,0,0,0
Wise,20,SECOND AMENDMENT,,,YES,131,35,96,0
Wise,20,SECOND AMENDMENT,,,Over Votes,0,0,0,0
Wise,20,SECOND AMENDMENT,,,Under Votes,2,1,1,0
Wise,20,SECOND AMENDMENT,,,NO,7,2,5,0
Wise,20,A LIVING WAGE FOR ALL TEXANS D,,,FOR,14,8,6,0
Wise,20,A LIVING WAGE FOR ALL TEXANS D,,,Over Votes,0,0,0,0
Wise,20,A LIVING WAGE FOR ALL TEXANS D,,,Under Votes,0,0,0,0
Wise,20,A LIVING WAGE FOR ALL TEXANS D,,,AGAINST,0,0,0,0
Wise,20,FRANCHISE TAX,,,YES,121,31,90,0
Wise,20,FRANCHISE TAX,,,Over Votes,0,0,0,0
Wise,20,FRANCHISE TAX,,,Under Votes,4,3,1,0
Wise,20,FRANCHISE TAX,,,NO,15,4,11,0
Wise,20,MEDICAID EXPANSION D,,,FOR,12,8,4,0
Wise,20,MEDICAID EXPANSION D,,,Over Votes,0,0,0,0
Wise,20,MEDICAID EXPANSION D,,,Under Votes,0,0,0,0
Wise,20,MEDICAID EXPANSION D,,,AGAINST,2,0,2,0
Wise,20,WELFARE REFORM,,,YES,136,37,99,0
Wise,20,WELFARE REFORM,,,Over Votes,0,0,0,0
Wise,20,WELFARE REFORM,,,Under Votes,1,0,1,0
Wise,20,WELFARE REFORM,,,NO,3,1,2,0
Wise,20,ON NON-DISCRIMINATION LEGISLATION D,,,FOR,14,8,6,0
Wise,20,ON NON-DISCRIMINATION LEGISLATION D,,,Over Votes,0,0,0,0
Wise,20,ON NON-DISCRIMINATION LEGISLATION D,,,Under Votes,0,0,0,0
Wise,20,ON NON-DISCRIMINATION LEGISLATION D,,,AGAINST,0,0,0,0
Wise,20,NO LAWMAKER EXCEPTIONS,,,YES,138,38,100,0
Wise,20,NO LAWMAKER EXCEPTIONS,,,Over Votes,0,0,0,0
Wise,20,NO LAWMAKER EXCEPTIONS,,,Under Votes,1,0,1,0
Wise,20,NO LAWMAKER EXCEPTIONS,,,NO,1,0,1,0
Wise,20,OBAMACARE,,,YES,136,38,98,0
Wise,20,OBAMACARE,,,Over Votes,0,0,0,0
Wise,20,OBAMACARE,,,Under Votes,1,0,1,0
Wise,20,OBAMACARE,,,NO,3,0,3,0
Wise,22,U.S. Senate,,REP,JOHN CORNYN,69,50,19,0
Wise,22,U.S. Senate,,REP,Over Votes,1,1,0,0
Wise,22,U.S. Senate,,REP,Under Votes,3,3,0,0
Wise,22,U.S. Senate,,REP,REID REASOR,7,4,3,0
Wise,22,U.S. Senate,,REP,STEVE STOCKMAN,24,10,14,0
Wise,22,U.S. Senate,,REP,CURT CLEAVER,0,0,0,0
Wise,22,U.S. Senate,,REP,LINDA VEGA,5,4,1,0
Wise,22,U.S. Senate,,REP,KEN COPE,2,1,1,0
Wise,22,U.S. Senate,,REP,DWAYNE STOVALL,16,10,6,0
Wise,22,U.S. Senate,,REP,CHRIS MAPP,2,1,1,0
Wise,22,"U.S. REPRESENTATIVE, DISTRICT 13",,REP,ELAINE HAYS,29,18,11,0
Wise,22,"U.S. REPRESENTATIVE, DISTRICT 13",,REP,Over Votes,0,0,0,0
Wise,22,"U.S. REPRESENTATIVE, DISTRICT 13",,REP,Under Votes,17,11,6,0
Wise,22,"U.S. REPRESENTATIVE, DISTRICT 13",,REP,PAM BARLOW,17,6,11,0
Wise,22,"U.S. REPRESENTATIVE, DISTRICT 13",,REP,MAC THORNBERRY,66,49,17,0
Wise,22,GOVERNOR,,REP,MIRIAM MARTINEZ,5,3,2,0
Wise,22,GOVERNOR,,REP,Over Votes,0,0,0,0
Wise,22,GOVERNOR,,REP,Under Votes,4,4,0,0
Wise,22,GOVERNOR,,REP,GREG ABBOTT,118,76,42,0
Wise,22,GOVERNOR,,REP,LISA FRITSCH,2,1,1,0
Wise,22,GOVERNOR,,REP,SECEDE KILGORE,0,0,0,0
Wise,22,Lieutenant Governor,,REP,DAN PATRICK,57,37,20,0
Wise,22,Lieutenant Governor,,REP,Over Votes,1,1,0,0
Wise,22,Lieutenant Governor,,REP,Under Votes,3,3,0,0
Wise,22,Lieutenant Governor,,REP,JERRY PATTERSON,14,7,7,0
Wise,22,Lieutenant Governor,,REP,TODD STAPLES,21,12,9,0
Wise,22,Lieutenant Governor,,REP,DAVID DEWHURST,33,24,9,0
Wise,22,Attorney General,,REP,DAN BRANCH,57,42,15,0
Wise,22,Attorney General,,REP,Over Votes,0,0,0,0
Wise,22,Attorney General,,REP,Under Votes,9,5,4,0
Wise,22,Attorney General,,REP,KEN PAXTON,50,28,22,0
Wise,22,Attorney General,,REP,BARRY SMITHERMAN,13,9,4,0
Wise,22,Comptroller	of Public Accounts,,REP,RAUL TORRES,5,3,2,0
Wise,22,Comptroller	of Public Accounts,,REP,Over Votes,0,0,0,0
Wise,22,Comptroller	of Public Accounts,,REP,Under Votes,16,11,5,0
Wise,22,Comptroller	of Public Accounts,,REP,GLEN HEGAR,50,30,20,0
Wise,22,Comptroller	of Public Accounts,,REP,HARVEY HILDERBRAN,21,16,5,0
Wise,22,Comptroller	of Public Accounts,,REP,DEBRA MEDINA,37,24,13,0
Wise,22,COMMISSIONER OF THE GENERAL LAND OFFICE,,REP,DAVID WATTS,43,24,19,0
Wise,22,COMMISSIONER OF THE GENERAL LAND OFFICE,,REP,Over Votes,0,0,0,0
Wise,22,COMMISSIONER OF THE GENERAL LAND OFFICE,,REP,Under Votes,10,7,3,0
Wise,22,COMMISSIONER OF THE GENERAL LAND OFFICE,,REP,GEORGE P. BUSH,76,53,23,0
Wise,22,Commissioner of Agriculture,,REP,J. ALLEN CARNES,27,20,7,0
Wise,22,Commissioner of Agriculture,,REP,Over Votes,0,0,0,0
Wise,22,Commissioner of Agriculture,,REP,Under Votes,17,13,4,0
Wise,22,Commissioner of Agriculture,,REP,TOMMY MERRITT,18,13,5,0
Wise,22,Commissioner of Agriculture,,REP,SID MILLER,28,13,15,0
Wise,22,Commissioner of Agriculture,,REP,ERIC OPIELA,25,13,12,0
Wise,22,Commissioner of Agriculture,,REP,JOE COTTEN,14,12,2,0
Wise,22,Railroad Commissioner,,REP,WAYNE CHRISTIAN,58,34,24,0
Wise,22,Railroad Commissioner,,REP,Over Votes,0,0,0,0
Wise,22,Railroad Commissioner,,REP,Under Votes,23,17,6,0
Wise,22,Railroad Commissioner,,REP,RYAN SITTON,24,16,8,0
Wise,22,Railroad Commissioner,,REP,MALACHI BOYULS,11,7,4,0
Wise,22,Railroad Commissioner,,REP,BECKY BERGER,13,10,3,0
Wise,22,"CHIEF JUSTICE, SUPREME COURT",,REP,NATHAN HECHT,65,36,29,0
Wise,22,"CHIEF JUSTICE, SUPREME COURT",,REP,Over Votes,0,0,0,0
Wise,22,"CHIEF JUSTICE, SUPREME COURT",,REP,Under Votes,25,18,7,0
Wise,22,"CHIEF JUSTICE, SUPREME COURT",,REP,ROBERT TALTON,39,30,9,0
Wise,22,"JUSTICE, SUPREME COURT, PLACE 6, UNEXPIRED TERM",,REP,JEFF BROWN,73,40,33,0
Wise,22,"JUSTICE, SUPREME COURT, PLACE 6, UNEXPIRED TERM",,REP,Over Votes,0,0,0,0
Wise,22,"JUSTICE, SUPREME COURT, PLACE 6, UNEXPIRED TERM",,REP,Under Votes,24,15,9,0
Wise,22,"JUSTICE, SUPREME COURT, PLACE 6, UNEXPIRED TERM",,REP,JOE POOL,32,29,3,0
Wise,22,"JUSTICE, SUPREME COURT, PLACE 7",,REP,JEFF BOYD,101,65,36,0
Wise,22,"JUSTICE, SUPREME COURT, PLACE 7",,REP,Over Votes,0,0,0,0
Wise,22,"JUSTICE, SUPREME COURT, PLACE 7",,REP,Under Votes,28,19,9,0
Wise,22,"JUSTICE, SUPREME COURT, PLACE 8",,REP,SHARON MCCALLY,32,18,14,0
Wise,22,"JUSTICE, SUPREME COURT, PLACE 8",,REP,Over Votes,0,0,0,0
Wise,22,"JUSTICE, SUPREME COURT, PLACE 8",,REP,Under Votes,23,13,10,0
Wise,22,"JUSTICE, SUPREME COURT, PLACE 8",,REP,PHIL JOHNSON,74,53,21,0
Wise,22,"JUDGE, COURT OF CRIMINAL APPEALS, PLACE 3",,REP,BERT RICHARDSON,76,48,28,0
Wise,22,"JUDGE, COURT OF CRIMINAL APPEALS, PLACE 3",,REP,Over Votes,0,0,0,0
Wise,22,"JUDGE, COURT OF CRIMINAL APPEALS, PLACE 3",,REP,Under Votes,26,18,8,0
Wise,22,"JUDGE, COURT OF CRIMINAL APPEALS, PLACE 3",,REP,BARBARA WALTHER,27,18,9,0
Wise,22,"JUDGE, COURT OF CRIMINAL APPEALS, PLACE 4",,REP,JANI JO WOOD,17,11,6,0
Wise,22,"JUDGE, COURT OF CRIMINAL APPEALS, PLACE 4",,REP,Over Votes,0,0,0,0
Wise,22,"JUDGE, COURT OF CRIMINAL APPEALS, PLACE 4",,REP,Under Votes,30,19,11,0
Wise,22,"JUDGE, COURT OF CRIMINAL APPEALS, PLACE 4",,REP,RICHARD DEAN DAVIS,39,28,11,0
Wise,22,"JUDGE, COURT OF CRIMINAL APPEALS, PLACE 4",,REP,KEVIN PATRICK YEARY,43,26,17,0
Wise,22,"JUDGE, COURT OF CRIMINAL APPEALS, PLACE 9",,REP,"W.C. ""BUD"" KIRKENDALL",55,41,14,0
Wise,22,"JUDGE, COURT OF CRIMINAL APPEALS, PLACE 9",,REP,Over Votes,0,0,0,0
Wise,22,"JUDGE, COURT OF CRIMINAL APPEALS, PLACE 9",,REP,Under Votes,30,19,11,0
Wise,22,"JUDGE, COURT OF CRIMINAL APPEALS, PLACE 9",,REP,DAVID NEWELL,44,24,20,0
Wise,22,"STATE SENATOR, DISTRICT 30",,REP,CRAIG ESTES,103,67,36,0
Wise,22,"STATE SENATOR, DISTRICT 30",,REP,Over Votes,0,0,0,0
Wise,22,"STATE SENATOR, DISTRICT 30",,REP,Under Votes,26,17,9,0
Wise,22,"STATE REPRESENTATIVE, DISTRICT 61",,REP,PHIL KING,105,69,36,0
Wise,22,"STATE REPRESENTATIVE, DISTRICT 61",,REP,Over Votes,0,0,0,0
Wise,22,"STATE REPRESENTATIVE, DISTRICT 61",,REP,Under Votes,24,15,9,0
Wise,22,"JUSTICE, 2ND COURT OF APPEALS, PLACE 2",,REP,BILL MEIER,98,65,33,0
Wise,22,"JUSTICE, 2ND COURT OF APPEALS, PLACE 2",,REP,Over Votes,0,0,0,0
Wise,22,"JUSTICE, 2ND COURT OF APPEALS, PLACE 2",,REP,Under Votes,31,19,12,0
Wise,22,"JUSTICE, 2ND COURT OF APPEALS, PLACE 7",,REP,LEE GABRIEL,91,61,30,0
Wise,22,"JUSTICE, 2ND COURT OF APPEALS, PLACE 7",,REP,Over Votes,0,0,0,0
Wise,22,"JUSTICE, 2ND COURT OF APPEALS, PLACE 7",,REP,Under Votes,38,23,15,0
Wise,22,"DISTRICT JUDGE, 271ST JUDICIAL DISTRICT",,REP,JOHN H. FOSTEL,102,69,33,0
Wise,22,"DISTRICT JUDGE, 271ST JUDICIAL DISTRICT",,REP,Over Votes,0,0,0,0
Wise,22,"DISTRICT JUDGE, 271ST JUDICIAL DISTRICT",,REP,Under Votes,27,15,12,0
Wise,22,COUNTY JUDGE,,REP,KYLE E. STEPHENS,39,27,12,0
Wise,22,COUNTY JUDGE,,REP,Over Votes,0,0,0,0
Wise,22,COUNTY JUDGE,,REP,Under Votes,12,5,7,0
Wise,22,COUNTY JUDGE,,REP,J.D. CLARK,52,34,18,0
Wise,22,COUNTY JUDGE,,REP,KEITH MCCOMIS,26,18,8,0
Wise,22,"JUDGE,COUNTY COURT AT LAW NUMBER 1",,REP,MELTON D. CUDE,105,68,37,0
Wise,22,"JUDGE,COUNTY COURT AT LAW NUMBER 1",,REP,Over Votes,0,0,0,0
Wise,22,"JUDGE,COUNTY COURT AT LAW NUMBER 1",,REP,Under Votes,24,16,8,0
Wise,22,DISTRICT CLERK,,REP,BRENDA STARNES ROWE,62,41,21,0
Wise,22,DISTRICT CLERK,,REP,Over Votes,0,0,0,0
Wise,22,DISTRICT CLERK,,REP,Under Votes,14,6,8,0
Wise,22,DISTRICT CLERK,,REP,CALLIE WATTS MANNING,53,37,16,0
Wise,22,COUNTY CLERK,,REP,SHERRY COURSEY LEMON,105,68,37,0
Wise,22,COUNTY CLERK,,REP,Over Votes,0,0,0,0
Wise,22,COUNTY CLERK,,REP,Under Votes,24,16,8,0
Wise,22,COUNTY TREASURER,,REP,KATHERINE CANOVA HUDSON,74,48,26,0
Wise,22,COUNTY TREASURER,,REP,Over Votes,0,0,0,0
Wise,22,COUNTY TREASURER,,REP,Under Votes,17,11,6,0
Wise,22,COUNTY TREASURER,,REP,DANIEL E. RIVAS,38,25,13,0
Wise,22,"JUSTICE OF THE PEACE, PRECINCT 1",,REP,JAN MORROW,87,56,31,0
Wise,22,"JUSTICE OF THE PEACE, PRECINCT 1",,REP,Over Votes,0,0,0,0
Wise,22,"JUSTICE OF THE PEACE, PRECINCT 1",,REP,Under Votes,17,9,8,0
Wise,22,"JUSTICE OF THE PEACE, PRECINCT 1",,REP,JOSH REYNOLDS,25,19,6,0
Wise,22,COUNTY CHAIRMAN,,REP,ALLEN L. WILLIAMSON,105,69,36,0
Wise,22,COUNTY CHAIRMAN,,REP,Over Votes,0,0,0,0
Wise,22,COUNTY CHAIRMAN,,REP,Under Votes,24,15,9,0
Wise,22,U.S. Senate D,,DEM,"MICHAEL ""FJET"" FJETLAND",2,0,2,0
Wise,22,U.S. Senate D,,DEM,Over Votes,0,0,0,0
Wise,22,U.S. Senate D,,DEM,Under Votes,0,0,0,0
Wise,22,U.S. Senate D,,DEM,MAXEY MARIE SCHERR,2,2,0,0
Wise,22,U.S. Senate D,,DEM,HARRY KIM,3,0,3,0
Wise,22,U.S. Senate D,,DEM,DAVID M. ALAMEEL,5,4,1,0
Wise,22,U.S. Senate D,,DEM,KESHA ROGERS,2,2,0,0
Wise,22,"U.S. REPRESENTATIVE, DISTRICT 13 D",,DEM,MIKE MINTER,10,7,3,0
Wise,22,"U.S. REPRESENTATIVE, DISTRICT 13 D",,DEM,Over Votes,0,0,0,0
Wise,22,"U.S. REPRESENTATIVE, DISTRICT 13 D",,DEM,Under Votes,4,1,3,0
Wise,22,GOVERNOR D,,DEM,"REYNALDO ""RAY"" MADRIGAL",0,0,0,0
Wise,22,GOVERNOR D,,DEM,Over Votes,0,0,0,0
Wise,22,GOVERNOR D,,DEM,Under Votes,2,0,2,0
Wise,22,GOVERNOR D,,DEM,WENDY R. DAVIS,12,8,4,0
Wise,22,Lieutenant Governor D,,DEM,LETICIA VAN DE PUTTE,13,8,5,0
Wise,22,Lieutenant Governor D,,DEM,Over Votes,0,0,0,0
Wise,22,Lieutenant Governor D,,DEM,Under Votes,1,0,1,0
Wise,22,Attorney General D,,DEM,SAM HOUSTON,11,8,3,0
Wise,22,Attorney General D,,DEM,Over Votes,0,0,0,0
Wise,22,Attorney General D,,DEM,Under Votes,3,0,3,0
Wise,22,Comptroller	of Public Accounts D,,DEM,MIKE COLLIER,12,8,4,0
Wise,22,Comptroller	of Public Accounts D,,DEM,Over Votes,0,0,0,0
Wise,22,Comptroller	of Public Accounts D,,DEM,Under Votes,2,0,2,0
Wise,22,COMMISSIONER OF THE GENERAL LAND OFFICE D,,DEM,JOHN COOK,12,8,4,0
Wise,22,COMMISSIONER OF THE GENERAL LAND OFFICE D,,DEM,Over Votes,0,0,0,0
Wise,22,COMMISSIONER OF THE GENERAL LAND OFFICE D,,DEM,Under Votes,2,0,2,0
Wise,22,Commissioner of Agriculture D,,DEM,JIM HOGAN,4,3,1,0
Wise,22,Commissioner of Agriculture D,,DEM,Over Votes,0,0,0,0
Wise,22,Commissioner of Agriculture D,,DEM,Under Votes,2,0,2,0
Wise,22,Commissioner of Agriculture D,,DEM,"RICHARD ""KINKY"" FRIEDMAN",6,3,3,0
Wise,22,Commissioner of Agriculture D,,DEM,HUGH ASA FITZSIMONS III,2,2,0,0
Wise,22,Railroad Commissioner D,,DEM,STEVE BROWN,8,4,4,0
Wise,22,Railroad Commissioner D,,DEM,Over Votes,0,0,0,0
Wise,22,Railroad Commissioner D,,DEM,Under Votes,2,1,1,0
Wise,22,Railroad Commissioner D,,DEM,DALE HENRY,4,3,1,0
Wise,22,"CHIEF JUSTICE, SUPREME COURT D",,DEM,WILLIAM MOODY,10,7,3,0
Wise,22,"CHIEF JUSTICE, SUPREME COURT D",,DEM,Over Votes,0,0,0,0
Wise,22,"CHIEF JUSTICE, SUPREME COURT D",,DEM,Under Votes,4,1,3,0
Wise,22,"JUSTICE, SUPREME COURT, PLACE 6, UNEXPIRED TERM D",,DEM,LAWRENCE EDWARD MEYERS,10,7,3,0
Wise,22,"JUSTICE, SUPREME COURT, PLACE 6, UNEXPIRED TERM D",,DEM,Over Votes,0,0,0,0
Wise,22,"JUSTICE, SUPREME COURT, PLACE 6, UNEXPIRED TERM D",,DEM,Under Votes,4,1,3,0
Wise,22,"JUSTICE, SUPREME COURT, PLACE 7 D",,DEM,GINA BENAVIDES,11,7,4,0
Wise,22,"JUSTICE, SUPREME COURT, PLACE 7 D",,DEM,Over Votes,0,0,0,0
Wise,22,"JUSTICE, SUPREME COURT, PLACE 7 D",,DEM,Under Votes,3,1,2,0
Wise,22,"JUDGE, COURT OF CRIMINAL APPEALS, PLACE 3 D",,DEM,JOHN GRANBERG,11,7,4,0
Wise,22,"JUDGE, COURT OF CRIMINAL APPEALS, PLACE 3 D",,DEM,Over Votes,0,0,0,0
Wise,22,"JUDGE, COURT OF CRIMINAL APPEALS, PLACE 3 D",,DEM,Under Votes,3,1,2,0
Wise,22,"STATE REPRESENTATIVE, DISTRICT 61 D",,DEM,MATTHEW BRITT,10,7,3,0
Wise,22,"STATE REPRESENTATIVE, DISTRICT 61 D",,DEM,Over Votes,0,0,0,0
Wise,22,"STATE REPRESENTATIVE, DISTRICT 61 D",,DEM,Under Votes,4,1,3,0
Wise,22,COUNTY JUDGE D,,DEM,"JAMES ""JIM"" STEGALL",11,7,4,0
Wise,22,COUNTY JUDGE D,,DEM,Over Votes,0,0,0,0
Wise,22,COUNTY JUDGE D,,DEM,Under Votes,3,1,2,0
Wise,22,COUNTY PARTY CHAIR D,,DEM,TRACY A. SMITH,12,8,4,0
Wise,22,COUNTY PARTY CHAIR D,,DEM,Over Votes,0,0,0,0
Wise,22,COUNTY PARTY CHAIR D,,DEM,Under Votes,2,0,2,0
Wise,22,RELIGIOUS FREEDOM,,,YES,125,81,44,0
Wise,22,RELIGIOUS FREEDOM,,,Over Votes,0,0,0,0
Wise,22,RELIGIOUS FREEDOM,,,Under Votes,2,2,0,0
Wise,22,RELIGIOUS FREEDOM,,,NO,2,1,1,0
Wise,22,ON IMMIGRATION REFORM D,,,FOR,10,7,3,0
Wise,22,ON IMMIGRATION REFORM D,,,Over Votes,0,0,0,0
Wise,22,ON IMMIGRATION REFORM D,,,Under Votes,2,0,2,0
Wise,22,ON IMMIGRATION REFORM D,,,AGAINST,2,1,1,0
Wise,22,SECOND AMENDMENT,,,YES,113,72,41,0
Wise,22,SECOND AMENDMENT,,,Over Votes,0,0,0,0
Wise,22,SECOND AMENDMENT,,,Under Votes,6,6,0,0
Wise,22,SECOND AMENDMENT,,,NO,10,6,4,0
Wise,22,A LIVING WAGE FOR ALL TEXANS D,,,FOR,11,8,3,0
Wise,22,A LIVING WAGE FOR ALL TEXANS D,,,Over Votes,0,0,0,0
Wise,22,A LIVING WAGE FOR ALL TEXANS D,,,Under Votes,2,0,2,0
Wise,22,A LIVING WAGE FOR ALL TEXANS D,,,AGAINST,1,0,1,0
Wise,22,FRANCHISE TAX,,,YES,105,67,38,0
Wise,22,FRANCHISE TAX,,,Over Votes,0,0,0,0
Wise,22,FRANCHISE TAX,,,Under Votes,10,8,2,0
Wise,22,FRANCHISE TAX,,,NO,14,9,5,0
Wise,22,MEDICAID EXPANSION D,,,FOR,11,8,3,0
Wise,22,MEDICAID EXPANSION D,,,Over Votes,0,0,0,0
Wise,22,MEDICAID EXPANSION D,,,Under Votes,2,0,2,0
Wise,22,MEDICAID EXPANSION D,,,AGAINST,1,0,1,0
Wise,22,WELFARE REFORM,,,YES,123,79,44,0
Wise,22,WELFARE REFORM,,,Over Votes,0,0,0,0
Wise,22,WELFARE REFORM,,,Under Votes,2,2,0,0
Wise,22,WELFARE REFORM,,,NO,4,3,1,0
Wise,22,ON NON-DISCRIMINATION LEGISLATION D,,,FOR,13,8,5,0
Wise,22,ON NON-DISCRIMINATION LEGISLATION D,,,Over Votes,0,0,0,0
Wise,22,ON NON-DISCRIMINATION LEGISLATION D,,,Under Votes,1,0,1,0
Wise,22,ON NON-DISCRIMINATION LEGISLATION D,,,AGAINST,0,0,0,0
Wise,22,NO LAWMAKER EXCEPTIONS,,,YES,127,82,45,0
Wise,22,NO LAWMAKER EXCEPTIONS,,,Over Votes,0,0,0,0
Wise,22,NO LAWMAKER EXCEPTIONS,,,Under Votes,2,2,0,0
Wise,22,NO LAWMAKER EXCEPTIONS,,,NO,0,0,0,0
Wise,22,OBAMACARE,,,YES,119,76,43,0
Wise,22,OBAMACARE,,,Over Votes,0,0,0,0
Wise,22,OBAMACARE,,,Under Votes,1,1,0,0
Wise,22,OBAMACARE,,,NO,9,7,2,0
Wise,23,U.S. Senate,,REP,JOHN CORNYN,107,23,84,0
Wise,23,U.S. Senate,,REP,Over Votes,0,0,0,0
Wise,23,U.S. Senate,,REP,Under Votes,7,1,6,0
Wise,23,U.S. Senate,,REP,REID REASOR,4,0,4,0
Wise,23,U.S. Senate,,REP,STEVE STOCKMAN,52,19,33,0
Wise,23,U.S. Senate,,REP,CURT CLEAVER,6,1,5,0
Wise,23,U.S. Senate,,REP,LINDA VEGA,4,1,3,0
Wise,23,U.S. Senate,,REP,KEN COPE,5,1,4,0
Wise,23,U.S. Senate,,REP,DWAYNE STOVALL,14,4,10,0
Wise,23,U.S. Senate,,REP,CHRIS MAPP,0,0,0,0
Wise,23,"U.S. REPRESENTATIVE, DISTRICT 13",,REP,ELAINE HAYS,36,6,30,0
Wise,23,"U.S. REPRESENTATIVE, DISTRICT 13",,REP,Over Votes,0,0,0,0
Wise,23,"U.S. REPRESENTATIVE, DISTRICT 13",,REP,Under Votes,17,5,12,0
Wise,23,"U.S. REPRESENTATIVE, DISTRICT 13",,REP,PAM BARLOW,34,7,27,0
Wise,23,"U.S. REPRESENTATIVE, DISTRICT 13",,REP,MAC THORNBERRY,112,32,80,0
Wise,23,GOVERNOR,,REP,MIRIAM MARTINEZ,5,3,2,0
Wise,23,GOVERNOR,,REP,Over Votes,0,0,0,0
Wise,23,GOVERNOR,,REP,Under Votes,9,2,7,0
Wise,23,GOVERNOR,,REP,GREG ABBOTT,168,39,129,0
Wise,23,GOVERNOR,,REP,LISA FRITSCH,12,4,8,0
Wise,23,GOVERNOR,,REP,SECEDE KILGORE,5,2,3,0
Wise,23,Lieutenant Governor,,REP,DAN PATRICK,77,19,58,0
Wise,23,Lieutenant Governor,,REP,Over Votes,0,0,0,0
Wise,23,Lieutenant Governor,,REP,Under Votes,10,3,7,0
Wise,23,Lieutenant Governor,,REP,JERRY PATTERSON,27,7,20,0
Wise,23,Lieutenant Governor,,REP,TODD STAPLES,39,11,28,0
Wise,23,Lieutenant Governor,,REP,DAVID DEWHURST,46,10,36,0
Wise,23,Attorney General,,REP,DAN BRANCH,70,15,55,0
Wise,23,Attorney General,,REP,Over Votes,0,0,0,0
Wise,23,Attorney General,,REP,Under Votes,12,5,7,0
Wise,23,Attorney General,,REP,KEN PAXTON,100,24,76,0
Wise,23,Attorney General,,REP,BARRY SMITHERMAN,17,6,11,0
Wise,23,Comptroller	of Public Accounts,,REP,RAUL TORRES,11,2,9,0
Wise,23,Comptroller	of Public Accounts,,REP,Over Votes,1,1,0,0
Wise,23,Comptroller	of Public Accounts,,REP,Under Votes,17,7,10,0
Wise,23,Comptroller	of Public Accounts,,REP,GLEN HEGAR,94,19,75,0
Wise,23,Comptroller	of Public Accounts,,REP,HARVEY HILDERBRAN,30,8,22,0
Wise,23,Comptroller	of Public Accounts,,REP,DEBRA MEDINA,46,13,33,0
Wise,23,COMMISSIONER OF THE GENERAL LAND OFFICE,,REP,DAVID WATTS,75,20,55,0
Wise,23,COMMISSIONER OF THE GENERAL LAND OFFICE,,REP,Over Votes,0,0,0,0
Wise,23,COMMISSIONER OF THE GENERAL LAND OFFICE,,REP,Under Votes,10,2,8,0
Wise,23,COMMISSIONER OF THE GENERAL LAND OFFICE,,REP,GEORGE P. BUSH,114,28,86,0
Wise,23,Commissioner of Agriculture,,REP,J. ALLEN CARNES,23,3,20,0
Wise,23,Commissioner of Agriculture,,REP,Over Votes,0,0,0,0
Wise,23,Commissioner of Agriculture,,REP,Under Votes,16,6,10,0
Wise,23,Commissioner of Agriculture,,REP,TOMMY MERRITT,29,10,19,0
Wise,23,Commissioner of Agriculture,,REP,SID MILLER,49,15,34,0
Wise,23,Commissioner of Agriculture,,REP,ERIC OPIELA,59,13,46,0
Wise,23,Commissioner of Agriculture,,REP,JOE COTTEN,23,3,20,0
Wise,23,Railroad Commissioner,,REP,WAYNE CHRISTIAN,92,18,74,0
Wise,23,Railroad Commissioner,,REP,Over Votes,0,0,0,0
Wise,23,Railroad Commissioner,,REP,Under Votes,19,7,12,0
Wise,23,Railroad Commissioner,,REP,RYAN SITTON,53,11,42,0
Wise,23,Railroad Commissioner,,REP,MALACHI BOYULS,7,2,5,0
Wise,23,Railroad Commissioner,,REP,BECKY BERGER,28,12,16,0
Wise,23,"CHIEF JUSTICE, SUPREME COURT",,REP,NATHAN HECHT,105,18,87,0
Wise,23,"CHIEF JUSTICE, SUPREME COURT",,REP,Over Votes,0,0,0,0
Wise,23,"CHIEF JUSTICE, SUPREME COURT",,REP,Under Votes,27,11,16,0
Wise,23,"CHIEF JUSTICE, SUPREME COURT",,REP,ROBERT TALTON,67,21,46,0
Wise,23,"JUSTICE, SUPREME COURT, PLACE 6, UNEXPIRED TERM",,REP,JEFF BROWN,127,35,92,0
Wise,23,"JUSTICE, SUPREME COURT, PLACE 6, UNEXPIRED TERM",,REP,Over Votes,0,0,0,0
Wise,23,"JUSTICE, SUPREME COURT, PLACE 6, UNEXPIRED TERM",,REP,Under Votes,24,11,13,0
Wise,23,"JUSTICE, SUPREME COURT, PLACE 6, UNEXPIRED TERM",,REP,JOE POOL,48,4,44,0
Wise,23,"JUSTICE, SUPREME COURT, PLACE 7",,REP,JEFF BOYD,155,33,122,0
Wise,23,"JUSTICE, SUPREME COURT, PLACE 7",,REP,Over Votes,0,0,0,0
Wise,23,"JUSTICE, SUPREME COURT, PLACE 7",,REP,Under Votes,44,17,27,0
Wise,23,"JUSTICE, SUPREME COURT, PLACE 8",,REP,SHARON MCCALLY,47,15,32,0
Wise,23,"JUSTICE, SUPREME COURT, PLACE 8",,REP,Over Votes,0,0,0,0
Wise,23,"JUSTICE, SUPREME COURT, PLACE 8",,REP,Under Votes,24,9,15,0
Wise,23,"JUSTICE, SUPREME COURT, PLACE 8",,REP,PHIL JOHNSON,128,26,102,0
Wise,23,"JUDGE, COURT OF CRIMINAL APPEALS, PLACE 3",,REP,BERT RICHARDSON,116,22,94,0
Wise,23,"JUDGE, COURT OF CRIMINAL APPEALS, PLACE 3",,REP,Over Votes,0,0,0,0
Wise,23,"JUDGE, COURT OF CRIMINAL APPEALS, PLACE 3",,REP,Under Votes,34,13,21,0
Wise,23,"JUDGE, COURT OF CRIMINAL APPEALS, PLACE 3",,REP,BARBARA WALTHER,49,15,34,0
Wise,23,"JUDGE, COURT OF CRIMINAL APPEALS, PLACE 4",,REP,JANI JO WOOD,29,5,24,0
Wise,23,"JUDGE, COURT OF CRIMINAL APPEALS, PLACE 4",,REP,Over Votes,0,0,0,0
Wise,23,"JUDGE, COURT OF CRIMINAL APPEALS, PLACE 4",,REP,Under Votes,29,12,17,0
Wise,23,"JUDGE, COURT OF CRIMINAL APPEALS, PLACE 4",,REP,RICHARD DEAN DAVIS,69,15,54,0
Wise,23,"JUDGE, COURT OF CRIMINAL APPEALS, PLACE 4",,REP,KEVIN PATRICK YEARY,72,18,54,0
Wise,23,"JUDGE, COURT OF CRIMINAL APPEALS, PLACE 9",,REP,"W.C. ""BUD"" KIRKENDALL",93,19,74,0
Wise,23,"JUDGE, COURT OF CRIMINAL APPEALS, PLACE 9",,REP,Over Votes,0,0,0,0
Wise,23,"JUDGE, COURT OF CRIMINAL APPEALS, PLACE 9",,REP,Under Votes,33,14,19,0
Wise,23,"JUDGE, COURT OF CRIMINAL APPEALS, PLACE 9",,REP,DAVID NEWELL,73,17,56,0
Wise,23,"STATE SENATOR, DISTRICT 30",,REP,CRAIG ESTES,158,38,120,0
Wise,23,"STATE SENATOR, DISTRICT 30",,REP,Over Votes,0,0,0,0
Wise,23,"STATE SENATOR, DISTRICT 30",,REP,Under Votes,41,12,29,0
Wise,23,"STATE REPRESENTATIVE, DISTRICT 61",,REP,PHIL KING,157,34,123,0
Wise,23,"STATE REPRESENTATIVE, DISTRICT 61",,REP,Over Votes,0,0,0,0
Wise,23,"STATE REPRESENTATIVE, DISTRICT 61",,REP,Under Votes,42,16,26,0
Wise,23,"JUSTICE, 2ND COURT OF APPEALS, PLACE 2",,REP,BILL MEIER,152,32,120,0
Wise,23,"JUSTICE, 2ND COURT OF APPEALS, PLACE 2",,REP,Over Votes,0,0,0,0
Wise,23,"JUSTICE, 2ND COURT OF APPEALS, PLACE 2",,REP,Under Votes,47,18,29,0
Wise,23,"JUSTICE, 2ND COURT OF APPEALS, PLACE 7",,REP,LEE GABRIEL,144,30,114,0
Wise,23,"JUSTICE, 2ND COURT OF APPEALS, PLACE 7",,REP,Over Votes,0,0,0,0
Wise,23,"JUSTICE, 2ND COURT OF APPEALS, PLACE 7",,REP,Under Votes,55,20,35,0
Wise,23,"DISTRICT JUDGE, 271ST JUDICIAL DISTRICT",,REP,JOHN H. FOSTEL,155,32,123,0
Wise,23,"DISTRICT JUDGE, 271ST JUDICIAL DISTRICT",,REP,Over Votes,0,0,0,0
Wise,23,"DISTRICT JUDGE, 271ST JUDICIAL DISTRICT",,REP,Under Votes,44,18,26,0
Wise,23,COUNTY JUDGE,,REP,KYLE E. STEPHENS,40,11,29,0
Wise,23,COUNTY JUDGE,,REP,Over Votes,0,0,0,0
Wise,23,COUNTY JUDGE,,REP,Under Votes,28,7,21,0
Wise,23,COUNTY JUDGE,,REP,J.D. CLARK,94,27,67,0
Wise,23,COUNTY JUDGE,,REP,KEITH MCCOMIS,37,5,32,0
Wise,23,"JUDGE,COUNTY COURT AT LAW NUMBER 1",,REP,MELTON D. CUDE,151,31,120,0
Wise,23,"JUDGE,COUNTY COURT AT LAW NUMBER 1",,REP,Over Votes,0,0,0,0
Wise,23,"JUDGE,COUNTY COURT AT LAW NUMBER 1",,REP,Under Votes,48,19,29,0
Wise,23,DISTRICT CLERK,,REP,BRENDA STARNES ROWE,104,20,84,0
Wise,23,DISTRICT CLERK,,REP,Over Votes,0,0,0,0
Wise,23,DISTRICT CLERK,,REP,Under Votes,34,12,22,0
Wise,23,DISTRICT CLERK,,REP,CALLIE WATTS MANNING,61,18,43,0
Wise,23,COUNTY CLERK,,REP,SHERRY COURSEY LEMON,151,31,120,0
Wise,23,COUNTY CLERK,,REP,Over Votes,0,0,0,0
Wise,23,COUNTY CLERK,,REP,Under Votes,48,19,29,0
Wise,23,COUNTY TREASURER,,REP,KATHERINE CANOVA HUDSON,125,29,96,0
Wise,23,COUNTY TREASURER,,REP,Over Votes,0,0,0,0
Wise,23,COUNTY TREASURER,,REP,Under Votes,31,10,21,0
Wise,23,COUNTY TREASURER,,REP,DANIEL E. RIVAS,43,11,32,0
Wise,23,"JUSTICE OF THE PEACE, PRECINCT 3",,REP,MANDY HOPKINS HAYS,167,40,127,0
Wise,23,"JUSTICE OF THE PEACE, PRECINCT 3",,REP,Over Votes,0,0,0,0
Wise,23,"JUSTICE OF THE PEACE, PRECINCT 3",,REP,Under Votes,32,10,22,0
Wise,23,COUNTY CHAIRMAN,,REP,ALLEN L. WILLIAMSON,156,36,120,0
Wise,23,COUNTY CHAIRMAN,,REP,Over Votes,0,0,0,0
Wise,23,COUNTY CHAIRMAN,,REP,Under Votes,43,14,29,0
Wise,23,U.S. Senate D,,DEM,"MICHAEL ""FJET"" FJETLAND",0,0,0,0
Wise,23,U.S. Senate D,,DEM,Over Votes,0,0,0,0
Wise,23,U.S. Senate D,,DEM,Under Votes,3,1,2,0
Wise,23,U.S. Senate D,,DEM,MAXEY MARIE SCHERR,3,1,2,0
Wise,23,U.S. Senate D,,DEM,HARRY KIM,4,0,4,0
Wise,23,U.S. Senate D,,DEM,DAVID M. ALAMEEL,11,4,7,0
Wise,23,U.S. Senate D,,DEM,KESHA ROGERS,5,2,3,0
Wise,23,"U.S. REPRESENTATIVE, DISTRICT 13 D",,DEM,MIKE MINTER,20,6,14,0
Wise,23,"U.S. REPRESENTATIVE, DISTRICT 13 D",,DEM,Over Votes,0,0,0,0
Wise,23,"U.S. REPRESENTATIVE, DISTRICT 13 D",,DEM,Under Votes,6,2,4,0
Wise,23,GOVERNOR D,,DEM,"REYNALDO ""RAY"" MADRIGAL",2,0,2,0
Wise,23,GOVERNOR D,,DEM,Over Votes,0,0,0,0
Wise,23,GOVERNOR D,,DEM,Under Votes,1,0,1,0
Wise,23,GOVERNOR D,,DEM,WENDY R. DAVIS,23,8,15,0
Wise,23,Lieutenant Governor D,,DEM,LETICIA VAN DE PUTTE,19,6,13,0
Wise,23,Lieutenant Governor D,,DEM,Over Votes,0,0,0,0
Wise,23,Lieutenant Governor D,,DEM,Under Votes,7,2,5,0
Wise,23,Attorney General D,,DEM,SAM HOUSTON,21,6,15,0
Wise,23,Attorney General D,,DEM,Over Votes,0,0,0,0
Wise,23,Attorney General D,,DEM,Under Votes,5,2,3,0
Wise,23,Comptroller	of Public Accounts D,,DEM,MIKE COLLIER,20,6,14,0
Wise,23,Comptroller	of Public Accounts D,,DEM,Over Votes,0,0,0,0
Wise,23,Comptroller	of Public Accounts D,,DEM,Under Votes,6,2,4,0
Wise,23,COMMISSIONER OF THE GENERAL LAND OFFICE D,,DEM,JOHN COOK,21,6,15,0
Wise,23,COMMISSIONER OF THE GENERAL LAND OFFICE D,,DEM,Over Votes,0,0,0,0
Wise,23,COMMISSIONER OF THE GENERAL LAND OFFICE D,,DEM,Under Votes,5,2,3,0
Wise,23,Commissioner of Agriculture D,,DEM,JIM HOGAN,13,4,9,0
Wise,23,Commissioner of Agriculture D,,DEM,Over Votes,0,0,0,0
Wise,23,Commissioner of Agriculture D,,DEM,Under Votes,4,1,3,0
Wise,23,Commissioner of Agriculture D,,DEM,"RICHARD ""KINKY"" FRIEDMAN",7,3,4,0
Wise,23,Commissioner of Agriculture D,,DEM,HUGH ASA FITZSIMONS III,2,0,2,0
Wise,23,Railroad Commissioner D,,DEM,STEVE BROWN,15,5,10,0
Wise,23,Railroad Commissioner D,,DEM,Over Votes,0,0,0,0
Wise,23,Railroad Commissioner D,,DEM,Under Votes,4,1,3,0
Wise,23,Railroad Commissioner D,,DEM,DALE HENRY,7,2,5,0
Wise,23,"CHIEF JUSTICE, SUPREME COURT D",,DEM,WILLIAM MOODY,21,6,15,0
Wise,23,"CHIEF JUSTICE, SUPREME COURT D",,DEM,Over Votes,0,0,0,0
Wise,23,"CHIEF JUSTICE, SUPREME COURT D",,DEM,Under Votes,5,2,3,0
Wise,23,"JUSTICE, SUPREME COURT, PLACE 6, UNEXPIRED TERM D",,DEM,LAWRENCE EDWARD MEYERS,21,6,15,0
Wise,23,"JUSTICE, SUPREME COURT, PLACE 6, UNEXPIRED TERM D",,DEM,Over Votes,0,0,0,0
Wise,23,"JUSTICE, SUPREME COURT, PLACE 6, UNEXPIRED TERM D",,DEM,Under Votes,5,2,3,0
Wise,23,"JUSTICE, SUPREME COURT, PLACE 7 D",,DEM,GINA BENAVIDES,20,5,15,0
Wise,23,"JUSTICE, SUPREME COURT, PLACE 7 D",,DEM,Over Votes,0,0,0,0
Wise,23,"JUSTICE, SUPREME COURT, PLACE 7 D",,DEM,Under Votes,6,3,3,0
Wise,23,"JUDGE, COURT OF CRIMINAL APPEALS, PLACE 3 D",,DEM,JOHN GRANBERG,20,6,14,0
Wise,23,"JUDGE, COURT OF CRIMINAL APPEALS, PLACE 3 D",,DEM,Over Votes,0,0,0,0
Wise,23,"JUDGE, COURT OF CRIMINAL APPEALS, PLACE 3 D",,DEM,Under Votes,6,2,4,0
Wise,23,"STATE REPRESENTATIVE, DISTRICT 61 D",,DEM,MATTHEW BRITT,19,6,13,0
Wise,23,"STATE REPRESENTATIVE, DISTRICT 61 D",,DEM,Over Votes,0,0,0,0
Wise,23,"STATE REPRESENTATIVE, DISTRICT 61 D",,DEM,Under Votes,7,2,5,0
Wise,23,COUNTY JUDGE D,,DEM,"JAMES ""JIM"" STEGALL",20,6,14,0
Wise,23,COUNTY JUDGE D,,DEM,Over Votes,0,0,0,0
Wise,23,COUNTY JUDGE D,,DEM,Under Votes,6,2,4,0
Wise,23,COUNTY PARTY CHAIR D,,DEM,TRACY A. SMITH,21,6,15,0
Wise,23,COUNTY PARTY CHAIR D,,DEM,Over Votes,0,0,0,0
Wise,23,COUNTY PARTY CHAIR D,,DEM,Under Votes,5,2,3,0
Wise,23,RELIGIOUS FREEDOM,,,YES,183,46,137,0
Wise,23,RELIGIOUS FREEDOM,,,Over Votes,0,0,0,0
Wise,23,RELIGIOUS FREEDOM,,,Under Votes,11,3,8,0
Wise,23,RELIGIOUS FREEDOM,,,NO,5,1,4,0
Wise,23,ON IMMIGRATION REFORM D,,,FOR,17,5,12,0
Wise,23,ON IMMIGRATION REFORM D,,,Over Votes,0,0,0,0
Wise,23,ON IMMIGRATION REFORM D,,,Under Votes,1,0,1,0
Wise,23,ON IMMIGRATION REFORM D,,,AGAINST,8,3,5,0
Wise,23,SECOND AMENDMENT,,,YES,169,40,129,0
Wise,23,SECOND AMENDMENT,,,Over Votes,0,0,0,0
Wise,23,SECOND AMENDMENT,,,Under Votes,11,2,9,0
Wise,23,SECOND AMENDMENT,,,NO,19,8,11,0
Wise,23,A LIVING WAGE FOR ALL TEXANS D,,,FOR,19,7,12,0
Wise,23,A LIVING WAGE FOR ALL TEXANS D,,,Over Votes,0,0,0,0
Wise,23,A LIVING WAGE FOR ALL TEXANS D,,,Under Votes,2,0,2,0
Wise,23,A LIVING WAGE FOR ALL TEXANS D,,,AGAINST,5,1,4,0
Wise,23,FRANCHISE TAX,,,YES,164,37,127,0
Wise,23,FRANCHISE TAX,,,Over Votes,0,0,0,0
Wise,23,FRANCHISE TAX,,,Under Votes,13,4,9,0
Wise,23,FRANCHISE TAX,,,NO,22,9,13,0
Wise,23,MEDICAID EXPANSION D,,,FOR,18,6,12,0
Wise,23,MEDICAID EXPANSION D,,,Over Votes,0,0,0,0
Wise,23,MEDICAID EXPANSION D,,,Under Votes,2,0,2,0
Wise,23,MEDICAID EXPANSION D,,,AGAINST,6,2,4,0
Wise,23,WELFARE REFORM,,,YES,177,45,132,0
Wise,23,WELFARE REFORM,,,Over Votes,0,0,0,0
Wise,23,WELFARE REFORM,,,Under Votes,11,2,9,0
Wise,23,WELFARE REFORM,,,NO,11,3,8,0
Wise,23,ON NON-DISCRIMINATION LEGISLATION D,,,FOR,15,5,10,0
Wise,23,ON NON-DISCRIMINATION LEGISLATION D,,,Over Votes,0,0,0,0
Wise,23,ON NON-DISCRIMINATION LEGISLATION D,,,Under Votes,1,0,1,0
Wise,23,ON NON-DISCRIMINATION LEGISLATION D,,,AGAINST,10,3,7,0
Wise,23,NO LAWMAKER EXCEPTIONS,,,YES,190,48,142,0
Wise,23,NO LAWMAKER EXCEPTIONS,,,Over Votes,0,0,0,0
Wise,23,NO LAWMAKER EXCEPTIONS,,,Under Votes,9,2,7,0
Wise,23,NO LAWMAKER EXCEPTIONS,,,NO,0,0,0,0
Wise,23,OBAMACARE,,,YES,181,42,139,0
Wise,23,OBAMACARE,,,Over Votes,0,0,0,0
Wise,23,OBAMACARE,,,Under Votes,9,2,7,0
Wise,23,OBAMACARE,,,NO,9,6,3,0
Wise,24,U.S. Senate,,REP,JOHN CORNYN,187,90,97,0
Wise,24,U.S. Senate,,REP,Over Votes,0,0,0,0
Wise,24,U.S. Senate,,REP,Under Votes,9,4,5,0
Wise,24,U.S. Senate,,REP,REID REASOR,9,7,2,0
Wise,24,U.S. Senate,,REP,STEVE STOCKMAN,71,21,50,0
Wise,24,U.S. Senate,,REP,CURT CLEAVER,5,1,4,0
Wise,24,U.S. Senate,,REP,LINDA VEGA,8,3,5,0
Wise,24,U.S. Senate,,REP,KEN COPE,10,6,4,0
Wise,24,U.S. Senate,,REP,DWAYNE STOVALL,30,11,19,0
Wise,24,U.S. Senate,,REP,CHRIS MAPP,9,3,6,0
Wise,24,"U.S. REPRESENTATIVE, DISTRICT 12",,REP,KAY GRANGER,277,121,156,0
Wise,24,"U.S. REPRESENTATIVE, DISTRICT 12",,REP,Over Votes,0,0,0,0
Wise,24,"U.S. REPRESENTATIVE, DISTRICT 12",,REP,Under Votes,61,25,36,0
Wise,24,GOVERNOR,,REP,MIRIAM MARTINEZ,8,4,4,0
Wise,24,GOVERNOR,,REP,Over Votes,0,0,0,0
Wise,24,GOVERNOR,,REP,Under Votes,11,6,5,0
Wise,24,GOVERNOR,,REP,GREG ABBOTT,296,126,170,0
Wise,24,GOVERNOR,,REP,LISA FRITSCH,12,5,7,0
Wise,24,GOVERNOR,,REP,SECEDE KILGORE,11,5,6,0
Wise,24,Lieutenant Governor,,REP,DAN PATRICK,154,67,87,0
Wise,24,Lieutenant Governor,,REP,Over Votes,0,0,0,0
Wise,24,Lieutenant Governor,,REP,Under Votes,10,4,6,0
Wise,24,Lieutenant Governor,,REP,JERRY PATTERSON,27,7,20,0
Wise,24,Lieutenant Governor,,REP,TODD STAPLES,77,36,41,0
Wise,24,Lieutenant Governor,,REP,DAVID DEWHURST,70,32,38,0
Wise,24,Attorney General,,REP,DAN BRANCH,115,53,62,0
Wise,24,Attorney General,,REP,Over Votes,0,0,0,0
Wise,24,Attorney General,,REP,Under Votes,13,3,10,0
Wise,24,Attorney General,,REP,KEN PAXTON,169,70,99,0
Wise,24,Attorney General,,REP,BARRY SMITHERMAN,41,20,21,0
Wise,24,Comptroller	of Public Accounts,,REP,RAUL TORRES,25,11,14,0
Wise,24,Comptroller	of Public Accounts,,REP,Over Votes,0,0,0,0
Wise,24,Comptroller	of Public Accounts,,REP,Under Votes,21,8,13,0
Wise,24,Comptroller	of Public Accounts,,REP,GLEN HEGAR,149,60,89,0
Wise,24,Comptroller	of Public Accounts,,REP,HARVEY HILDERBRAN,70,38,32,0
Wise,24,Comptroller	of Public Accounts,,REP,DEBRA MEDINA,73,29,44,0
Wise,24,COMMISSIONER OF THE GENERAL LAND OFFICE,,REP,DAVID WATTS,109,37,72,0
Wise,24,COMMISSIONER OF THE GENERAL LAND OFFICE,,REP,Over Votes,0,0,0,0
Wise,24,COMMISSIONER OF THE GENERAL LAND OFFICE,,REP,Under Votes,17,10,7,0
Wise,24,COMMISSIONER OF THE GENERAL LAND OFFICE,,REP,GEORGE P. BUSH,212,99,113,0
Wise,24,Commissioner of Agriculture,,REP,J. ALLEN CARNES,45,16,29,0
Wise,24,Commissioner of Agriculture,,REP,Over Votes,0,0,0,0
Wise,24,Commissioner of Agriculture,,REP,Under Votes,26,12,14,0
Wise,24,Commissioner of Agriculture,,REP,TOMMY MERRITT,42,20,22,0
Wise,24,Commissioner of Agriculture,,REP,SID MILLER,106,52,54,0
Wise,24,Commissioner of Agriculture,,REP,ERIC OPIELA,75,22,53,0
Wise,24,Commissioner of Agriculture,,REP,JOE COTTEN,44,24,20,0
Wise,24,Railroad Commissioner,,REP,WAYNE CHRISTIAN,149,54,95,0
Wise,24,Railroad Commissioner,,REP,Over Votes,0,0,0,0
Wise,24,Railroad Commissioner,,REP,Under Votes,31,12,19,0
Wise,24,Railroad Commissioner,,REP,RYAN SITTON,95,56,39,0
Wise,24,Railroad Commissioner,,REP,MALACHI BOYULS,13,2,11,0
Wise,24,Railroad Commissioner,,REP,BECKY BERGER,50,22,28,0
Wise,24,"CHIEF JUSTICE, SUPREME COURT",,REP,NATHAN HECHT,188,67,121,0
Wise,24,"CHIEF JUSTICE, SUPREME COURT",,REP,Over Votes,0,0,0,0
Wise,24,"CHIEF JUSTICE, SUPREME COURT",,REP,Under Votes,29,12,17,0
Wise,24,"CHIEF JUSTICE, SUPREME COURT",,REP,ROBERT TALTON,121,67,54,0
Wise,24,"JUSTICE, SUPREME COURT, PLACE 6, UNEXPIRED TERM",,REP,JEFF BROWN,228,95,133,0
Wise,24,"JUSTICE, SUPREME COURT, PLACE 6, UNEXPIRED TERM",,REP,Over Votes,0,0,0,0
Wise,24,"JUSTICE, SUPREME COURT, PLACE 6, UNEXPIRED TERM",,REP,Under Votes,31,13,18,0
Wise,24,"JUSTICE, SUPREME COURT, PLACE 6, UNEXPIRED TERM",,REP,JOE POOL,79,38,41,0
Wise,24,"JUSTICE, SUPREME COURT, PLACE 7",,REP,JEFF BOYD,285,123,162,0
Wise,24,"JUSTICE, SUPREME COURT, PLACE 7",,REP,Over Votes,0,0,0,0
Wise,24,"JUSTICE, SUPREME COURT, PLACE 7",,REP,Under Votes,53,23,30,0
Wise,24,"JUSTICE, SUPREME COURT, PLACE 8",,REP,SHARON MCCALLY,126,60,66,0
Wise,24,"JUSTICE, SUPREME COURT, PLACE 8",,REP,Over Votes,0,0,0,0
Wise,24,"JUSTICE, SUPREME COURT, PLACE 8",,REP,Under Votes,30,14,16,0
Wise,24,"JUSTICE, SUPREME COURT, PLACE 8",,REP,PHIL JOHNSON,182,72,110,0
Wise,24,"JUDGE, COURT OF CRIMINAL APPEALS, PLACE 3",,REP,BERT RICHARDSON,216,95,121,0
Wise,24,"JUDGE, COURT OF CRIMINAL APPEALS, PLACE 3",,REP,Over Votes,0,0,0,0
Wise,24,"JUDGE, COURT OF CRIMINAL APPEALS, PLACE 3",,REP,Under Votes,38,13,25,0
Wise,24,"JUDGE, COURT OF CRIMINAL APPEALS, PLACE 3",,REP,BARBARA WALTHER,84,38,46,0
Wise,24,"JUDGE, COURT OF CRIMINAL APPEALS, PLACE 4",,REP,JANI JO WOOD,60,26,34,0
Wise,24,"JUDGE, COURT OF CRIMINAL APPEALS, PLACE 4",,REP,Over Votes,0,0,0,0
Wise,24,"JUDGE, COURT OF CRIMINAL APPEALS, PLACE 4",,REP,Under Votes,42,16,26,0
Wise,24,"JUDGE, COURT OF CRIMINAL APPEALS, PLACE 4",,REP,RICHARD DEAN DAVIS,112,47,65,0
Wise,24,"JUDGE, COURT OF CRIMINAL APPEALS, PLACE 4",,REP,KEVIN PATRICK YEARY,124,57,67,0
Wise,24,"JUDGE, COURT OF CRIMINAL APPEALS, PLACE 9",,REP,"W.C. ""BUD"" KIRKENDALL",173,85,88,0
Wise,24,"JUDGE, COURT OF CRIMINAL APPEALS, PLACE 9",,REP,Over Votes,0,0,0,0
Wise,24,"JUDGE, COURT OF CRIMINAL APPEALS, PLACE 9",,REP,Under Votes,38,12,26,0
Wise,24,"JUDGE, COURT OF CRIMINAL APPEALS, PLACE 9",,REP,DAVID NEWELL,127,49,78,0
Wise,24,"STATE SENATOR, DISTRICT 30",,REP,CRAIG ESTES,289,127,162,0
Wise,24,"STATE SENATOR, DISTRICT 30",,REP,Over Votes,0,0,0,0
Wise,24,"STATE SENATOR, DISTRICT 30",,REP,Under Votes,49,19,30,0
Wise,24,"STATE REPRESENTATIVE, DISTRICT 61",,REP,PHIL KING,289,129,160,0
Wise,24,"STATE REPRESENTATIVE, DISTRICT 61",,REP,Over Votes,0,0,0,0
Wise,24,"STATE REPRESENTATIVE, DISTRICT 61",,REP,Under Votes,49,17,32,0
Wise,24,"JUSTICE, 2ND COURT OF APPEALS, PLACE 2",,REP,BILL MEIER,279,125,154,0
Wise,24,"JUSTICE, 2ND COURT OF APPEALS, PLACE 2",,REP,Over Votes,0,0,0,0
Wise,24,"JUSTICE, 2ND COURT OF APPEALS, PLACE 2",,REP,Under Votes,59,21,38,0
Wise,24,"JUSTICE, 2ND COURT OF APPEALS, PLACE 7",,REP,LEE GABRIEL,262,116,146,0
Wise,24,"JUSTICE, 2ND COURT OF APPEALS, PLACE 7",,REP,Over Votes,0,0,0,0
Wise,24,"JUSTICE, 2ND COURT OF APPEALS, PLACE 7",,REP,Under Votes,76,30,46,0
Wise,24,"DISTRICT JUDGE, 271ST JUDICIAL DISTRICT",,REP,JOHN H. FOSTEL,272,121,151,0
Wise,24,"DISTRICT JUDGE, 271ST JUDICIAL DISTRICT",,REP,Over Votes,0,0,0,0
Wise,24,"DISTRICT JUDGE, 271ST JUDICIAL DISTRICT",,REP,Under Votes,66,25,41,0
Wise,24,COUNTY JUDGE,,REP,KYLE E. STEPHENS,79,32,47,0
Wise,24,COUNTY JUDGE,,REP,Over Votes,0,0,0,0
Wise,24,COUNTY JUDGE,,REP,Under Votes,43,13,30,0
Wise,24,COUNTY JUDGE,,REP,J.D. CLARK,136,61,75,0
Wise,24,COUNTY JUDGE,,REP,KEITH MCCOMIS,80,40,40,0
Wise,24,"JUDGE,COUNTY COURT AT LAW NUMBER 1",,REP,MELTON D. CUDE,264,117,147,0
Wise,24,"JUDGE,COUNTY COURT AT LAW NUMBER 1",,REP,Over Votes,0,0,0,0
Wise,24,"JUDGE,COUNTY COURT AT LAW NUMBER 1",,REP,Under Votes,74,29,45,0
Wise,24,DISTRICT CLERK,,REP,BRENDA STARNES ROWE,185,91,94,0
Wise,24,DISTRICT CLERK,,REP,Over Votes,0,0,0,0
Wise,24,DISTRICT CLERK,,REP,Under Votes,49,15,34,0
Wise,24,DISTRICT CLERK,,REP,CALLIE WATTS MANNING,104,40,64,0
Wise,24,COUNTY CLERK,,REP,SHERRY COURSEY LEMON,270,119,151,0
Wise,24,COUNTY CLERK,,REP,Over Votes,0,0,0,0
Wise,24,COUNTY CLERK,,REP,Under Votes,68,27,41,0
Wise,24,COUNTY TREASURER,,REP,KATHERINE CANOVA HUDSON,212,95,117,0
Wise,24,COUNTY TREASURER,,REP,Over Votes,0,0,0,0
Wise,24,COUNTY TREASURER,,REP,Under Votes,52,17,35,0
Wise,24,COUNTY TREASURER,,REP,DANIEL E. RIVAS,74,34,40,0
Wise,24,"JUSTICE OF THE PEACE, PRECINCT 3",,REP,MANDY HOPKINS HAYS,283,124,159,0
Wise,24,"JUSTICE OF THE PEACE, PRECINCT 3",,REP,Over Votes,0,0,0,0
Wise,24,"JUSTICE OF THE PEACE, PRECINCT 3",,REP,Under Votes,55,22,33,0
Wise,24,COUNTY CHAIRMAN,,REP,ALLEN L. WILLIAMSON,275,123,152,0
Wise,24,COUNTY CHAIRMAN,,REP,Over Votes,0,0,0,0
Wise,24,COUNTY CHAIRMAN,,REP,Under Votes,63,23,40,0
Wise,24,U.S. Senate D,,DEM,"MICHAEL ""FJET"" FJETLAND",4,2,2,0
Wise,24,U.S. Senate D,,DEM,Over Votes,0,0,0,0
Wise,24,U.S. Senate D,,DEM,Under Votes,4,0,4,0
Wise,24,U.S. Senate D,,DEM,MAXEY MARIE SCHERR,9,5,4,0
Wise,24,U.S. Senate D,,DEM,HARRY KIM,1,1,0,0
Wise,24,U.S. Senate D,,DEM,DAVID M. ALAMEEL,23,16,7,0
Wise,24,U.S. Senate D,,DEM,KESHA ROGERS,6,5,1,0
Wise,24,"U.S. REPRESENTATIVE, DISTRICT 12 D",,DEM,MARK GREENE,37,24,13,0
Wise,24,"U.S. REPRESENTATIVE, DISTRICT 12 D",,DEM,Over Votes,0,0,0,0
Wise,24,"U.S. REPRESENTATIVE, DISTRICT 12 D",,DEM,Under Votes,10,5,5,0
Wise,24,GOVERNOR D,,DEM,"REYNALDO ""RAY"" MADRIGAL",5,2,3,0
Wise,24,GOVERNOR D,,DEM,Over Votes,0,0,0,0
Wise,24,GOVERNOR D,,DEM,Under Votes,1,1,0,0
Wise,24,GOVERNOR D,,DEM,WENDY R. DAVIS,41,26,15,0
Wise,24,Lieutenant Governor D,,DEM,LETICIA VAN DE PUTTE,38,24,14,0
Wise,24,Lieutenant Governor D,,DEM,Over Votes,0,0,0,0
Wise,24,Lieutenant Governor D,,DEM,Under Votes,9,5,4,0
Wise,24,Attorney General D,,DEM,SAM HOUSTON,40,25,15,0
Wise,24,Attorney General D,,DEM,Over Votes,0,0,0,0
Wise,24,Attorney General D,,DEM,Under Votes,7,4,3,0
Wise,24,Comptroller	of Public Accounts D,,DEM,MIKE COLLIER,38,24,14,0
Wise,24,Comptroller	of Public Accounts D,,DEM,Over Votes,0,0,0,0
Wise,24,Comptroller	of Public Accounts D,,DEM,Under Votes,9,5,4,0
Wise,24,COMMISSIONER OF THE GENERAL LAND OFFICE D,,DEM,JOHN COOK,40,25,15,0
Wise,24,COMMISSIONER OF THE GENERAL LAND OFFICE D,,DEM,Over Votes,0,0,0,0
Wise,24,COMMISSIONER OF THE GENERAL LAND OFFICE D,,DEM,Under Votes,7,4,3,0
Wise,24,Commissioner of Agriculture D,,DEM,JIM HOGAN,19,13,6,0
Wise,24,Commissioner of Agriculture D,,DEM,Over Votes,0,0,0,0
Wise,24,Commissioner of Agriculture D,,DEM,Under Votes,4,3,1,0
Wise,24,Commissioner of Agriculture D,,DEM,"RICHARD ""KINKY"" FRIEDMAN",20,11,9,0
Wise,24,Commissioner of Agriculture D,,DEM,HUGH ASA FITZSIMONS III,4,2,2,0
Wise,24,Railroad Commissioner D,,DEM,STEVE BROWN,24,18,6,0
Wise,24,Railroad Commissioner D,,DEM,Over Votes,0,0,0,0
Wise,24,Railroad Commissioner D,,DEM,Under Votes,4,1,3,0
Wise,24,Railroad Commissioner D,,DEM,DALE HENRY,19,10,9,0
Wise,24,"CHIEF JUSTICE, SUPREME COURT D",,DEM,WILLIAM MOODY,38,24,14,0
Wise,24,"CHIEF JUSTICE, SUPREME COURT D",,DEM,Over Votes,0,0,0,0
Wise,24,"CHIEF JUSTICE, SUPREME COURT D",,DEM,Under Votes,9,5,4,0
Wise,24,"JUSTICE, SUPREME COURT, PLACE 6, UNEXPIRED TERM D",,DEM,LAWRENCE EDWARD MEYERS,39,25,14,0
Wise,24,"JUSTICE, SUPREME COURT, PLACE 6, UNEXPIRED TERM D",,DEM,Over Votes,0,0,0,0
Wise,24,"JUSTICE, SUPREME COURT, PLACE 6, UNEXPIRED TERM D",,DEM,Under Votes,8,4,4,0
Wise,24,"JUSTICE, SUPREME COURT, PLACE 7 D",,DEM,GINA BENAVIDES,41,26,15,0
Wise,24,"JUSTICE, SUPREME COURT, PLACE 7 D",,DEM,Over Votes,0,0,0,0
Wise,24,"JUSTICE, SUPREME COURT, PLACE 7 D",,DEM,Under Votes,6,3,3,0
Wise,24,"JUDGE, COURT OF CRIMINAL APPEALS, PLACE 3 D",,DEM,JOHN GRANBERG,40,26,14,0
Wise,24,"JUDGE, COURT OF CRIMINAL APPEALS, PLACE 3 D",,DEM,Over Votes,0,0,0,0
Wise,24,"JUDGE, COURT OF CRIMINAL APPEALS, PLACE 3 D",,DEM,Under Votes,7,3,4,0
Wise,24,"STATE REPRESENTATIVE, DISTRICT 61 D",,DEM,MATTHEW BRITT,44,28,16,0
Wise,24,"STATE REPRESENTATIVE, DISTRICT 61 D",,DEM,Over Votes,0,0,0,0
Wise,24,"STATE REPRESENTATIVE, DISTRICT 61 D",,DEM,Under Votes,3,1,2,0
Wise,24,COUNTY JUDGE D,,DEM,"JAMES ""JIM"" STEGALL",41,27,14,0
Wise,24,COUNTY JUDGE D,,DEM,Over Votes,0,0,0,0
Wise,24,COUNTY JUDGE D,,DEM,Under Votes,6,2,4,0
Wise,24,COUNTY PARTY CHAIR D,,DEM,TRACY A. SMITH,41,26,15,0
Wise,24,COUNTY PARTY CHAIR D,,DEM,Over Votes,0,0,0,0
Wise,24,COUNTY PARTY CHAIR D,,DEM,Under Votes,6,3,3,0
Wise,24,RELIGIOUS FREEDOM,,,YES,324,142,182,0
Wise,24,RELIGIOUS FREEDOM,,,Over Votes,0,0,0,0
Wise,24,RELIGIOUS FREEDOM,,,Under Votes,8,2,6,0
Wise,24,RELIGIOUS FREEDOM,,,NO,6,2,4,0
Wise,24,ON IMMIGRATION REFORM D,,,FOR,34,20,14,0
Wise,24,ON IMMIGRATION REFORM D,,,Over Votes,0,0,0,0
Wise,24,ON IMMIGRATION REFORM D,,,Under Votes,1,0,1,0
Wise,24,ON IMMIGRATION REFORM D,,,AGAINST,12,9,3,0
Wise,24,SECOND AMENDMENT,,,YES,310,134,176,0
Wise,24,SECOND AMENDMENT,,,Over Votes,0,0,0,0
Wise,24,SECOND AMENDMENT,,,Under Votes,9,3,6,0
Wise,24,SECOND AMENDMENT,,,NO,19,9,10,0
Wise,24,A LIVING WAGE FOR ALL TEXANS D,,,FOR,40,26,14,0
Wise,24,A LIVING WAGE FOR ALL TEXANS D,,,Over Votes,0,0,0,0
Wise,24,A LIVING WAGE FOR ALL TEXANS D,,,Under Votes,1,0,1,0
Wise,24,A LIVING WAGE FOR ALL TEXANS D,,,AGAINST,6,3,3,0
Wise,24,FRANCHISE TAX,,,YES,287,124,163,0
Wise,24,FRANCHISE TAX,,,Over Votes,0,0,0,0
Wise,24,FRANCHISE TAX,,,Under Votes,12,2,10,0
Wise,24,FRANCHISE TAX,,,NO,39,20,19,0
Wise,24,MEDICAID EXPANSION D,,,FOR,38,24,14,0
Wise,24,MEDICAID EXPANSION D,,,Over Votes,0,0,0,0
Wise,24,MEDICAID EXPANSION D,,,Under Votes,1,0,1,0
Wise,24,MEDICAID EXPANSION D,,,AGAINST,8,5,3,0
Wise,24,WELFARE REFORM,,,YES,317,140,177,0
Wise,24,WELFARE REFORM,,,Over Votes,0,0,0,0
Wise,24,WELFARE REFORM,,,Under Votes,8,1,7,0
Wise,24,WELFARE REFORM,,,NO,13,5,8,0
Wise,24,ON NON-DISCRIMINATION LEGISLATION D,,,FOR,40,27,13,0
Wise,24,ON NON-DISCRIMINATION LEGISLATION D,,,Over Votes,0,0,0,0
Wise,24,ON NON-DISCRIMINATION LEGISLATION D,,,Under Votes,1,0,1,0
Wise,24,ON NON-DISCRIMINATION LEGISLATION D,,,AGAINST,6,2,4,0
Wise,24,NO LAWMAKER EXCEPTIONS,,,YES,330,145,185,0
Wise,24,NO LAWMAKER EXCEPTIONS,,,Over Votes,0,0,0,0
Wise,24,NO LAWMAKER EXCEPTIONS,,,Under Votes,7,1,6,0
Wise,24,NO LAWMAKER EXCEPTIONS,,,NO,1,0,1,0
Wise,24,OBAMACARE,,,YES,317,141,176,0
Wise,24,OBAMACARE,,,Over Votes,0,0,0,0
Wise,24,OBAMACARE,,,Under Votes,8,1,7,0
Wise,24,OBAMACARE,,,NO,13,4,9,0
Wise,25,U.S. Senate,,REP,JOHN CORNYN,7,5,2,0
Wise,25,U.S. Senate,,REP,Over Votes,0,0,0,0
Wise,25,U.S. Senate,,REP,Under Votes,0,0,0,0
Wise,25,U.S. Senate,,REP,REID REASOR,0,0,0,0
Wise,25,U.S. Senate,,REP,STEVE STOCKMAN,7,2,5,0
Wise,25,U.S. Senate,,REP,CURT CLEAVER,0,0,0,0
Wise,25,U.S. Senate,,REP,LINDA VEGA,0,0,0,0
Wise,25,U.S. Senate,,REP,KEN COPE,0,0,0,0
Wise,25,U.S. Senate,,REP,DWAYNE STOVALL,0,0,0,0
Wise,25,U.S. Senate,,REP,CHRIS MAPP,0,0,0,0
Wise,25,"U.S. REPRESENTATIVE, DISTRICT 12",,REP,KAY GRANGER,13,7,6,0
Wise,25,"U.S. REPRESENTATIVE, DISTRICT 12",,REP,Over Votes,0,0,0,0
Wise,25,"U.S. REPRESENTATIVE, DISTRICT 12",,REP,Under Votes,1,0,1,0
Wise,25,GOVERNOR,,REP,MIRIAM MARTINEZ,0,0,0,0
Wise,25,GOVERNOR,,REP,Over Votes,0,0,0,0
Wise,25,GOVERNOR,,REP,Under Votes,0,0,0,0
Wise,25,GOVERNOR,,REP,GREG ABBOTT,14,7,7,0
Wise,25,GOVERNOR,,REP,LISA FRITSCH,0,0,0,0
Wise,25,GOVERNOR,,REP,SECEDE KILGORE,0,0,0,0
Wise,25,Lieutenant Governor,,REP,DAN PATRICK,3,0,3,0
Wise,25,Lieutenant Governor,,REP,Over Votes,0,0,0,0
Wise,25,Lieutenant Governor,,REP,Under Votes,0,0,0,0
Wise,25,Lieutenant Governor,,REP,JERRY PATTERSON,1,0,1,0
Wise,25,Lieutenant Governor,,REP,TODD STAPLES,5,4,1,0
Wise,25,Lieutenant Governor,,REP,DAVID DEWHURST,5,3,2,0
Wise,25,Attorney General,,REP,DAN BRANCH,5,3,2,0
Wise,25,Attorney General,,REP,Over Votes,0,0,0,0
Wise,25,Attorney General,,REP,Under Votes,3,2,1,0
Wise,25,Attorney General,,REP,KEN PAXTON,5,2,3,0
Wise,25,Attorney General,,REP,BARRY SMITHERMAN,1,0,1,0
Wise,25,Comptroller	of Public Accounts,,REP,RAUL TORRES,1,0,1,0
Wise,25,Comptroller	of Public Accounts,,REP,Over Votes,0,0,0,0
Wise,25,Comptroller	of Public Accounts,,REP,Under Votes,3,2,1,0
Wise,25,Comptroller	of Public Accounts,,REP,GLEN HEGAR,7,4,3,0
Wise,25,Comptroller	of Public Accounts,,REP,HARVEY HILDERBRAN,1,1,0,0
Wise,25,Comptroller	of Public Accounts,,REP,DEBRA MEDINA,2,0,2,0
Wise,25,COMMISSIONER OF THE GENERAL LAND OFFICE,,REP,DAVID WATTS,5,1,4,0
Wise,25,COMMISSIONER OF THE GENERAL LAND OFFICE,,REP,Over Votes,0,0,0,0
Wise,25,COMMISSIONER OF THE GENERAL LAND OFFICE,,REP,Under Votes,1,0,1,0
Wise,25,COMMISSIONER OF THE GENERAL LAND OFFICE,,REP,GEORGE P. BUSH,8,6,2,0
Wise,25,Commissioner of Agriculture,,REP,J. ALLEN CARNES,1,0,1,0
Wise,25,Commissioner of Agriculture,,REP,Over Votes,0,0,0,0
Wise,25,Commissioner of Agriculture,,REP,Under Votes,4,3,1,0
Wise,25,Commissioner of Agriculture,,REP,TOMMY MERRITT,2,0,2,0
Wise,25,Commissioner of Agriculture,,REP,SID MILLER,2,0,2,0
Wise,25,Commissioner of Agriculture,,REP,ERIC OPIELA,3,2,1,0
Wise,25,Commissioner of Agriculture,,REP,JOE COTTEN,2,2,0,0
Wise,25,Railroad Commissioner,,REP,WAYNE CHRISTIAN,8,4,4,0
Wise,25,Railroad Commissioner,,REP,Over Votes,0,0,0,0
Wise,25,Railroad Commissioner,,REP,Under Votes,3,2,1,0
Wise,25,Railroad Commissioner,,REP,RYAN SITTON,1,1,0,0
Wise,25,Railroad Commissioner,,REP,MALACHI BOYULS,1,0,1,0
Wise,25,Railroad Commissioner,,REP,BECKY BERGER,1,0,1,0
Wise,25,"CHIEF JUSTICE, SUPREME COURT",,REP,NATHAN HECHT,8,3,5,0
Wise,25,"CHIEF JUSTICE, SUPREME COURT",,REP,Over Votes,0,0,0,0
Wise,25,"CHIEF JUSTICE, SUPREME COURT",,REP,Under Votes,3,2,1,0
Wise,25,"CHIEF JUSTICE, SUPREME COURT",,REP,ROBERT TALTON,3,2,1,0
Wise,25,"JUSTICE, SUPREME COURT, PLACE 6, UNEXPIRED TERM",,REP,JEFF BROWN,9,3,6,0
Wise,25,"JUSTICE, SUPREME COURT, PLACE 6, UNEXPIRED TERM",,REP,Over Votes,0,0,0,0
Wise,25,"JUSTICE, SUPREME COURT, PLACE 6, UNEXPIRED TERM",,REP,Under Votes,3,2,1,0
Wise,25,"JUSTICE, SUPREME COURT, PLACE 6, UNEXPIRED TERM",,REP,JOE POOL,2,2,0,0
Wise,25,"JUSTICE, SUPREME COURT, PLACE 7",,REP,JEFF BOYD,12,6,6,0
Wise,25,"JUSTICE, SUPREME COURT, PLACE 7",,REP,Over Votes,0,0,0,0
Wise,25,"JUSTICE, SUPREME COURT, PLACE 7",,REP,Under Votes,2,1,1,0
Wise,25,"JUSTICE, SUPREME COURT, PLACE 8",,REP,SHARON MCCALLY,1,0,1,0
Wise,25,"JUSTICE, SUPREME COURT, PLACE 8",,REP,Over Votes,0,0,0,0
Wise,25,"JUSTICE, SUPREME COURT, PLACE 8",,REP,Under Votes,3,2,1,0
Wise,25,"JUSTICE, SUPREME COURT, PLACE 8",,REP,PHIL JOHNSON,10,5,5,0
Wise,25,"JUDGE, COURT OF CRIMINAL APPEALS, PLACE 3",,REP,BERT RICHARDSON,10,5,5,0
Wise,25,"JUDGE, COURT OF CRIMINAL APPEALS, PLACE 3",,REP,Over Votes,0,0,0,0
Wise,25,"JUDGE, COURT OF CRIMINAL APPEALS, PLACE 3",,REP,Under Votes,3,2,1,0
Wise,25,"JUDGE, COURT OF CRIMINAL APPEALS, PLACE 3",,REP,BARBARA WALTHER,1,0,1,0
Wise,25,"JUDGE, COURT OF CRIMINAL APPEALS, PLACE 4",,REP,JANI JO WOOD,2,0,2,0
Wise,25,"JUDGE, COURT OF CRIMINAL APPEALS, PLACE 4",,REP,Over Votes,0,0,0,0
Wise,25,"JUDGE, COURT OF CRIMINAL APPEALS, PLACE 4",,REP,Under Votes,3,2,1,0
Wise,25,"JUDGE, COURT OF CRIMINAL APPEALS, PLACE 4",,REP,RICHARD DEAN DAVIS,7,5,2,0
Wise,25,"JUDGE, COURT OF CRIMINAL APPEALS, PLACE 4",,REP,KEVIN PATRICK YEARY,2,0,2,0
Wise,25,"JUDGE, COURT OF CRIMINAL APPEALS, PLACE 9",,REP,"W.C. ""BUD"" KIRKENDALL",5,2,3,0
Wise,25,"JUDGE, COURT OF CRIMINAL APPEALS, PLACE 9",,REP,Over Votes,0,0,0,0
Wise,25,"JUDGE, COURT OF CRIMINAL APPEALS, PLACE 9",,REP,Under Votes,3,2,1,0
Wise,25,"JUDGE, COURT OF CRIMINAL APPEALS, PLACE 9",,REP,DAVID NEWELL,6,3,3,0
Wise,25,"STATE SENATOR, DISTRICT 30",,REP,CRAIG ESTES,13,7,6,0
Wise,25,"STATE SENATOR, DISTRICT 30",,REP,Over Votes,0,0,0,0
Wise,25,"STATE SENATOR, DISTRICT 30",,REP,Under Votes,1,0,1,0
Wise,25,"STATE REPRESENTATIVE, DISTRICT 61",,REP,PHIL KING,13,7,6,0
Wise,25,"STATE REPRESENTATIVE, DISTRICT 61",,REP,Over Votes,0,0,0,0
Wise,25,"STATE REPRESENTATIVE, DISTRICT 61",,REP,Under Votes,1,0,1,0
Wise,25,"JUSTICE, 2ND COURT OF APPEALS, PLACE 2",,REP,BILL MEIER,13,7,6,0
Wise,25,"JUSTICE, 2ND COURT OF APPEALS, PLACE 2",,REP,Over Votes,0,0,0,0
Wise,25,"JUSTICE, 2ND COURT OF APPEALS, PLACE 2",,REP,Under Votes,1,0,1,0
Wise,25,"JUSTICE, 2ND COURT OF APPEALS, PLACE 7",,REP,LEE GABRIEL,12,6,6,0
Wise,25,"JUSTICE, 2ND COURT OF APPEALS, PLACE 7",,REP,Over Votes,0,0,0,0
Wise,25,"JUSTICE, 2ND COURT OF APPEALS, PLACE 7",,REP,Under Votes,2,1,1,0
Wise,25,"DISTRICT JUDGE, 271ST JUDICIAL DISTRICT",,REP,JOHN H. FOSTEL,12,6,6,0
Wise,25,"DISTRICT JUDGE, 271ST JUDICIAL DISTRICT",,REP,Over Votes,0,0,0,0
Wise,25,"DISTRICT JUDGE, 271ST JUDICIAL DISTRICT",,REP,Under Votes,2,1,1,0
Wise,25,COUNTY JUDGE,,REP,KYLE E. STEPHENS,3,1,2,0
Wise,25,COUNTY JUDGE,,REP,Over Votes,0,0,0,0
Wise,25,COUNTY JUDGE,,REP,Under Votes,2,1,1,0
Wise,25,COUNTY JUDGE,,REP,J.D. CLARK,9,5,4,0
Wise,25,COUNTY JUDGE,,REP,KEITH MCCOMIS,0,0,0,0
Wise,25,"JUDGE,COUNTY COURT AT LAW NUMBER 1",,REP,MELTON D. CUDE,12,6,6,0
Wise,25,"JUDGE,COUNTY COURT AT LAW NUMBER 1",,REP,Over Votes,0,0,0,0
Wise,25,"JUDGE,COUNTY COURT AT LAW NUMBER 1",,REP,Under Votes,2,1,1,0
Wise,25,DISTRICT CLERK,,REP,BRENDA STARNES ROWE,9,5,4,0
Wise,25,DISTRICT CLERK,,REP,Over Votes,0,0,0,0
Wise,25,DISTRICT CLERK,,REP,Under Votes,2,1,1,0
Wise,25,DISTRICT CLERK,,REP,CALLIE WATTS MANNING,3,1,2,0
Wise,25,COUNTY CLERK,,REP,SHERRY COURSEY LEMON,12,6,6,0
Wise,25,COUNTY CLERK,,REP,Over Votes,0,0,0,0
Wise,25,COUNTY CLERK,,REP,Under Votes,2,1,1,0
Wise,25,COUNTY TREASURER,,REP,KATHERINE CANOVA HUDSON,9,5,4,0
Wise,25,COUNTY TREASURER,,REP,Over Votes,0,0,0,0
Wise,25,COUNTY TREASURER,,REP,Under Votes,2,1,1,0
Wise,25,COUNTY TREASURER,,REP,DANIEL E. RIVAS,3,1,2,0
Wise,25,"JUSTICE OF THE PEACE, PRECINCT 3",,REP,MANDY HOPKINS HAYS,13,7,6,0
Wise,25,"JUSTICE OF THE PEACE, PRECINCT 3",,REP,Over Votes,0,0,0,0
Wise,25,"JUSTICE OF THE PEACE, PRECINCT 3",,REP,Under Votes,1,0,1,0
Wise,25,COUNTY CHAIRMAN,,REP,ALLEN L. WILLIAMSON,13,7,6,0
Wise,25,COUNTY CHAIRMAN,,REP,Over Votes,0,0,0,0
Wise,25,COUNTY CHAIRMAN,,REP,Under Votes,1,0,1,0
Wise,25,U.S. Senate D,,DEM,"MICHAEL ""FJET"" FJETLAND",1,0,1,0
Wise,25,U.S. Senate D,,DEM,Over Votes,0,0,0,0
Wise,25,U.S. Senate D,,DEM,Under Votes,1,1,0,0
Wise,25,U.S. Senate D,,DEM,MAXEY MARIE SCHERR,0,0,0,0
Wise,25,U.S. Senate D,,DEM,HARRY KIM,1,1,0,0
Wise,25,U.S. Senate D,,DEM,DAVID M. ALAMEEL,1,1,0,0
Wise,25,U.S. Senate D,,DEM,KESHA ROGERS,0,0,0,0
Wise,25,"U.S. REPRESENTATIVE, DISTRICT 12 D",,DEM,MARK GREENE,2,2,0,0
Wise,25,"U.S. REPRESENTATIVE, DISTRICT 12 D",,DEM,Over Votes,0,0,0,0
Wise,25,"U.S. REPRESENTATIVE, DISTRICT 12 D",,DEM,Under Votes,2,1,1,0
Wise,25,GOVERNOR D,,DEM,"REYNALDO ""RAY"" MADRIGAL",0,0,0,0
Wise,25,GOVERNOR D,,DEM,Over Votes,0,0,0,0
Wise,25,GOVERNOR D,,DEM,Under Votes,0,0,0,0
Wise,25,GOVERNOR D,,DEM,WENDY R. DAVIS,4,3,1,0
Wise,25,Lieutenant Governor D,,DEM,LETICIA VAN DE PUTTE,2,1,1,0
Wise,25,Lieutenant Governor D,,DEM,Over Votes,0,0,0,0
Wise,25,Lieutenant Governor D,,DEM,Under Votes,2,2,0,0
Wise,25,Attorney General D,,DEM,SAM HOUSTON,2,1,1,0
Wise,25,Attorney General D,,DEM,Over Votes,0,0,0,0
Wise,25,Attorney General D,,DEM,Under Votes,2,2,0,0
Wise,25,Comptroller	of Public Accounts D,,DEM,MIKE COLLIER,2,1,1,0
Wise,25,Comptroller	of Public Accounts D,,DEM,Over Votes,0,0,0,0
Wise,25,Comptroller	of Public Accounts D,,DEM,Under Votes,2,2,0,0
Wise,25,COMMISSIONER OF THE GENERAL LAND OFFICE D,,DEM,JOHN COOK,3,2,1,0
Wise,25,COMMISSIONER OF THE GENERAL LAND OFFICE D,,DEM,Over Votes,0,0,0,0
Wise,25,COMMISSIONER OF THE GENERAL LAND OFFICE D,,DEM,Under Votes,1,1,0,0
Wise,25,Commissioner of Agriculture D,,DEM,JIM HOGAN,3,2,1,0
Wise,25,Commissioner of Agriculture D,,DEM,Over Votes,0,0,0,0
Wise,25,Commissioner of Agriculture D,,DEM,Under Votes,1,1,0,0
Wise,25,Commissioner of Agriculture D,,DEM,"RICHARD ""KINKY"" FRIEDMAN",0,0,0,0
Wise,25,Commissioner of Agriculture D,,DEM,HUGH ASA FITZSIMONS III,0,0,0,0
Wise,25,Railroad Commissioner D,,DEM,STEVE BROWN,3,2,1,0
Wise,25,Railroad Commissioner D,,DEM,Over Votes,0,0,0,0
Wise,25,Railroad Commissioner D,,DEM,Under Votes,1,1,0,0
Wise,25,Railroad Commissioner D,,DEM,DALE HENRY,0,0,0,0
Wise,25,"CHIEF JUSTICE, SUPREME COURT D",,DEM,WILLIAM MOODY,3,2,1,0
Wise,25,"CHIEF JUSTICE, SUPREME COURT D",,DEM,Over Votes,0,0,0,0
Wise,25,"CHIEF JUSTICE, SUPREME COURT D",,DEM,Under Votes,1,1,0,0
Wise,25,"JUSTICE, SUPREME COURT, PLACE 6, UNEXPIRED TERM D",,DEM,LAWRENCE EDWARD MEYERS,3,2,1,0
Wise,25,"JUSTICE, SUPREME COURT, PLACE 6, UNEXPIRED TERM D",,DEM,Over Votes,0,0,0,0
Wise,25,"JUSTICE, SUPREME COURT, PLACE 6, UNEXPIRED TERM D",,DEM,Under Votes,1,1,0,0
Wise,25,"JUSTICE, SUPREME COURT, PLACE 7 D",,DEM,GINA BENAVIDES,3,2,1,0
Wise,25,"JUSTICE, SUPREME COURT, PLACE 7 D",,DEM,Over Votes,0,0,0,0
Wise,25,"JUSTICE, SUPREME COURT, PLACE 7 D",,DEM,Under Votes,1,1,0,0
Wise,25,"JUDGE, COURT OF CRIMINAL APPEALS, PLACE 3 D",,DEM,JOHN GRANBERG,3,2,1,0
Wise,25,"JUDGE, COURT OF CRIMINAL APPEALS, PLACE 3 D",,DEM,Over Votes,0,0,0,0
Wise,25,"JUDGE, COURT OF CRIMINAL APPEALS, PLACE 3 D",,DEM,Under Votes,1,1,0,0
Wise,25,"STATE REPRESENTATIVE, DISTRICT 61 D",,DEM,MATTHEW BRITT,3,2,1,0
Wise,25,"STATE REPRESENTATIVE, DISTRICT 61 D",,DEM,Over Votes,0,0,0,0
Wise,25,"STATE REPRESENTATIVE, DISTRICT 61 D",,DEM,Under Votes,1,1,0,0
Wise,25,COUNTY JUDGE D,,DEM,"JAMES ""JIM"" STEGALL",2,2,0,0
Wise,25,COUNTY JUDGE D,,DEM,Over Votes,0,0,0,0
Wise,25,COUNTY JUDGE D,,DEM,Under Votes,2,1,1,0
Wise,25,COUNTY PARTY CHAIR D,,DEM,TRACY A. SMITH,3,2,1,0
Wise,25,COUNTY PARTY CHAIR D,,DEM,Over Votes,0,0,0,0
Wise,25,COUNTY PARTY CHAIR D,,DEM,Under Votes,1,1,0,0
Wise,25,RELIGIOUS FREEDOM,,,YES,13,7,6,0
Wise,25,RELIGIOUS FREEDOM,,,Over Votes,0,0,0,0
Wise,25,RELIGIOUS FREEDOM,,,Under Votes,1,0,1,0
Wise,25,RELIGIOUS FREEDOM,,,NO,0,0,0,0
Wise,25,ON IMMIGRATION REFORM D,,,FOR,2,2,0,0
Wise,25,ON IMMIGRATION REFORM D,,,Over Votes,0,0,0,0
Wise,25,ON IMMIGRATION REFORM D,,,Under Votes,1,1,0,0
Wise,25,ON IMMIGRATION REFORM D,,,AGAINST,1,0,1,0
Wise,25,SECOND AMENDMENT,,,YES,13,7,6,0
Wise,25,SECOND AMENDMENT,,,Over Votes,0,0,0,0
Wise,25,SECOND AMENDMENT,,,Under Votes,1,0,1,0
Wise,25,SECOND AMENDMENT,,,NO,0,0,0,0
Wise,25,A LIVING WAGE FOR ALL TEXANS D,,,FOR,4,3,1,0
Wise,25,A LIVING WAGE FOR ALL TEXANS D,,,Over Votes,0,0,0,0
Wise,25,A LIVING WAGE FOR ALL TEXANS D,,,Under Votes,0,0,0,0
Wise,25,A LIVING WAGE FOR ALL TEXANS D,,,AGAINST,0,0,0,0
Wise,25,FRANCHISE TAX,,,YES,12,7,5,0
Wise,25,FRANCHISE TAX,,,Over Votes,0,0,0,0
Wise,25,FRANCHISE TAX,,,Under Votes,1,0,1,0
Wise,25,FRANCHISE TAX,,,NO,1,0,1,0
Wise,25,MEDICAID EXPANSION D,,,FOR,4,3,1,0
Wise,25,MEDICAID EXPANSION D,,,Over Votes,0,0,0,0
Wise,25,MEDICAID EXPANSION D,,,Under Votes,0,0,0,0
Wise,25,MEDICAID EXPANSION D,,,AGAINST,0,0,0,0
Wise,25,WELFARE REFORM,,,YES,12,7,5,0
Wise,25,WELFARE REFORM,,,Over Votes,0,0,0,0
Wise,25,WELFARE REFORM,,,Under Votes,1,0,1,0
Wise,25,WELFARE REFORM,,,NO,1,0,1,0
Wise,25,ON NON-DISCRIMINATION LEGISLATION D,,,FOR,4,3,1,0
Wise,25,ON NON-DISCRIMINATION LEGISLATION D,,,Over Votes,0,0,0,0
Wise,25,ON NON-DISCRIMINATION LEGISLATION D,,,Under Votes,0,0,0,0
Wise,25,ON NON-DISCRIMINATION LEGISLATION D,,,AGAINST,0,0,0,0
Wise,25,NO LAWMAKER EXCEPTIONS,,,YES,13,7,6,0
Wise,25,NO LAWMAKER EXCEPTIONS,,,Over Votes,0,0,0,0
Wise,25,NO LAWMAKER EXCEPTIONS,,,Under Votes,1,0,1,0
Wise,25,NO LAWMAKER EXCEPTIONS,,,NO,0,0,0,0
Wise,25,OBAMACARE,,,YES,13,7,6,0
Wise,25,OBAMACARE,,,Over Votes,0,0,0,0
Wise,25,OBAMACARE,,,Under Votes,1,0,1,0
Wise,25,OBAMACARE,,,NO,0,0,0,0
Wise,27,U.S. Senate,,REP,JOHN CORNYN,177,77,100,0
Wise,27,U.S. Senate,,REP,Over Votes,0,0,0,0
Wise,27,U.S. Senate,,REP,Under Votes,8,4,4,0
Wise,27,U.S. Senate,,REP,REID REASOR,11,1,10,0
Wise,27,U.S. Senate,,REP,STEVE STOCKMAN,92,29,63,0
Wise,27,U.S. Senate,,REP,CURT CLEAVER,5,0,5,0
Wise,27,U.S. Senate,,REP,LINDA VEGA,10,2,8,0
Wise,27,U.S. Senate,,REP,KEN COPE,3,0,3,0
Wise,27,U.S. Senate,,REP,DWAYNE STOVALL,29,12,17,0
Wise,27,U.S. Senate,,REP,CHRIS MAPP,5,4,1,0
Wise,27,"U.S. REPRESENTATIVE, DISTRICT 12",,REP,KAY GRANGER,292,110,182,0
Wise,27,"U.S. REPRESENTATIVE, DISTRICT 12",,REP,Over Votes,0,0,0,0
Wise,27,"U.S. REPRESENTATIVE, DISTRICT 12",,REP,Under Votes,48,19,29,0
Wise,27,GOVERNOR,,REP,MIRIAM MARTINEZ,12,4,8,0
Wise,27,GOVERNOR,,REP,Over Votes,0,0,0,0
Wise,27,GOVERNOR,,REP,Under Votes,9,3,6,0
Wise,27,GOVERNOR,,REP,GREG ABBOTT,297,115,182,0
Wise,27,GOVERNOR,,REP,LISA FRITSCH,15,6,9,0
Wise,27,GOVERNOR,,REP,SECEDE KILGORE,7,1,6,0
Wise,27,Lieutenant Governor,,REP,DAN PATRICK,147,50,97,0
Wise,27,Lieutenant Governor,,REP,Over Votes,2,2,0,0
Wise,27,Lieutenant Governor,,REP,Under Votes,8,4,4,0
Wise,27,Lieutenant Governor,,REP,JERRY PATTERSON,37,17,20,0
Wise,27,Lieutenant Governor,,REP,TODD STAPLES,75,27,48,0
Wise,27,Lieutenant Governor,,REP,DAVID DEWHURST,71,29,42,0
Wise,27,Attorney General,,REP,DAN BRANCH,108,36,72,0
Wise,27,Attorney General,,REP,Over Votes,0,0,0,0
Wise,27,Attorney General,,REP,Under Votes,14,7,7,0
Wise,27,Attorney General,,REP,KEN PAXTON,176,61,115,0
Wise,27,Attorney General,,REP,BARRY SMITHERMAN,42,25,17,0
Wise,27,Comptroller	of Public Accounts,,REP,RAUL TORRES,17,4,13,0
Wise,27,Comptroller	of Public Accounts,,REP,Over Votes,0,0,0,0
Wise,27,Comptroller	of Public Accounts,,REP,Under Votes,26,8,18,0
Wise,27,Comptroller	of Public Accounts,,REP,GLEN HEGAR,146,56,90,0
Wise,27,Comptroller	of Public Accounts,,REP,HARVEY HILDERBRAN,67,31,36,0
Wise,27,Comptroller	of Public Accounts,,REP,DEBRA MEDINA,84,30,54,0
Wise,27,COMMISSIONER OF THE GENERAL LAND OFFICE,,REP,DAVID WATTS,116,39,77,0
Wise,27,COMMISSIONER OF THE GENERAL LAND OFFICE,,REP,Over Votes,0,0,0,0
Wise,27,COMMISSIONER OF THE GENERAL LAND OFFICE,,REP,Under Votes,13,5,8,0
Wise,27,COMMISSIONER OF THE GENERAL LAND OFFICE,,REP,GEORGE P. BUSH,211,85,126,0
Wise,27,Commissioner of Agriculture,,REP,J. ALLEN CARNES,38,13,25,0
Wise,27,Commissioner of Agriculture,,REP,Over Votes,0,0,0,0
Wise,27,Commissioner of Agriculture,,REP,Under Votes,20,10,10,0
Wise,27,Commissioner of Agriculture,,REP,TOMMY MERRITT,39,16,23,0
Wise,27,Commissioner of Agriculture,,REP,SID MILLER,100,50,50,0
Wise,27,Commissioner of Agriculture,,REP,ERIC OPIELA,106,22,84,0
Wise,27,Commissioner of Agriculture,,REP,JOE COTTEN,37,18,19,0
Wise,27,Railroad Commissioner,,REP,WAYNE CHRISTIAN,153,53,100,0
Wise,27,Railroad Commissioner,,REP,Over Votes,0,0,0,0
Wise,27,Railroad Commissioner,,REP,Under Votes,34,11,23,0
Wise,27,Railroad Commissioner,,REP,RYAN SITTON,83,39,44,0
Wise,27,Railroad Commissioner,,REP,MALACHI BOYULS,20,3,17,0
Wise,27,Railroad Commissioner,,REP,BECKY BERGER,50,23,27,0
Wise,27,"CHIEF JUSTICE, SUPREME COURT",,REP,NATHAN HECHT,195,63,132,0
Wise,27,"CHIEF JUSTICE, SUPREME COURT",,REP,Over Votes,0,0,0,0
Wise,27,"CHIEF JUSTICE, SUPREME COURT",,REP,Under Votes,38,13,25,0
Wise,27,"CHIEF JUSTICE, SUPREME COURT",,REP,ROBERT TALTON,107,53,54,0
Wise,27,"JUSTICE, SUPREME COURT, PLACE 6, UNEXPIRED TERM",,REP,JEFF BROWN,231,86,145,0
Wise,27,"JUSTICE, SUPREME COURT, PLACE 6, UNEXPIRED TERM",,REP,Over Votes,0,0,0,0
Wise,27,"JUSTICE, SUPREME COURT, PLACE 6, UNEXPIRED TERM",,REP,Under Votes,37,15,22,0
Wise,27,"JUSTICE, SUPREME COURT, PLACE 6, UNEXPIRED TERM",,REP,JOE POOL,72,28,44,0
Wise,27,"JUSTICE, SUPREME COURT, PLACE 7",,REP,JEFF BOYD,282,104,178,0
Wise,27,"JUSTICE, SUPREME COURT, PLACE 7",,REP,Over Votes,0,0,0,0
Wise,27,"JUSTICE, SUPREME COURT, PLACE 7",,REP,Under Votes,58,25,33,0
Wise,27,"JUSTICE, SUPREME COURT, PLACE 8",,REP,SHARON MCCALLY,103,44,59,0
Wise,27,"JUSTICE, SUPREME COURT, PLACE 8",,REP,Over Votes,0,0,0,0
Wise,27,"JUSTICE, SUPREME COURT, PLACE 8",,REP,Under Votes,37,15,22,0
Wise,27,"JUSTICE, SUPREME COURT, PLACE 8",,REP,PHIL JOHNSON,200,70,130,0
Wise,27,"JUDGE, COURT OF CRIMINAL APPEALS, PLACE 3",,REP,BERT RICHARDSON,197,76,121,0
Wise,27,"JUDGE, COURT OF CRIMINAL APPEALS, PLACE 3",,REP,Over Votes,0,0,0,0
Wise,27,"JUDGE, COURT OF CRIMINAL APPEALS, PLACE 3",,REP,Under Votes,50,19,31,0
Wise,27,"JUDGE, COURT OF CRIMINAL APPEALS, PLACE 3",,REP,BARBARA WALTHER,93,34,59,0
Wise,27,"JUDGE, COURT OF CRIMINAL APPEALS, PLACE 4",,REP,JANI JO WOOD,60,21,39,0
Wise,27,"JUDGE, COURT OF CRIMINAL APPEALS, PLACE 4",,REP,Over Votes,0,0,0,0
Wise,27,"JUDGE, COURT OF CRIMINAL APPEALS, PLACE 4",,REP,Under Votes,41,15,26,0
Wise,27,"JUDGE, COURT OF CRIMINAL APPEALS, PLACE 4",,REP,RICHARD DEAN DAVIS,96,31,65,0
Wise,27,"JUDGE, COURT OF CRIMINAL APPEALS, PLACE 4",,REP,KEVIN PATRICK YEARY,143,62,81,0
Wise,27,"JUDGE, COURT OF CRIMINAL APPEALS, PLACE 9",,REP,"W.C. ""BUD"" KIRKENDALL",165,70,95,0
Wise,27,"JUDGE, COURT OF CRIMINAL APPEALS, PLACE 9",,REP,Over Votes,0,0,0,0
Wise,27,"JUDGE, COURT OF CRIMINAL APPEALS, PLACE 9",,REP,Under Votes,51,18,33,0
Wise,27,"JUDGE, COURT OF CRIMINAL APPEALS, PLACE 9",,REP,DAVID NEWELL,124,41,83,0
Wise,27,"STATE SENATOR, DISTRICT 30",,REP,CRAIG ESTES,279,104,175,0
Wise,27,"STATE SENATOR, DISTRICT 30",,REP,Over Votes,0,0,0,0
Wise,27,"STATE SENATOR, DISTRICT 30",,REP,Under Votes,61,25,36,0
Wise,27,"STATE REPRESENTATIVE, DISTRICT 61",,REP,PHIL KING,288,107,181,0
Wise,27,"STATE REPRESENTATIVE, DISTRICT 61",,REP,Over Votes,0,0,0,0
Wise,27,"STATE REPRESENTATIVE, DISTRICT 61",,REP,Under Votes,52,22,30,0
Wise,27,"JUSTICE, 2ND COURT OF APPEALS, PLACE 2",,REP,BILL MEIER,264,99,165,0
Wise,27,"JUSTICE, 2ND COURT OF APPEALS, PLACE 2",,REP,Over Votes,0,0,0,0
Wise,27,"JUSTICE, 2ND COURT OF APPEALS, PLACE 2",,REP,Under Votes,76,30,46,0
Wise,27,"JUSTICE, 2ND COURT OF APPEALS, PLACE 7",,REP,LEE GABRIEL,251,92,159,0
Wise,27,"JUSTICE, 2ND COURT OF APPEALS, PLACE 7",,REP,Over Votes,0,0,0,0
Wise,27,"JUSTICE, 2ND COURT OF APPEALS, PLACE 7",,REP,Under Votes,89,37,52,0
Wise,27,"DISTRICT JUDGE, 271ST JUDICIAL DISTRICT",,REP,JOHN H. FOSTEL,275,104,171,0
Wise,27,"DISTRICT JUDGE, 271ST JUDICIAL DISTRICT",,REP,Over Votes,0,0,0,0
Wise,27,"DISTRICT JUDGE, 271ST JUDICIAL DISTRICT",,REP,Under Votes,65,25,40,0
Wise,27,COUNTY JUDGE,,REP,KYLE E. STEPHENS,71,26,45,0
Wise,27,COUNTY JUDGE,,REP,Over Votes,0,0,0,0
Wise,27,COUNTY JUDGE,,REP,Under Votes,38,15,23,0
Wise,27,COUNTY JUDGE,,REP,J.D. CLARK,154,64,90,0
Wise,27,COUNTY JUDGE,,REP,KEITH MCCOMIS,77,24,53,0
Wise,27,"JUDGE,COUNTY COURT AT LAW NUMBER 1",,REP,MELTON D. CUDE,270,102,168,0
Wise,27,"JUDGE,COUNTY COURT AT LAW NUMBER 1",,REP,Over Votes,0,0,0,0
Wise,27,"JUDGE,COUNTY COURT AT LAW NUMBER 1",,REP,Under Votes,70,27,43,0
Wise,27,DISTRICT CLERK,,REP,BRENDA STARNES ROWE,195,81,114,0
Wise,27,DISTRICT CLERK,,REP,Over Votes,0,0,0,0
Wise,27,DISTRICT CLERK,,REP,Under Votes,42,13,29,0
Wise,27,DISTRICT CLERK,,REP,CALLIE WATTS MANNING,103,35,68,0
Wise,27,COUNTY CLERK,,REP,SHERRY COURSEY LEMON,273,105,168,0
Wise,27,COUNTY CLERK,,REP,Over Votes,0,0,0,0
Wise,27,COUNTY CLERK,,REP,Under Votes,67,24,43,0
Wise,27,COUNTY TREASURER,,REP,KATHERINE CANOVA HUDSON,226,90,136,0
Wise,27,COUNTY TREASURER,,REP,Over Votes,0,0,0,0
Wise,27,COUNTY TREASURER,,REP,Under Votes,35,11,24,0
Wise,27,COUNTY TREASURER,,REP,DANIEL E. RIVAS,79,28,51,0
Wise,27,"JUSTICE OF THE PEACE, PRECINCT 3",,REP,MANDY HOPKINS HAYS,280,103,177,0
Wise,27,"JUSTICE OF THE PEACE, PRECINCT 3",,REP,Over Votes,0,0,0,0
Wise,27,"JUSTICE OF THE PEACE, PRECINCT 3",,REP,Under Votes,60,26,34,0
Wise,27,COUNTY CHAIRMAN,,REP,ALLEN L. WILLIAMSON,275,101,174,0
Wise,27,COUNTY CHAIRMAN,,REP,Over Votes,0,0,0,0
Wise,27,COUNTY CHAIRMAN,,REP,Under Votes,65,28,37,0
Wise,27,U.S. Senate D,,DEM,"MICHAEL ""FJET"" FJETLAND",1,1,0,0
Wise,27,U.S. Senate D,,DEM,Over Votes,0,0,0,0
Wise,27,U.S. Senate D,,DEM,Under Votes,3,1,2,0
Wise,27,U.S. Senate D,,DEM,MAXEY MARIE SCHERR,8,2,6,0
Wise,27,U.S. Senate D,,DEM,HARRY KIM,2,1,1,0
Wise,27,U.S. Senate D,,DEM,DAVID M. ALAMEEL,27,18,9,0
Wise,27,U.S. Senate D,,DEM,KESHA ROGERS,8,5,3,0
Wise,27,"U.S. REPRESENTATIVE, DISTRICT 12 D",,DEM,MARK GREENE,42,26,16,0
Wise,27,"U.S. REPRESENTATIVE, DISTRICT 12 D",,DEM,Over Votes,0,0,0,0
Wise,27,"U.S. REPRESENTATIVE, DISTRICT 12 D",,DEM,Under Votes,7,2,5,0
Wise,27,GOVERNOR D,,DEM,"REYNALDO ""RAY"" MADRIGAL",4,4,0,0
Wise,27,GOVERNOR D,,DEM,Over Votes,0,0,0,0
Wise,27,GOVERNOR D,,DEM,Under Votes,1,0,1,0
Wise,27,GOVERNOR D,,DEM,WENDY R. DAVIS,44,24,20,0
Wise,27,Lieutenant Governor D,,DEM,LETICIA VAN DE PUTTE,41,25,16,0
Wise,27,Lieutenant Governor D,,DEM,Over Votes,0,0,0,0
Wise,27,Lieutenant Governor D,,DEM,Under Votes,8,3,5,0
Wise,27,Attorney General D,,DEM,SAM HOUSTON,45,27,18,0
Wise,27,Attorney General D,,DEM,Over Votes,0,0,0,0
Wise,27,Attorney General D,,DEM,Under Votes,4,1,3,0
Wise,27,Comptroller	of Public Accounts D,,DEM,MIKE COLLIER,45,27,18,0
Wise,27,Comptroller	of Public Accounts D,,DEM,Over Votes,0,0,0,0
Wise,27,Comptroller	of Public Accounts D,,DEM,Under Votes,4,1,3,0
Wise,27,COMMISSIONER OF THE GENERAL LAND OFFICE D,,DEM,JOHN COOK,42,25,17,0
Wise,27,COMMISSIONER OF THE GENERAL LAND OFFICE D,,DEM,Over Votes,0,0,0,0
Wise,27,COMMISSIONER OF THE GENERAL LAND OFFICE D,,DEM,Under Votes,7,3,4,0
Wise,27,Commissioner of Agriculture D,,DEM,JIM HOGAN,28,17,11,0
Wise,27,Commissioner of Agriculture D,,DEM,Over Votes,0,0,0,0
Wise,27,Commissioner of Agriculture D,,DEM,Under Votes,3,0,3,0
Wise,27,Commissioner of Agriculture D,,DEM,"RICHARD ""KINKY"" FRIEDMAN",12,6,6,0
Wise,27,Commissioner of Agriculture D,,DEM,HUGH ASA FITZSIMONS III,6,5,1,0
Wise,27,Railroad Commissioner D,,DEM,STEVE BROWN,24,12,12,0
Wise,27,Railroad Commissioner D,,DEM,Over Votes,0,0,0,0
Wise,27,Railroad Commissioner D,,DEM,Under Votes,8,4,4,0
Wise,27,Railroad Commissioner D,,DEM,DALE HENRY,17,12,5,0
Wise,27,"CHIEF JUSTICE, SUPREME COURT D",,DEM,WILLIAM MOODY,43,26,17,0
Wise,27,"CHIEF JUSTICE, SUPREME COURT D",,DEM,Over Votes,0,0,0,0
Wise,27,"CHIEF JUSTICE, SUPREME COURT D",,DEM,Under Votes,6,2,4,0
Wise,27,"JUSTICE, SUPREME COURT, PLACE 6, UNEXPIRED TERM D",,DEM,LAWRENCE EDWARD MEYERS,41,25,16,0
Wise,27,"JUSTICE, SUPREME COURT, PLACE 6, UNEXPIRED TERM D",,DEM,Over Votes,0,0,0,0
Wise,27,"JUSTICE, SUPREME COURT, PLACE 6, UNEXPIRED TERM D",,DEM,Under Votes,8,3,5,0
Wise,27,"JUSTICE, SUPREME COURT, PLACE 7 D",,DEM,GINA BENAVIDES,43,27,16,0
Wise,27,"JUSTICE, SUPREME COURT, PLACE 7 D",,DEM,Over Votes,0,0,0,0
Wise,27,"JUSTICE, SUPREME COURT, PLACE 7 D",,DEM,Under Votes,6,1,5,0
Wise,27,"JUDGE, COURT OF CRIMINAL APPEALS, PLACE 3 D",,DEM,JOHN GRANBERG,41,25,16,0
Wise,27,"JUDGE, COURT OF CRIMINAL APPEALS, PLACE 3 D",,DEM,Over Votes,0,0,0,0
Wise,27,"JUDGE, COURT OF CRIMINAL APPEALS, PLACE 3 D",,DEM,Under Votes,8,3,5,0
Wise,27,"STATE REPRESENTATIVE, DISTRICT 61 D",,DEM,MATTHEW BRITT,40,25,15,0
Wise,27,"STATE REPRESENTATIVE, DISTRICT 61 D",,DEM,Over Votes,0,0,0,0
Wise,27,"STATE REPRESENTATIVE, DISTRICT 61 D",,DEM,Under Votes,9,3,6,0
Wise,27,COUNTY JUDGE D,,DEM,"JAMES ""JIM"" STEGALL",43,27,16,0
Wise,27,COUNTY JUDGE D,,DEM,Over Votes,0,0,0,0
Wise,27,COUNTY JUDGE D,,DEM,Under Votes,6,1,5,0
Wise,27,COUNTY PARTY CHAIR D,,DEM,TRACY A. SMITH,41,26,15,0
Wise,27,COUNTY PARTY CHAIR D,,DEM,Over Votes,0,0,0,0
Wise,27,COUNTY PARTY CHAIR D,,DEM,Under Votes,8,2,6,0
Wise,27,RELIGIOUS FREEDOM,,,YES,326,122,204,0
Wise,27,RELIGIOUS FREEDOM,,,Over Votes,0,0,0,0
Wise,27,RELIGIOUS FREEDOM,,,Under Votes,7,4,3,0
Wise,27,RELIGIOUS FREEDOM,,,NO,7,3,4,0
Wise,27,ON IMMIGRATION REFORM D,,,FOR,36,20,16,0
Wise,27,ON IMMIGRATION REFORM D,,,Over Votes,0,0,0,0
Wise,27,ON IMMIGRATION REFORM D,,,Under Votes,3,1,2,0
Wise,27,ON IMMIGRATION REFORM D,,,AGAINST,10,7,3,0
Wise,27,SECOND AMENDMENT,,,YES,312,120,192,0
Wise,27,SECOND AMENDMENT,,,Over Votes,0,0,0,0
Wise,27,SECOND AMENDMENT,,,Under Votes,8,4,4,0
Wise,27,SECOND AMENDMENT,,,NO,20,5,15,0
Wise,27,A LIVING WAGE FOR ALL TEXANS D,,,FOR,45,25,20,0
Wise,27,A LIVING WAGE FOR ALL TEXANS D,,,Over Votes,0,0,0,0
Wise,27,A LIVING WAGE FOR ALL TEXANS D,,,Under Votes,1,1,0,0
Wise,27,A LIVING WAGE FOR ALL TEXANS D,,,AGAINST,3,2,1,0
Wise,27,FRANCHISE TAX,,,YES,289,109,180,0
Wise,27,FRANCHISE TAX,,,Over Votes,0,0,0,0
Wise,27,FRANCHISE TAX,,,Under Votes,15,5,10,0
Wise,27,FRANCHISE TAX,,,NO,36,15,21,0
Wise,27,MEDICAID EXPANSION D,,,FOR,43,26,17,0
Wise,27,MEDICAID EXPANSION D,,,Over Votes,0,0,0,0
Wise,27,MEDICAID EXPANSION D,,,Under Votes,2,1,1,0
Wise,27,MEDICAID EXPANSION D,,,AGAINST,4,1,3,0
Wise,27,WELFARE REFORM,,,YES,317,116,201,0
Wise,27,WELFARE REFORM,,,Over Votes,0,0,0,0
Wise,27,WELFARE REFORM,,,Under Votes,9,5,4,0
Wise,27,WELFARE REFORM,,,NO,14,8,6,0
Wise,27,ON NON-DISCRIMINATION LEGISLATION D,,,FOR,36,21,15,0
Wise,27,ON NON-DISCRIMINATION LEGISLATION D,,,Over Votes,0,0,0,0
Wise,27,ON NON-DISCRIMINATION LEGISLATION D,,,Under Votes,2,1,1,0
Wise,27,ON NON-DISCRIMINATION LEGISLATION D,,,AGAINST,11,6,5,0
Wise,27,NO LAWMAKER EXCEPTIONS,,,YES,329,123,206,0
Wise,27,NO LAWMAKER EXCEPTIONS,,,Over Votes,0,0,0,0
Wise,27,NO LAWMAKER EXCEPTIONS,,,Under Votes,8,3,5,0
Wise,27,NO LAWMAKER EXCEPTIONS,,,NO,3,3,0,0
Wise,27,OBAMACARE,,,YES,312,117,195,0
Wise,27,OBAMACARE,,,Over Votes,0,0,0,0
Wise,27,OBAMACARE,,,Under Votes,9,5,4,0
Wise,27,OBAMACARE,,,NO,19,7,12,0
